,gate_estimate_arm0,gate_estimate_arm1,gate_estimate,name,type,recency,delta,num_cells_per_dim,time_block_length,n,T,burn-in,frac_param,kappa,true_GATE
0,0.5529260990826473,0.9239340706019153,0.371007971519268,"Horvitz-Thompson(recency=5.0,delta=0.20)",HT,5.0,0.2,10,20,169,10000,,yes,0.035,0.9111475905555232
1,0.5321100838374241,0.9967273013352477,0.4646172174978236,"Horvitz-Thompson(recency=5.0,delta=0.20)",HT,5.0,0.2,10,20,169,10000,,yes,0.035,0.9111475905555232
2,0.5423345266827405,0.9437863212548385,0.401451794572098,"Horvitz-Thompson(recency=5.0,delta=0.20)",HT,5.0,0.2,10,20,169,10000,,yes,0.035,0.9111475905555232
3,0.5319136881369884,0.9874262583612745,0.45551257022428615,"Horvitz-Thompson(recency=5.0,delta=0.20)",HT,5.0,0.2,10,20,169,10000,,yes,0.035,0.9111475905555232
4,0.5122614831684045,1.0335297600203268,0.5212682768519223,"Horvitz-Thompson(recency=5.0,delta=0.20)",HT,5.0,0.2,10,20,169,10000,,yes,0.035,0.9111475905555232
5,0.5297282569655232,0.9992516890075953,0.46952343204207214,"Horvitz-Thompson(recency=5.0,delta=0.20)",HT,5.0,0.2,10,20,169,10000,,yes,0.035,0.9111475905555232
6,0.5587357529737359,0.926878311860705,0.3681425588869691,"Horvitz-Thompson(recency=5.0,delta=0.20)",HT,5.0,0.2,10,20,169,10000,,yes,0.035,0.9111475905555232
7,0.5324982329003473,0.9844268335923123,0.45192860069196505,"Horvitz-Thompson(recency=5.0,delta=0.20)",HT,5.0,0.2,10,20,169,10000,,yes,0.035,0.9111475905555232
8,0.5359564030085654,0.9541471766847186,0.4181907736761532,"Horvitz-Thompson(recency=5.0,delta=0.20)",HT,5.0,0.2,10,20,169,10000,,yes,0.035,0.9111475905555232
9,0.550489334123631,0.9447598663140684,0.3942705321904374,"Horvitz-Thompson(recency=5.0,delta=0.20)",HT,5.0,0.2,10,20,169,10000,,yes,0.035,0.9111475905555232
10,0.5465151743560853,0.9580019434186858,0.4114867690626005,"Horvitz-Thompson(recency=5.0,delta=0.20)",HT,5.0,0.2,10,20,169,10000,,yes,0.035,0.9111475905555232
11,0.515656093595907,0.9942325683300889,0.47857647473418186,"Horvitz-Thompson(recency=5.0,delta=0.20)",HT,5.0,0.2,10,20,169,10000,,yes,0.035,0.9111475905555232
12,0.5434610406960418,0.9140904000368179,0.370629359340776,"Horvitz-Thompson(recency=5.0,delta=0.20)",HT,5.0,0.2,10,20,169,10000,,yes,0.035,0.9111475905555232
13,0.5149663006593841,1.0079980297980868,0.49303172913870275,"Horvitz-Thompson(recency=5.0,delta=0.20)",HT,5.0,0.2,10,20,169,10000,,yes,0.035,0.9111475905555232
14,0.5473197857642962,0.9611279756980537,0.41380818993375756,"Horvitz-Thompson(recency=5.0,delta=0.20)",HT,5.0,0.2,10,20,169,10000,,yes,0.035,0.9111475905555232
15,0.5578120901426503,0.955499821543489,0.3976877314008387,"Horvitz-Thompson(recency=5.0,delta=0.20)",HT,5.0,0.2,10,20,169,10000,,yes,0.035,0.9111475905555232
16,0.5667988880946576,0.9022997855323268,0.3355008974376692,"Horvitz-Thompson(recency=5.0,delta=0.20)",HT,5.0,0.2,10,20,169,10000,,yes,0.035,0.9111475905555232
17,0.528182582482494,0.9759110337045914,0.4477284512220975,"Horvitz-Thompson(recency=5.0,delta=0.20)",HT,5.0,0.2,10,20,169,10000,,yes,0.035,0.9111475905555232
18,0.5311694326181694,0.9544288336689893,0.42325940105081994,"Horvitz-Thompson(recency=5.0,delta=0.20)",HT,5.0,0.2,10,20,169,10000,,yes,0.035,0.9111475905555232
19,0.5231208931903629,0.9589270335445065,0.43580614035414356,"Horvitz-Thompson(recency=5.0,delta=0.20)",HT,5.0,0.2,10,20,169,10000,,yes,0.035,0.9111475905555232
20,0.5187534591938389,0.9942290526901808,0.47547559349634194,"Horvitz-Thompson(recency=5.0,delta=0.20)",HT,5.0,0.2,10,20,169,10000,,yes,0.035,0.9111475905555232
21,0.5656269303239269,0.9267547450907644,0.36112781476683753,"Horvitz-Thompson(recency=5.0,delta=0.20)",HT,5.0,0.2,10,20,169,10000,,yes,0.035,0.9111475905555232
22,0.5433544311227252,0.9460884397486429,0.4027340086259177,"Horvitz-Thompson(recency=5.0,delta=0.20)",HT,5.0,0.2,10,20,169,10000,,yes,0.035,0.9111475905555232
23,0.5290891853102937,0.9517193041364371,0.42263011882614343,"Horvitz-Thompson(recency=5.0,delta=0.20)",HT,5.0,0.2,10,20,169,10000,,yes,0.035,0.9111475905555232
24,0.5304069880382952,0.920834993379629,0.3904280053413338,"Horvitz-Thompson(recency=5.0,delta=0.20)",HT,5.0,0.2,10,20,169,10000,,yes,0.035,0.9111475905555232
25,0.5681448264666139,0.9584910748508888,0.3903462483842749,"Horvitz-Thompson(recency=5.0,delta=0.20)",HT,5.0,0.2,10,20,169,10000,,yes,0.035,0.9111475905555232
26,0.5376235038367577,0.9854411354874965,0.44781763165073873,"Horvitz-Thompson(recency=5.0,delta=0.20)",HT,5.0,0.2,10,20,169,10000,,yes,0.035,0.9111475905555232
27,0.5590793333665461,0.9406833761223934,0.38160404275584725,"Horvitz-Thompson(recency=5.0,delta=0.20)",HT,5.0,0.2,10,20,169,10000,,yes,0.035,0.9111475905555232
28,0.552912699986963,0.9265460796927639,0.3736333797058009,"Horvitz-Thompson(recency=5.0,delta=0.20)",HT,5.0,0.2,10,20,169,10000,,yes,0.035,0.9111475905555232
29,0.5165882034457356,0.97113302050044,0.4545448170547044,"Horvitz-Thompson(recency=5.0,delta=0.20)",HT,5.0,0.2,10,20,169,10000,,yes,0.035,0.9111475905555232
30,0.5615979382252794,0.9140699216283462,0.35247198340306685,"Horvitz-Thompson(recency=5.0,delta=0.20)",HT,5.0,0.2,10,20,169,10000,,yes,0.035,0.9111475905555232
31,0.5209475705414588,0.9918350539962202,0.4708874834547614,"Horvitz-Thompson(recency=5.0,delta=0.20)",HT,5.0,0.2,10,20,169,10000,,yes,0.035,0.9111475905555232
32,0.5585181544366817,0.9983236244915237,0.43980547005484194,"Horvitz-Thompson(recency=5.0,delta=0.20)",HT,5.0,0.2,10,20,169,10000,,yes,0.035,0.9111475905555232
33,0.5332406078394349,0.975716984751932,0.4424763769124971,"Horvitz-Thompson(recency=5.0,delta=0.20)",HT,5.0,0.2,10,20,169,10000,,yes,0.035,0.9111475905555232
34,0.5392312089795245,0.998055236781238,0.4588240278017135,"Horvitz-Thompson(recency=5.0,delta=0.20)",HT,5.0,0.2,10,20,169,10000,,yes,0.035,0.9111475905555232
35,0.5476960702103162,0.9663665134332914,0.4186704432229752,"Horvitz-Thompson(recency=5.0,delta=0.20)",HT,5.0,0.2,10,20,169,10000,,yes,0.035,0.9111475905555232
36,0.5230875639107802,1.0155211664253214,0.49243360251454127,"Horvitz-Thompson(recency=5.0,delta=0.20)",HT,5.0,0.2,10,20,169,10000,,yes,0.035,0.9111475905555232
37,0.5341904422723018,0.9581016015837673,0.4239111593114655,"Horvitz-Thompson(recency=5.0,delta=0.20)",HT,5.0,0.2,10,20,169,10000,,yes,0.035,0.9111475905555232
38,0.5422654909643662,0.9385027546244428,0.3962372636600766,"Horvitz-Thompson(recency=5.0,delta=0.20)",HT,5.0,0.2,10,20,169,10000,,yes,0.035,0.9111475905555232
39,0.5378963721110088,0.95644558633812,0.4185492142271112,"Horvitz-Thompson(recency=5.0,delta=0.20)",HT,5.0,0.2,10,20,169,10000,,yes,0.035,0.9111475905555232
40,0.5408245463603033,0.9529908083916752,0.41216626203137186,"Horvitz-Thompson(recency=5.0,delta=0.20)",HT,5.0,0.2,10,20,169,10000,,yes,0.035,0.9111475905555232
41,0.5435343154067894,0.9566048973619505,0.4130705819551611,"Horvitz-Thompson(recency=5.0,delta=0.20)",HT,5.0,0.2,10,20,169,10000,,yes,0.035,0.9111475905555232
42,0.5249232304144099,1.0017008802151137,0.4767776498007038,"Horvitz-Thompson(recency=5.0,delta=0.20)",HT,5.0,0.2,10,20,169,10000,,yes,0.035,0.9111475905555232
43,0.5183857090237738,1.01553788323872,0.4971521742149463,"Horvitz-Thompson(recency=5.0,delta=0.20)",HT,5.0,0.2,10,20,169,10000,,yes,0.035,0.9111475905555232
44,0.5149156519516873,0.9791389323829497,0.4642232804312624,"Horvitz-Thompson(recency=5.0,delta=0.20)",HT,5.0,0.2,10,20,169,10000,,yes,0.035,0.9111475905555232
45,0.5406178436784141,0.9835939716154315,0.44297612793701735,"Horvitz-Thompson(recency=5.0,delta=0.20)",HT,5.0,0.2,10,20,169,10000,,yes,0.035,0.9111475905555232
46,0.5314636486947152,0.9531644739723313,0.4217008252776161,"Horvitz-Thompson(recency=5.0,delta=0.20)",HT,5.0,0.2,10,20,169,10000,,yes,0.035,0.9111475905555232
47,0.533514307977155,0.9287106889237307,0.3951963809465756,"Horvitz-Thompson(recency=5.0,delta=0.20)",HT,5.0,0.2,10,20,169,10000,,yes,0.035,0.9111475905555232
48,0.5060573398737241,1.0109108674136171,0.504853527539893,"Horvitz-Thompson(recency=5.0,delta=0.20)",HT,5.0,0.2,10,20,169,10000,,yes,0.035,0.9111475905555232
49,0.5225990539614265,0.9639669629490388,0.44136790898761236,"Horvitz-Thompson(recency=5.0,delta=0.20)",HT,5.0,0.2,10,20,169,10000,,yes,0.035,0.9111475905555232
50,0.5381518435912044,0.9957055319519824,0.45755368836077803,"Horvitz-Thompson(recency=5.0,delta=0.20)",HT,5.0,0.2,10,20,169,10000,,yes,0.035,0.9111475905555232
51,0.5242742924398841,0.9828550819737037,0.45858078953381964,"Horvitz-Thompson(recency=5.0,delta=0.20)",HT,5.0,0.2,10,20,169,10000,,yes,0.035,0.9111475905555232
52,0.5666581838797207,0.9448568413009879,0.37819865742126724,"Horvitz-Thompson(recency=5.0,delta=0.20)",HT,5.0,0.2,10,20,169,10000,,yes,0.035,0.9111475905555232
53,0.552022707501767,0.9158306467857071,0.3638079392839402,"Horvitz-Thompson(recency=5.0,delta=0.20)",HT,5.0,0.2,10,20,169,10000,,yes,0.035,0.9111475905555232
54,0.5210918984095289,0.9534176546515692,0.4323257562420404,"Horvitz-Thompson(recency=5.0,delta=0.20)",HT,5.0,0.2,10,20,169,10000,,yes,0.035,0.9111475905555232
55,0.5468812179257372,0.9393676161295718,0.3924863982038346,"Horvitz-Thompson(recency=5.0,delta=0.20)",HT,5.0,0.2,10,20,169,10000,,yes,0.035,0.9111475905555232
56,0.5621601148919516,0.8760004960143021,0.31384038112235046,"Horvitz-Thompson(recency=5.0,delta=0.20)",HT,5.0,0.2,10,20,169,10000,,yes,0.035,0.9111475905555232
57,0.5452943228167163,0.9340852107449485,0.38879088792823224,"Horvitz-Thompson(recency=5.0,delta=0.20)",HT,5.0,0.2,10,20,169,10000,,yes,0.035,0.9111475905555232
58,0.5523167770048283,0.9449415468312016,0.3926247698263733,"Horvitz-Thompson(recency=5.0,delta=0.20)",HT,5.0,0.2,10,20,169,10000,,yes,0.035,0.9111475905555232
59,0.5464777017676392,0.9080180513091973,0.3615403495415581,"Horvitz-Thompson(recency=5.0,delta=0.20)",HT,5.0,0.2,10,20,169,10000,,yes,0.035,0.9111475905555232
60,0.5149980402309932,0.9876355342325186,0.47263749400152544,"Horvitz-Thompson(recency=5.0,delta=0.20)",HT,5.0,0.2,10,20,169,10000,,yes,0.035,0.9111475905555232
61,0.5487427316707804,0.9514477000161734,0.40270496834539304,"Horvitz-Thompson(recency=5.0,delta=0.20)",HT,5.0,0.2,10,20,169,10000,,yes,0.035,0.9111475905555232
62,0.5516952992761782,0.9427898715768036,0.3910945723006254,"Horvitz-Thompson(recency=5.0,delta=0.20)",HT,5.0,0.2,10,20,169,10000,,yes,0.035,0.9111475905555232
63,0.5514998560307806,0.9358001798953512,0.3843003238645707,"Horvitz-Thompson(recency=5.0,delta=0.20)",HT,5.0,0.2,10,20,169,10000,,yes,0.035,0.9111475905555232
64,0.5275443515706618,1.0190745674902248,0.49153021591956303,"Horvitz-Thompson(recency=5.0,delta=0.20)",HT,5.0,0.2,10,20,169,10000,,yes,0.035,0.9111475905555232
65,0.5499271429792977,0.9743280946529681,0.4244009516736704,"Horvitz-Thompson(recency=5.0,delta=0.20)",HT,5.0,0.2,10,20,169,10000,,yes,0.035,0.9111475905555232
66,0.5180669353900358,1.0210393941722926,0.5029724587822568,"Horvitz-Thompson(recency=5.0,delta=0.20)",HT,5.0,0.2,10,20,169,10000,,yes,0.035,0.9111475905555232
67,0.532650155439041,0.9773628910925519,0.4447127356535109,"Horvitz-Thompson(recency=5.0,delta=0.20)",HT,5.0,0.2,10,20,169,10000,,yes,0.035,0.9111475905555232
68,0.5409152295947208,0.9193308303109233,0.3784156007162025,"Horvitz-Thompson(recency=5.0,delta=0.20)",HT,5.0,0.2,10,20,169,10000,,yes,0.035,0.9111475905555232
69,0.5443370534332269,0.9714384400979637,0.42710138666473674,"Horvitz-Thompson(recency=5.0,delta=0.20)",HT,5.0,0.2,10,20,169,10000,,yes,0.035,0.9111475905555232
70,0.5617116300536177,0.9601753801501894,0.39846375009657176,"Horvitz-Thompson(recency=5.0,delta=0.20)",HT,5.0,0.2,10,20,169,10000,,yes,0.035,0.9111475905555232
71,0.5341365312570037,0.9656982448853041,0.4315617136283004,"Horvitz-Thompson(recency=5.0,delta=0.20)",HT,5.0,0.2,10,20,169,10000,,yes,0.035,0.9111475905555232
72,0.5119341685795268,1.0145032034275858,0.502569034848059,"Horvitz-Thompson(recency=5.0,delta=0.20)",HT,5.0,0.2,10,20,169,10000,,yes,0.035,0.9111475905555232
73,0.5197884280536,1.0381416951133713,0.5183532670597712,"Horvitz-Thompson(recency=5.0,delta=0.20)",HT,5.0,0.2,10,20,169,10000,,yes,0.035,0.9111475905555232
74,0.5197297026076974,0.9917762243074503,0.4720465216997529,"Horvitz-Thompson(recency=5.0,delta=0.20)",HT,5.0,0.2,10,20,169,10000,,yes,0.035,0.9111475905555232
75,0.5222423183116326,1.0020636915987573,0.4798213732871247,"Horvitz-Thompson(recency=5.0,delta=0.20)",HT,5.0,0.2,10,20,169,10000,,yes,0.035,0.9111475905555232
76,0.5519020870789889,0.9664173604510647,0.41451527337207583,"Horvitz-Thompson(recency=5.0,delta=0.20)",HT,5.0,0.2,10,20,169,10000,,yes,0.035,0.9111475905555232
77,0.5656541970550025,0.9069948702672309,0.3413406732122284,"Horvitz-Thompson(recency=5.0,delta=0.20)",HT,5.0,0.2,10,20,169,10000,,yes,0.035,0.9111475905555232
78,0.5204552628446372,0.982661724401408,0.4622064615567708,"Horvitz-Thompson(recency=5.0,delta=0.20)",HT,5.0,0.2,10,20,169,10000,,yes,0.035,0.9111475905555232
79,0.5360593471886419,0.932963623933294,0.3969042767446521,"Horvitz-Thompson(recency=5.0,delta=0.20)",HT,5.0,0.2,10,20,169,10000,,yes,0.035,0.9111475905555232
80,0.5450989464970238,0.9913760820833654,0.4462771355863415,"Horvitz-Thompson(recency=5.0,delta=0.20)",HT,5.0,0.2,10,20,169,10000,,yes,0.035,0.9111475905555232
81,0.5314788716958171,0.9112423841118619,0.3797635124160448,"Horvitz-Thompson(recency=5.0,delta=0.20)",HT,5.0,0.2,10,20,169,10000,,yes,0.035,0.9111475905555232
82,0.5446402435155597,0.9982292590785482,0.4535890155629885,"Horvitz-Thompson(recency=5.0,delta=0.20)",HT,5.0,0.2,10,20,169,10000,,yes,0.035,0.9111475905555232
83,0.5368101415203825,0.9595199067077198,0.42270976518733727,"Horvitz-Thompson(recency=5.0,delta=0.20)",HT,5.0,0.2,10,20,169,10000,,yes,0.035,0.9111475905555232
84,0.5370029877599782,0.9598251199090477,0.4228221321490695,"Horvitz-Thompson(recency=5.0,delta=0.20)",HT,5.0,0.2,10,20,169,10000,,yes,0.035,0.9111475905555232
85,0.5206927634011664,0.9972643490450982,0.47657158564393176,"Horvitz-Thompson(recency=5.0,delta=0.20)",HT,5.0,0.2,10,20,169,10000,,yes,0.035,0.9111475905555232
86,0.5631170865328463,0.9232129335778105,0.3600958470449642,"Horvitz-Thompson(recency=5.0,delta=0.20)",HT,5.0,0.2,10,20,169,10000,,yes,0.035,0.9111475905555232
87,0.5457211818818889,0.9738692332421903,0.42814805136030143,"Horvitz-Thompson(recency=5.0,delta=0.20)",HT,5.0,0.2,10,20,169,10000,,yes,0.035,0.9111475905555232
88,0.5022243925927588,1.0422485831135844,0.5400241905208256,"Horvitz-Thompson(recency=5.0,delta=0.20)",HT,5.0,0.2,10,20,169,10000,,yes,0.035,0.9111475905555232
89,0.5350277044454393,0.9204346169497178,0.3854069125042785,"Horvitz-Thompson(recency=5.0,delta=0.20)",HT,5.0,0.2,10,20,169,10000,,yes,0.035,0.9111475905555232
90,0.5460747603418902,0.9403919283005535,0.39431716795866334,"Horvitz-Thompson(recency=5.0,delta=0.20)",HT,5.0,0.2,10,20,169,10000,,yes,0.035,0.9111475905555232
91,0.4893926839937476,1.028178514717057,0.5387858307233094,"Horvitz-Thompson(recency=5.0,delta=0.20)",HT,5.0,0.2,10,20,169,10000,,yes,0.035,0.9111475905555232
92,0.549721656380503,0.9073625930497025,0.3576409366691995,"Horvitz-Thompson(recency=5.0,delta=0.20)",HT,5.0,0.2,10,20,169,10000,,yes,0.035,0.9111475905555232
93,0.5332522142704033,0.9897144664652593,0.45646225219485603,"Horvitz-Thompson(recency=5.0,delta=0.20)",HT,5.0,0.2,10,20,169,10000,,yes,0.035,0.9111475905555232
94,0.5378909315530047,0.9723659066130994,0.4344749750600947,"Horvitz-Thompson(recency=5.0,delta=0.20)",HT,5.0,0.2,10,20,169,10000,,yes,0.035,0.9111475905555232
95,0.5377585362908445,0.9801261361812013,0.4423675998903568,"Horvitz-Thompson(recency=5.0,delta=0.20)",HT,5.0,0.2,10,20,169,10000,,yes,0.035,0.9111475905555232
96,0.5526524564044627,0.9247167139953321,0.37206425759086936,"Horvitz-Thompson(recency=5.0,delta=0.20)",HT,5.0,0.2,10,20,169,10000,,yes,0.035,0.9111475905555232
97,0.5382009311046025,0.9489102026845665,0.41070927157996395,"Horvitz-Thompson(recency=5.0,delta=0.20)",HT,5.0,0.2,10,20,169,10000,,yes,0.035,0.9111475905555232
98,0.5468924432674179,0.9509588207218471,0.4040663774544292,"Horvitz-Thompson(recency=5.0,delta=0.20)",HT,5.0,0.2,10,20,169,10000,,yes,0.035,0.9111475905555232
99,0.5195980498468376,1.0040525831927247,0.4844545333458872,"Horvitz-Thompson(recency=5.0,delta=0.20)",HT,5.0,0.2,10,20,169,10000,,yes,0.035,0.9111475905555232
100,0.507106038050673,1.0216347943792112,0.5145287563285382,"Horvitz-Thompson(recency=5.0,delta=0.20)",HT,5.0,0.2,10,20,169,10000,,yes,0.035,0.9111475905555232
101,0.5491378858558202,0.9707485614447658,0.4216106755889456,"Horvitz-Thompson(recency=5.0,delta=0.20)",HT,5.0,0.2,10,20,169,10000,,yes,0.035,0.9111475905555232
102,0.5291146750641823,0.9741238744474168,0.44500919938323447,"Horvitz-Thompson(recency=5.0,delta=0.20)",HT,5.0,0.2,10,20,169,10000,,yes,0.035,0.9111475905555232
103,0.50888047730895,1.0206303056611459,0.5117498283521958,"Horvitz-Thompson(recency=5.0,delta=0.20)",HT,5.0,0.2,10,20,169,10000,,yes,0.035,0.9111475905555232
104,0.5359282905420153,0.9212599155159579,0.3853316249739426,"Horvitz-Thompson(recency=5.0,delta=0.20)",HT,5.0,0.2,10,20,169,10000,,yes,0.035,0.9111475905555232
105,0.5429615679128788,0.9447711322096889,0.40180956429681014,"Horvitz-Thompson(recency=5.0,delta=0.20)",HT,5.0,0.2,10,20,169,10000,,yes,0.035,0.9111475905555232
106,0.5208738240489418,0.951665059923468,0.43079123587452617,"Horvitz-Thompson(recency=5.0,delta=0.20)",HT,5.0,0.2,10,20,169,10000,,yes,0.035,0.9111475905555232
107,0.5412346624684722,0.9689837348077673,0.42774907233929516,"Horvitz-Thompson(recency=5.0,delta=0.20)",HT,5.0,0.2,10,20,169,10000,,yes,0.035,0.9111475905555232
108,0.5181424850113732,0.9619827347131656,0.4438402497017925,"Horvitz-Thompson(recency=5.0,delta=0.20)",HT,5.0,0.2,10,20,169,10000,,yes,0.035,0.9111475905555232
109,0.56843786628024,0.945072062482085,0.376634196201845,"Horvitz-Thompson(recency=5.0,delta=0.20)",HT,5.0,0.2,10,20,169,10000,,yes,0.035,0.9111475905555232
110,0.5453547386302302,0.9000482589820348,0.35469352035180457,"Horvitz-Thompson(recency=5.0,delta=0.20)",HT,5.0,0.2,10,20,169,10000,,yes,0.035,0.9111475905555232
111,0.5093384290490462,0.9619788662457164,0.45264043719667013,"Horvitz-Thompson(recency=5.0,delta=0.20)",HT,5.0,0.2,10,20,169,10000,,yes,0.035,0.9111475905555232
112,0.554274960896189,0.9549718643585492,0.4006969034623602,"Horvitz-Thompson(recency=5.0,delta=0.20)",HT,5.0,0.2,10,20,169,10000,,yes,0.035,0.9111475905555232
113,0.5364982659702296,0.9367836257165296,0.4002853597463,"Horvitz-Thompson(recency=5.0,delta=0.20)",HT,5.0,0.2,10,20,169,10000,,yes,0.035,0.9111475905555232
114,0.5295757325089739,0.9907869064913934,0.4612111739824195,"Horvitz-Thompson(recency=5.0,delta=0.20)",HT,5.0,0.2,10,20,169,10000,,yes,0.035,0.9111475905555232
115,0.5341668747608462,0.9511611509053054,0.41699427614445916,"Horvitz-Thompson(recency=5.0,delta=0.20)",HT,5.0,0.2,10,20,169,10000,,yes,0.035,0.9111475905555232
116,0.5481663179820097,0.9323670340859308,0.38420071610392115,"Horvitz-Thompson(recency=5.0,delta=0.20)",HT,5.0,0.2,10,20,169,10000,,yes,0.035,0.9111475905555232
117,0.5522081483257754,0.9598251492480857,0.40761700092231035,"Horvitz-Thompson(recency=5.0,delta=0.20)",HT,5.0,0.2,10,20,169,10000,,yes,0.035,0.9111475905555232
118,0.5380380232021662,0.9327026004708012,0.394664577268635,"Horvitz-Thompson(recency=5.0,delta=0.20)",HT,5.0,0.2,10,20,169,10000,,yes,0.035,0.9111475905555232
119,0.5444134658883123,0.9188781864896464,0.37446472060133407,"Horvitz-Thompson(recency=5.0,delta=0.20)",HT,5.0,0.2,10,20,169,10000,,yes,0.035,0.9111475905555232
120,0.5577736482359033,0.9453179860286512,0.387544337792748,"Horvitz-Thompson(recency=5.0,delta=0.20)",HT,5.0,0.2,10,20,169,10000,,yes,0.035,0.9111475905555232
121,0.528402903428599,0.9578788745757588,0.42947597114715985,"Horvitz-Thompson(recency=5.0,delta=0.20)",HT,5.0,0.2,10,20,169,10000,,yes,0.035,0.9111475905555232
122,0.5521399434702039,0.9363232659792017,0.3841833225089978,"Horvitz-Thompson(recency=5.0,delta=0.20)",HT,5.0,0.2,10,20,169,10000,,yes,0.035,0.9111475905555232
123,0.5319074605237196,0.9620030705374827,0.43009561001376306,"Horvitz-Thompson(recency=5.0,delta=0.20)",HT,5.0,0.2,10,20,169,10000,,yes,0.035,0.9111475905555232
124,0.5219313929051679,1.0099833353841234,0.48805194247895556,"Horvitz-Thompson(recency=5.0,delta=0.20)",HT,5.0,0.2,10,20,169,10000,,yes,0.035,0.9111475905555232
125,0.540458501857775,0.9676634019712657,0.42720490011349066,"Horvitz-Thompson(recency=5.0,delta=0.20)",HT,5.0,0.2,10,20,169,10000,,yes,0.035,0.9111475905555232
126,0.5455402688244403,0.969739752136203,0.4241994833117627,"Horvitz-Thompson(recency=5.0,delta=0.20)",HT,5.0,0.2,10,20,169,10000,,yes,0.035,0.9111475905555232
127,0.5290333178631677,0.9836358487730029,0.45460253090983527,"Horvitz-Thompson(recency=5.0,delta=0.20)",HT,5.0,0.2,10,20,169,10000,,yes,0.035,0.9111475905555232
128,0.5543418977796599,0.9006155905581502,0.3462736927784903,"Horvitz-Thompson(recency=5.0,delta=0.20)",HT,5.0,0.2,10,20,169,10000,,yes,0.035,0.9111475905555232
129,0.5275503405934695,0.9855630401750511,0.45801269958158164,"Horvitz-Thompson(recency=5.0,delta=0.20)",HT,5.0,0.2,10,20,169,10000,,yes,0.035,0.9111475905555232
130,0.5314019616609956,0.9494029028388667,0.4180009411778711,"Horvitz-Thompson(recency=5.0,delta=0.20)",HT,5.0,0.2,10,20,169,10000,,yes,0.035,0.9111475905555232
131,0.5602979189508365,0.94145711260354,0.38115919365270357,"Horvitz-Thompson(recency=5.0,delta=0.20)",HT,5.0,0.2,10,20,169,10000,,yes,0.035,0.9111475905555232
132,0.5428650544711848,0.9666644733043729,0.42379941883318806,"Horvitz-Thompson(recency=5.0,delta=0.20)",HT,5.0,0.2,10,20,169,10000,,yes,0.035,0.9111475905555232
133,0.532289008516313,0.9456171374587984,0.4133281289424854,"Horvitz-Thompson(recency=5.0,delta=0.20)",HT,5.0,0.2,10,20,169,10000,,yes,0.035,0.9111475905555232
134,0.545604361535392,0.9571974041898597,0.4115930426544676,"Horvitz-Thompson(recency=5.0,delta=0.20)",HT,5.0,0.2,10,20,169,10000,,yes,0.035,0.9111475905555232
135,0.5070590083808009,1.0213384363807638,0.514279427999963,"Horvitz-Thompson(recency=5.0,delta=0.20)",HT,5.0,0.2,10,20,169,10000,,yes,0.035,0.9111475905555232
136,0.540109518982831,0.9671023559518244,0.4269928369689934,"Horvitz-Thompson(recency=5.0,delta=0.20)",HT,5.0,0.2,10,20,169,10000,,yes,0.035,0.9111475905555232
137,0.5445656556720597,0.9362469236329605,0.39168126796090075,"Horvitz-Thompson(recency=5.0,delta=0.20)",HT,5.0,0.2,10,20,169,10000,,yes,0.035,0.9111475905555232
138,0.5174646034952198,1.0018552522809663,0.48439064878574645,"Horvitz-Thompson(recency=5.0,delta=0.20)",HT,5.0,0.2,10,20,169,10000,,yes,0.035,0.9111475905555232
139,0.5651926282073368,0.8923590937329715,0.32716646552563466,"Horvitz-Thompson(recency=5.0,delta=0.20)",HT,5.0,0.2,10,20,169,10000,,yes,0.035,0.9111475905555232
140,0.5636446994424338,0.9268539989670077,0.3632092995245739,"Horvitz-Thompson(recency=5.0,delta=0.20)",HT,5.0,0.2,10,20,169,10000,,yes,0.035,0.9111475905555232
141,0.5422000116005153,0.9577288414543225,0.4155288298538071,"Horvitz-Thompson(recency=5.0,delta=0.20)",HT,5.0,0.2,10,20,169,10000,,yes,0.035,0.9111475905555232
142,0.513978349691945,1.004848720504832,0.490870370812887,"Horvitz-Thompson(recency=5.0,delta=0.20)",HT,5.0,0.2,10,20,169,10000,,yes,0.035,0.9111475905555232
143,0.5570402745864567,0.9499420202928448,0.39290174570638814,"Horvitz-Thompson(recency=5.0,delta=0.20)",HT,5.0,0.2,10,20,169,10000,,yes,0.035,0.9111475905555232
144,0.5399016396733043,0.9794451905871379,0.43954355091383357,"Horvitz-Thompson(recency=5.0,delta=0.20)",HT,5.0,0.2,10,20,169,10000,,yes,0.035,0.9111475905555232
145,0.5384975002785181,0.9632847326956033,0.42478723241708527,"Horvitz-Thompson(recency=5.0,delta=0.20)",HT,5.0,0.2,10,20,169,10000,,yes,0.035,0.9111475905555232
146,0.5634455537200368,0.8873026683867581,0.3238571146667213,"Horvitz-Thompson(recency=5.0,delta=0.20)",HT,5.0,0.2,10,20,169,10000,,yes,0.035,0.9111475905555232
147,0.5196247932647877,0.9411053473578861,0.42148055409309837,"Horvitz-Thompson(recency=5.0,delta=0.20)",HT,5.0,0.2,10,20,169,10000,,yes,0.035,0.9111475905555232
148,0.5780878802000339,0.8718798666338315,0.29379198643379767,"Horvitz-Thompson(recency=5.0,delta=0.20)",HT,5.0,0.2,10,20,169,10000,,yes,0.035,0.9111475905555232
149,0.527439743437778,0.98662545364879,0.45918571021101195,"Horvitz-Thompson(recency=5.0,delta=0.20)",HT,5.0,0.2,10,20,169,10000,,yes,0.035,0.9111475905555232
150,0.5306304404326194,0.9890674767444334,0.458437036311814,"Horvitz-Thompson(recency=5.0,delta=0.20)",HT,5.0,0.2,10,20,169,10000,,yes,0.035,0.9111475905555232
151,0.5603485646720446,0.9583047884416992,0.39795622376965456,"Horvitz-Thompson(recency=5.0,delta=0.20)",HT,5.0,0.2,10,20,169,10000,,yes,0.035,0.9111475905555232
152,0.521418797189778,0.9823609076265619,0.4609421104367839,"Horvitz-Thompson(recency=5.0,delta=0.20)",HT,5.0,0.2,10,20,169,10000,,yes,0.035,0.9111475905555232
153,0.5614863292737208,0.9186108406216682,0.3571245113479474,"Horvitz-Thompson(recency=5.0,delta=0.20)",HT,5.0,0.2,10,20,169,10000,,yes,0.035,0.9111475905555232
154,0.531716501672927,0.9656065395402139,0.43389003786728686,"Horvitz-Thompson(recency=5.0,delta=0.20)",HT,5.0,0.2,10,20,169,10000,,yes,0.035,0.9111475905555232
155,0.5325819495618274,0.9743035888270847,0.4417216392652573,"Horvitz-Thompson(recency=5.0,delta=0.20)",HT,5.0,0.2,10,20,169,10000,,yes,0.035,0.9111475905555232
156,0.5352920512690169,0.9425859474679646,0.40729389619894774,"Horvitz-Thompson(recency=5.0,delta=0.20)",HT,5.0,0.2,10,20,169,10000,,yes,0.035,0.9111475905555232
157,0.5319418675023687,0.9283329222149295,0.39639105471256075,"Horvitz-Thompson(recency=5.0,delta=0.20)",HT,5.0,0.2,10,20,169,10000,,yes,0.035,0.9111475905555232
158,0.526640868482148,0.9516134498981149,0.42497258141596694,"Horvitz-Thompson(recency=5.0,delta=0.20)",HT,5.0,0.2,10,20,169,10000,,yes,0.035,0.9111475905555232
159,0.5408847355950651,0.9278742941649788,0.3869895585699137,"Horvitz-Thompson(recency=5.0,delta=0.20)",HT,5.0,0.2,10,20,169,10000,,yes,0.035,0.9111475905555232
160,0.5238267270142599,0.9379388858864467,0.4141121588721868,"Horvitz-Thompson(recency=5.0,delta=0.20)",HT,5.0,0.2,10,20,169,10000,,yes,0.035,0.9111475905555232
161,0.5213397810157745,0.9935831187869397,0.47224333777116523,"Horvitz-Thompson(recency=5.0,delta=0.20)",HT,5.0,0.2,10,20,169,10000,,yes,0.035,0.9111475905555232
162,0.5198556790314955,0.9883259667820308,0.46847028775053523,"Horvitz-Thompson(recency=5.0,delta=0.20)",HT,5.0,0.2,10,20,169,10000,,yes,0.035,0.9111475905555232
163,0.5679476390382411,0.9335158235273057,0.3655681844890646,"Horvitz-Thompson(recency=5.0,delta=0.20)",HT,5.0,0.2,10,20,169,10000,,yes,0.035,0.9111475905555232
164,0.526050492460627,0.9649572912857616,0.4389067988251346,"Horvitz-Thompson(recency=5.0,delta=0.20)",HT,5.0,0.2,10,20,169,10000,,yes,0.035,0.9111475905555232
165,0.5263630001380063,0.9826886877996667,0.4563256876616604,"Horvitz-Thompson(recency=5.0,delta=0.20)",HT,5.0,0.2,10,20,169,10000,,yes,0.035,0.9111475905555232
166,0.5235239904663859,0.9690389198327403,0.4455149293663544,"Horvitz-Thompson(recency=5.0,delta=0.20)",HT,5.0,0.2,10,20,169,10000,,yes,0.035,0.9111475905555232
167,0.5725218899427833,0.913722532858771,0.34120064291598773,"Horvitz-Thompson(recency=5.0,delta=0.20)",HT,5.0,0.2,10,20,169,10000,,yes,0.035,0.9111475905555232
168,0.5522327904351707,0.8952467540725728,0.3430139636374021,"Horvitz-Thompson(recency=5.0,delta=0.20)",HT,5.0,0.2,10,20,169,10000,,yes,0.035,0.9111475905555232
169,0.5280090905894079,0.9736379455114467,0.44562885492203874,"Horvitz-Thompson(recency=5.0,delta=0.20)",HT,5.0,0.2,10,20,169,10000,,yes,0.035,0.9111475905555232
170,0.5321036576664842,0.972235504402333,0.4401318467358488,"Horvitz-Thompson(recency=5.0,delta=0.20)",HT,5.0,0.2,10,20,169,10000,,yes,0.035,0.9111475905555232
171,0.5080490938695424,0.9936128022547414,0.4855637083851989,"Horvitz-Thompson(recency=5.0,delta=0.20)",HT,5.0,0.2,10,20,169,10000,,yes,0.035,0.9111475905555232
172,0.5340994125516487,0.9523714422016683,0.41827202965001953,"Horvitz-Thompson(recency=5.0,delta=0.20)",HT,5.0,0.2,10,20,169,10000,,yes,0.035,0.9111475905555232
173,0.5522320193074957,0.9296446553290925,0.3774126360215968,"Horvitz-Thompson(recency=5.0,delta=0.20)",HT,5.0,0.2,10,20,169,10000,,yes,0.035,0.9111475905555232
174,0.5650679652609938,0.9484204098024436,0.3833524445414498,"Horvitz-Thompson(recency=5.0,delta=0.20)",HT,5.0,0.2,10,20,169,10000,,yes,0.035,0.9111475905555232
175,0.5646869059884088,0.9065478483042644,0.3418609423158556,"Horvitz-Thompson(recency=5.0,delta=0.20)",HT,5.0,0.2,10,20,169,10000,,yes,0.035,0.9111475905555232
176,0.5483370265593654,0.9721164536685634,0.4237794271091979,"Horvitz-Thompson(recency=5.0,delta=0.20)",HT,5.0,0.2,10,20,169,10000,,yes,0.035,0.9111475905555232
177,0.5422812719820337,1.0026717594956711,0.4603904875136374,"Horvitz-Thompson(recency=5.0,delta=0.20)",HT,5.0,0.2,10,20,169,10000,,yes,0.035,0.9111475905555232
178,0.5500239806680275,0.9373184956761744,0.38729451500814693,"Horvitz-Thompson(recency=5.0,delta=0.20)",HT,5.0,0.2,10,20,169,10000,,yes,0.035,0.9111475905555232
179,0.5530442769705204,0.914062921209768,0.36101864423924757,"Horvitz-Thompson(recency=5.0,delta=0.20)",HT,5.0,0.2,10,20,169,10000,,yes,0.035,0.9111475905555232
180,0.5482664591201082,0.9758523984121802,0.427585939292072,"Horvitz-Thompson(recency=5.0,delta=0.20)",HT,5.0,0.2,10,20,169,10000,,yes,0.035,0.9111475905555232
181,0.5225624290519598,0.9803018657855527,0.45773943673359285,"Horvitz-Thompson(recency=5.0,delta=0.20)",HT,5.0,0.2,10,20,169,10000,,yes,0.035,0.9111475905555232
182,0.5625902100767831,0.9468523595023969,0.38426214942561376,"Horvitz-Thompson(recency=5.0,delta=0.20)",HT,5.0,0.2,10,20,169,10000,,yes,0.035,0.9111475905555232
183,0.5289552804546671,0.96770480780085,0.4387495273461829,"Horvitz-Thompson(recency=5.0,delta=0.20)",HT,5.0,0.2,10,20,169,10000,,yes,0.035,0.9111475905555232
184,0.5596767376142822,0.9274315963693055,0.36775485875502334,"Horvitz-Thompson(recency=5.0,delta=0.20)",HT,5.0,0.2,10,20,169,10000,,yes,0.035,0.9111475905555232
185,0.5450920770513713,0.9024299570940723,0.35733788004270095,"Horvitz-Thompson(recency=5.0,delta=0.20)",HT,5.0,0.2,10,20,169,10000,,yes,0.035,0.9111475905555232
186,0.5569906483347765,0.8946387693397563,0.33764812100497976,"Horvitz-Thompson(recency=5.0,delta=0.20)",HT,5.0,0.2,10,20,169,10000,,yes,0.035,0.9111475905555232
187,0.517712423737993,0.9867282193138261,0.46901579557583317,"Horvitz-Thompson(recency=5.0,delta=0.20)",HT,5.0,0.2,10,20,169,10000,,yes,0.035,0.9111475905555232
188,0.5378026308809449,0.9418247262338857,0.40402209535294076,"Horvitz-Thompson(recency=5.0,delta=0.20)",HT,5.0,0.2,10,20,169,10000,,yes,0.035,0.9111475905555232
189,0.5180782768446338,0.9922619286196533,0.47418365177501953,"Horvitz-Thompson(recency=5.0,delta=0.20)",HT,5.0,0.2,10,20,169,10000,,yes,0.035,0.9111475905555232
190,0.5171572599271687,1.0120674489034847,0.494910188976316,"Horvitz-Thompson(recency=5.0,delta=0.20)",HT,5.0,0.2,10,20,169,10000,,yes,0.035,0.9111475905555232
191,0.5525355298338775,0.965421143010666,0.4128856131767884,"Horvitz-Thompson(recency=5.0,delta=0.20)",HT,5.0,0.2,10,20,169,10000,,yes,0.035,0.9111475905555232
192,0.5226858590780898,0.9537131241241156,0.43102726504602573,"Horvitz-Thompson(recency=5.0,delta=0.20)",HT,5.0,0.2,10,20,169,10000,,yes,0.035,0.9111475905555232
193,0.5247453510890605,0.9855919243026006,0.46084657321354006,"Horvitz-Thompson(recency=5.0,delta=0.20)",HT,5.0,0.2,10,20,169,10000,,yes,0.035,0.9111475905555232
194,0.5226399360141392,0.9625224980667467,0.43988256205260756,"Horvitz-Thompson(recency=5.0,delta=0.20)",HT,5.0,0.2,10,20,169,10000,,yes,0.035,0.9111475905555232
195,0.5413678598936175,0.9403437146418342,0.39897585474821673,"Horvitz-Thompson(recency=5.0,delta=0.20)",HT,5.0,0.2,10,20,169,10000,,yes,0.035,0.9111475905555232
196,0.5700415195707925,0.9275962313167303,0.3575547117459378,"Horvitz-Thompson(recency=5.0,delta=0.20)",HT,5.0,0.2,10,20,169,10000,,yes,0.035,0.9111475905555232
197,0.5495915711346345,0.8881529207460029,0.3385613496113684,"Horvitz-Thompson(recency=5.0,delta=0.20)",HT,5.0,0.2,10,20,169,10000,,yes,0.035,0.9111475905555232
198,0.5691954158431501,0.904611248958667,0.3354158331155168,"Horvitz-Thompson(recency=5.0,delta=0.20)",HT,5.0,0.2,10,20,169,10000,,yes,0.035,0.9111475905555232
199,0.5373072945078089,0.9122973339910204,0.3749900394832115,"Horvitz-Thompson(recency=5.0,delta=0.20)",HT,5.0,0.2,10,20,169,10000,,yes,0.035,0.9111475905555232
200,0.5028264022870823,0.9930629601946157,0.4902365579075334,"Horvitz-Thompson(recency=5.0,delta=0.20)",HT,5.0,0.2,10,20,169,10000,,yes,0.035,0.9111475905555232
201,0.5209653760775466,1.0121839151271104,0.4912185390495638,"Horvitz-Thompson(recency=5.0,delta=0.20)",HT,5.0,0.2,10,20,169,10000,,yes,0.035,0.9111475905555232
202,0.5210363583610699,0.9944002029961893,0.4733638446351194,"Horvitz-Thompson(recency=5.0,delta=0.20)",HT,5.0,0.2,10,20,169,10000,,yes,0.035,0.9111475905555232
203,0.5349048820642065,0.9515321406604362,0.41662725859622973,"Horvitz-Thompson(recency=5.0,delta=0.20)",HT,5.0,0.2,10,20,169,10000,,yes,0.035,0.9111475905555232
204,0.532184446431536,0.9418147964987872,0.40963035006725124,"Horvitz-Thompson(recency=5.0,delta=0.20)",HT,5.0,0.2,10,20,169,10000,,yes,0.035,0.9111475905555232
205,0.5337896718676453,0.9881010162358841,0.45431134436823883,"Horvitz-Thompson(recency=5.0,delta=0.20)",HT,5.0,0.2,10,20,169,10000,,yes,0.035,0.9111475905555232
206,0.5325570968997222,0.9301897493120062,0.39763265241228396,"Horvitz-Thompson(recency=5.0,delta=0.20)",HT,5.0,0.2,10,20,169,10000,,yes,0.035,0.9111475905555232
207,0.5341431061651953,0.9717415140874981,0.43759840792230276,"Horvitz-Thompson(recency=5.0,delta=0.20)",HT,5.0,0.2,10,20,169,10000,,yes,0.035,0.9111475905555232
208,0.5364514069375004,0.9450326184286677,0.40858121149116733,"Horvitz-Thompson(recency=5.0,delta=0.20)",HT,5.0,0.2,10,20,169,10000,,yes,0.035,0.9111475905555232
209,0.5601646979238497,0.9181560220302318,0.3579913241063821,"Horvitz-Thompson(recency=5.0,delta=0.20)",HT,5.0,0.2,10,20,169,10000,,yes,0.035,0.9111475905555232
210,0.5538503247500874,0.9382808484516765,0.38443052370158903,"Horvitz-Thompson(recency=5.0,delta=0.20)",HT,5.0,0.2,10,20,169,10000,,yes,0.035,0.9111475905555232
211,0.5292551449635817,0.9509555676797152,0.4217004227161335,"Horvitz-Thompson(recency=5.0,delta=0.20)",HT,5.0,0.2,10,20,169,10000,,yes,0.035,0.9111475905555232
212,0.5123386116416839,1.0211298817576586,0.5087912701159747,"Horvitz-Thompson(recency=5.0,delta=0.20)",HT,5.0,0.2,10,20,169,10000,,yes,0.035,0.9111475905555232
213,0.5422194863587348,1.016047708475039,0.47382822211630415,"Horvitz-Thompson(recency=5.0,delta=0.20)",HT,5.0,0.2,10,20,169,10000,,yes,0.035,0.9111475905555232
214,0.539707546775619,0.9343618431084845,0.3946542963328654,"Horvitz-Thompson(recency=5.0,delta=0.20)",HT,5.0,0.2,10,20,169,10000,,yes,0.035,0.9111475905555232
215,0.5288368392396848,0.9421203520299354,0.41328351279025055,"Horvitz-Thompson(recency=5.0,delta=0.20)",HT,5.0,0.2,10,20,169,10000,,yes,0.035,0.9111475905555232
216,0.5384454415242989,0.9791141315084751,0.4406686899841763,"Horvitz-Thompson(recency=5.0,delta=0.20)",HT,5.0,0.2,10,20,169,10000,,yes,0.035,0.9111475905555232
217,0.5259454374484583,0.9549914549897901,0.42904601754133176,"Horvitz-Thompson(recency=5.0,delta=0.20)",HT,5.0,0.2,10,20,169,10000,,yes,0.035,0.9111475905555232
218,0.534165040163914,1.0003111871519144,0.4661461469880004,"Horvitz-Thompson(recency=5.0,delta=0.20)",HT,5.0,0.2,10,20,169,10000,,yes,0.035,0.9111475905555232
219,0.5260261373080197,0.9750788479698421,0.4490527106618224,"Horvitz-Thompson(recency=5.0,delta=0.20)",HT,5.0,0.2,10,20,169,10000,,yes,0.035,0.9111475905555232
220,0.5199233538042513,1.0146920178267138,0.49476866402246256,"Horvitz-Thompson(recency=5.0,delta=0.20)",HT,5.0,0.2,10,20,169,10000,,yes,0.035,0.9111475905555232
221,0.5401964825255031,0.9250423711498598,0.38484588862435665,"Horvitz-Thompson(recency=5.0,delta=0.20)",HT,5.0,0.2,10,20,169,10000,,yes,0.035,0.9111475905555232
222,0.556085182337515,0.9041210657306228,0.34803588339310776,"Horvitz-Thompson(recency=5.0,delta=0.20)",HT,5.0,0.2,10,20,169,10000,,yes,0.035,0.9111475905555232
223,0.5377745280838113,0.955911797446638,0.4181372693628267,"Horvitz-Thompson(recency=5.0,delta=0.20)",HT,5.0,0.2,10,20,169,10000,,yes,0.035,0.9111475905555232
224,0.5313712792546768,1.060442826815303,0.5290715475606262,"Horvitz-Thompson(recency=5.0,delta=0.20)",HT,5.0,0.2,10,20,169,10000,,yes,0.035,0.9111475905555232
225,0.5392405659003872,0.9281413573951541,0.388900791494767,"Horvitz-Thompson(recency=5.0,delta=0.20)",HT,5.0,0.2,10,20,169,10000,,yes,0.035,0.9111475905555232
226,0.552377122359021,0.9726716357690228,0.4202945134100018,"Horvitz-Thompson(recency=5.0,delta=0.20)",HT,5.0,0.2,10,20,169,10000,,yes,0.035,0.9111475905555232
227,0.5474788109959308,0.9354409824387064,0.38796217144277567,"Horvitz-Thompson(recency=5.0,delta=0.20)",HT,5.0,0.2,10,20,169,10000,,yes,0.035,0.9111475905555232
228,0.5216800279423883,0.9721972649609515,0.45051723701856317,"Horvitz-Thompson(recency=5.0,delta=0.20)",HT,5.0,0.2,10,20,169,10000,,yes,0.035,0.9111475905555232
229,0.5077443069137791,1.0002635816664083,0.49251927475262913,"Horvitz-Thompson(recency=5.0,delta=0.20)",HT,5.0,0.2,10,20,169,10000,,yes,0.035,0.9111475905555232
230,0.5485597192120557,0.969632235995365,0.42107251678330926,"Horvitz-Thompson(recency=5.0,delta=0.20)",HT,5.0,0.2,10,20,169,10000,,yes,0.035,0.9111475905555232
231,0.5122066259997385,1.000821781376668,0.48861515537692946,"Horvitz-Thompson(recency=5.0,delta=0.20)",HT,5.0,0.2,10,20,169,10000,,yes,0.035,0.9111475905555232
232,0.5264852482874284,0.9811944999018543,0.4547092516144259,"Horvitz-Thompson(recency=5.0,delta=0.20)",HT,5.0,0.2,10,20,169,10000,,yes,0.035,0.9111475905555232
233,0.5228056854314168,1.0309587700535208,0.508153084622104,"Horvitz-Thompson(recency=5.0,delta=0.20)",HT,5.0,0.2,10,20,169,10000,,yes,0.035,0.9111475905555232
234,0.5452925003842475,0.9875102267081654,0.44221772632391787,"Horvitz-Thompson(recency=5.0,delta=0.20)",HT,5.0,0.2,10,20,169,10000,,yes,0.035,0.9111475905555232
235,0.5597816895564499,0.9173084507657395,0.3575267612092896,"Horvitz-Thompson(recency=5.0,delta=0.20)",HT,5.0,0.2,10,20,169,10000,,yes,0.035,0.9111475905555232
236,0.5096531624426172,1.0443557317994,0.534702569356783,"Horvitz-Thompson(recency=5.0,delta=0.20)",HT,5.0,0.2,10,20,169,10000,,yes,0.035,0.9111475905555232
237,0.5617371563203452,0.953900868802873,0.3921637124825278,"Horvitz-Thompson(recency=5.0,delta=0.20)",HT,5.0,0.2,10,20,169,10000,,yes,0.035,0.9111475905555232
238,0.5134578094810779,1.024669207771963,0.5112113982908851,"Horvitz-Thompson(recency=5.0,delta=0.20)",HT,5.0,0.2,10,20,169,10000,,yes,0.035,0.9111475905555232
239,0.5372216214456772,0.9278894137585257,0.39066779231284854,"Horvitz-Thompson(recency=5.0,delta=0.20)",HT,5.0,0.2,10,20,169,10000,,yes,0.035,0.9111475905555232
240,0.515512634704365,1.0377998621478077,0.5222872274434427,"Horvitz-Thompson(recency=5.0,delta=0.20)",HT,5.0,0.2,10,20,169,10000,,yes,0.035,0.9111475905555232
241,0.5367746973266555,0.9363164071882613,0.39954170986160575,"Horvitz-Thompson(recency=5.0,delta=0.20)",HT,5.0,0.2,10,20,169,10000,,yes,0.035,0.9111475905555232
242,0.5363652770658532,0.9660069336707396,0.4296416566048864,"Horvitz-Thompson(recency=5.0,delta=0.20)",HT,5.0,0.2,10,20,169,10000,,yes,0.035,0.9111475905555232
243,0.520873046284232,0.9913275504530459,0.47045450416881385,"Horvitz-Thompson(recency=5.0,delta=0.20)",HT,5.0,0.2,10,20,169,10000,,yes,0.035,0.9111475905555232
244,0.5707815654715443,0.9187463581267196,0.3479647926551752,"Horvitz-Thompson(recency=5.0,delta=0.20)",HT,5.0,0.2,10,20,169,10000,,yes,0.035,0.9111475905555232
245,0.5379529274150698,0.9504880374258386,0.4125351100107688,"Horvitz-Thompson(recency=5.0,delta=0.20)",HT,5.0,0.2,10,20,169,10000,,yes,0.035,0.9111475905555232
246,0.5203200687947431,1.0179822022073797,0.49766213341263654,"Horvitz-Thompson(recency=5.0,delta=0.20)",HT,5.0,0.2,10,20,169,10000,,yes,0.035,0.9111475905555232
247,0.5562115179508997,0.9547610322665148,0.398549514315615,"Horvitz-Thompson(recency=5.0,delta=0.20)",HT,5.0,0.2,10,20,169,10000,,yes,0.035,0.9111475905555232
248,0.5348169631412478,0.9878186418266934,0.4530016786854456,"Horvitz-Thompson(recency=5.0,delta=0.20)",HT,5.0,0.2,10,20,169,10000,,yes,0.035,0.9111475905555232
249,0.5503117392136663,0.9581746950811908,0.4078629558675245,"Horvitz-Thompson(recency=5.0,delta=0.20)",HT,5.0,0.2,10,20,169,10000,,yes,0.035,0.9111475905555232
250,0.5702794764522436,0.8988635724398059,0.3285840959875622,"Horvitz-Thompson(recency=5.0,delta=0.20)",HT,5.0,0.2,10,20,169,10000,,yes,0.035,0.9111475905555232
251,0.5442286014790358,0.9443482421803697,0.4001196407013339,"Horvitz-Thompson(recency=5.0,delta=0.20)",HT,5.0,0.2,10,20,169,10000,,yes,0.035,0.9111475905555232
252,0.5340499182801907,1.0041078150588447,0.47005789677865406,"Horvitz-Thompson(recency=5.0,delta=0.20)",HT,5.0,0.2,10,20,169,10000,,yes,0.035,0.9111475905555232
253,0.5361604935894478,0.9595478907280836,0.4233873971386357,"Horvitz-Thompson(recency=5.0,delta=0.20)",HT,5.0,0.2,10,20,169,10000,,yes,0.035,0.9111475905555232
254,0.5202253134882258,0.9897011088253722,0.46947579533714645,"Horvitz-Thompson(recency=5.0,delta=0.20)",HT,5.0,0.2,10,20,169,10000,,yes,0.035,0.9111475905555232
255,0.5430057590953266,0.9014972345778971,0.35849147548257054,"Horvitz-Thompson(recency=5.0,delta=0.20)",HT,5.0,0.2,10,20,169,10000,,yes,0.035,0.9111475905555232
256,0.5480004490249075,0.935476675461802,0.3874762264368945,"Horvitz-Thompson(recency=5.0,delta=0.20)",HT,5.0,0.2,10,20,169,10000,,yes,0.035,0.9111475905555232
257,0.5287209948808856,1.0036900229724108,0.4749690280915252,"Horvitz-Thompson(recency=5.0,delta=0.20)",HT,5.0,0.2,10,20,169,10000,,yes,0.035,0.9111475905555232
258,0.5379542636664909,0.9574236545874361,0.41946939092094515,"Horvitz-Thompson(recency=5.0,delta=0.20)",HT,5.0,0.2,10,20,169,10000,,yes,0.035,0.9111475905555232
259,0.5491895038310213,0.9628118493937871,0.4136223455627658,"Horvitz-Thompson(recency=5.0,delta=0.20)",HT,5.0,0.2,10,20,169,10000,,yes,0.035,0.9111475905555232
260,0.557287865140146,0.9238846637081254,0.36659679856797933,"Horvitz-Thompson(recency=5.0,delta=0.20)",HT,5.0,0.2,10,20,169,10000,,yes,0.035,0.9111475905555232
261,0.5357996522465458,0.9592948225031597,0.4234951702566139,"Horvitz-Thompson(recency=5.0,delta=0.20)",HT,5.0,0.2,10,20,169,10000,,yes,0.035,0.9111475905555232
262,0.5290139697259019,0.9318575987943942,0.40284362906849236,"Horvitz-Thompson(recency=5.0,delta=0.20)",HT,5.0,0.2,10,20,169,10000,,yes,0.035,0.9111475905555232
263,0.5084158295334951,0.9886094572352233,0.48019362770172824,"Horvitz-Thompson(recency=5.0,delta=0.20)",HT,5.0,0.2,10,20,169,10000,,yes,0.035,0.9111475905555232
264,0.5594233090500473,0.9492212786455523,0.38979796959550495,"Horvitz-Thompson(recency=5.0,delta=0.20)",HT,5.0,0.2,10,20,169,10000,,yes,0.035,0.9111475905555232
265,0.4991963034007577,1.0102697063328336,0.5110734029320759,"Horvitz-Thompson(recency=5.0,delta=0.20)",HT,5.0,0.2,10,20,169,10000,,yes,0.035,0.9111475905555232
266,0.5531371486893591,0.9240954377540747,0.3709582890647155,"Horvitz-Thompson(recency=5.0,delta=0.20)",HT,5.0,0.2,10,20,169,10000,,yes,0.035,0.9111475905555232
267,0.502540349292947,1.0294892078771603,0.5269488585842133,"Horvitz-Thompson(recency=5.0,delta=0.20)",HT,5.0,0.2,10,20,169,10000,,yes,0.035,0.9111475905555232
268,0.5556096740558703,0.9657416543440246,0.41013198028815434,"Horvitz-Thompson(recency=5.0,delta=0.20)",HT,5.0,0.2,10,20,169,10000,,yes,0.035,0.9111475905555232
269,0.5229448687069468,0.9977629793068263,0.47481811059987955,"Horvitz-Thompson(recency=5.0,delta=0.20)",HT,5.0,0.2,10,20,169,10000,,yes,0.035,0.9111475905555232
270,0.5061836283327605,0.9429929509251308,0.43680932259237026,"Horvitz-Thompson(recency=5.0,delta=0.20)",HT,5.0,0.2,10,20,169,10000,,yes,0.035,0.9111475905555232
271,0.5294134583830475,0.9793076508471613,0.4498941924641138,"Horvitz-Thompson(recency=5.0,delta=0.20)",HT,5.0,0.2,10,20,169,10000,,yes,0.035,0.9111475905555232
272,0.5320209017912848,1.0255836595288106,0.4935627577375258,"Horvitz-Thompson(recency=5.0,delta=0.20)",HT,5.0,0.2,10,20,169,10000,,yes,0.035,0.9111475905555232
273,0.5347549801017435,0.9413950081295058,0.40664002802776233,"Horvitz-Thompson(recency=5.0,delta=0.20)",HT,5.0,0.2,10,20,169,10000,,yes,0.035,0.9111475905555232
274,0.5631670358731001,0.9513908160162615,0.3882237801431614,"Horvitz-Thompson(recency=5.0,delta=0.20)",HT,5.0,0.2,10,20,169,10000,,yes,0.035,0.9111475905555232
275,0.5284309691911758,0.994303151894872,0.4658721827036961,"Horvitz-Thompson(recency=5.0,delta=0.20)",HT,5.0,0.2,10,20,169,10000,,yes,0.035,0.9111475905555232
276,0.543216342377625,0.9561477882309691,0.4129314458533442,"Horvitz-Thompson(recency=5.0,delta=0.20)",HT,5.0,0.2,10,20,169,10000,,yes,0.035,0.9111475905555232
277,0.5107181362730329,0.9951481791149274,0.4844300428418945,"Horvitz-Thompson(recency=5.0,delta=0.20)",HT,5.0,0.2,10,20,169,10000,,yes,0.035,0.9111475905555232
278,0.5093277536255186,0.9734986888119321,0.4641709351864135,"Horvitz-Thompson(recency=5.0,delta=0.20)",HT,5.0,0.2,10,20,169,10000,,yes,0.035,0.9111475905555232
279,0.5312439523636547,1.0146890859011601,0.4834451335375054,"Horvitz-Thompson(recency=5.0,delta=0.20)",HT,5.0,0.2,10,20,169,10000,,yes,0.035,0.9111475905555232
280,0.5382038386134574,0.95697238427304,0.41876854565958255,"Horvitz-Thompson(recency=5.0,delta=0.20)",HT,5.0,0.2,10,20,169,10000,,yes,0.035,0.9111475905555232
281,0.5567194634458347,0.9129074510421419,0.3561879875963072,"Horvitz-Thompson(recency=5.0,delta=0.20)",HT,5.0,0.2,10,20,169,10000,,yes,0.035,0.9111475905555232
282,0.5154695713876568,0.9799721371114061,0.46450256572374926,"Horvitz-Thompson(recency=5.0,delta=0.20)",HT,5.0,0.2,10,20,169,10000,,yes,0.035,0.9111475905555232
283,0.5469495566541107,0.913741048654275,0.36679149200016425,"Horvitz-Thompson(recency=5.0,delta=0.20)",HT,5.0,0.2,10,20,169,10000,,yes,0.035,0.9111475905555232
284,0.5333203809168927,0.9645876428489374,0.4312672619320447,"Horvitz-Thompson(recency=5.0,delta=0.20)",HT,5.0,0.2,10,20,169,10000,,yes,0.035,0.9111475905555232
285,0.5263866260754806,0.9516181578431154,0.42523153176763484,"Horvitz-Thompson(recency=5.0,delta=0.20)",HT,5.0,0.2,10,20,169,10000,,yes,0.035,0.9111475905555232
286,0.5387592212428463,0.9540590004676739,0.41529977922482764,"Horvitz-Thompson(recency=5.0,delta=0.20)",HT,5.0,0.2,10,20,169,10000,,yes,0.035,0.9111475905555232
287,0.5384979692955109,0.9394883349029228,0.40099036560741197,"Horvitz-Thompson(recency=5.0,delta=0.20)",HT,5.0,0.2,10,20,169,10000,,yes,0.035,0.9111475905555232
288,0.5500040081958066,0.9381112848907941,0.38810727669498746,"Horvitz-Thompson(recency=5.0,delta=0.20)",HT,5.0,0.2,10,20,169,10000,,yes,0.035,0.9111475905555232
289,0.536869677444006,0.8941379756076441,0.35726829816363803,"Horvitz-Thompson(recency=5.0,delta=0.20)",HT,5.0,0.2,10,20,169,10000,,yes,0.035,0.9111475905555232
290,0.5196882030894886,0.9799947301918605,0.46030652710237185,"Horvitz-Thompson(recency=5.0,delta=0.20)",HT,5.0,0.2,10,20,169,10000,,yes,0.035,0.9111475905555232
291,0.5339234540989267,0.9596794155005577,0.42575596140163097,"Horvitz-Thompson(recency=5.0,delta=0.20)",HT,5.0,0.2,10,20,169,10000,,yes,0.035,0.9111475905555232
292,0.5549993905590168,0.9418864889779495,0.38688709841893265,"Horvitz-Thompson(recency=5.0,delta=0.20)",HT,5.0,0.2,10,20,169,10000,,yes,0.035,0.9111475905555232
293,0.5416347784848264,0.9511631026452826,0.40952832416045615,"Horvitz-Thompson(recency=5.0,delta=0.20)",HT,5.0,0.2,10,20,169,10000,,yes,0.035,0.9111475905555232
294,0.5036931175531056,0.9973595128123257,0.49366639525922007,"Horvitz-Thompson(recency=5.0,delta=0.20)",HT,5.0,0.2,10,20,169,10000,,yes,0.035,0.9111475905555232
295,0.5261885946968898,0.9523672049585974,0.42617861026170756,"Horvitz-Thompson(recency=5.0,delta=0.20)",HT,5.0,0.2,10,20,169,10000,,yes,0.035,0.9111475905555232
296,0.5266824833796288,1.0087579600779644,0.4820754766983356,"Horvitz-Thompson(recency=5.0,delta=0.20)",HT,5.0,0.2,10,20,169,10000,,yes,0.035,0.9111475905555232
297,0.5572147607234677,0.9327633411441185,0.37554858042065087,"Horvitz-Thompson(recency=5.0,delta=0.20)",HT,5.0,0.2,10,20,169,10000,,yes,0.035,0.9111475905555232
298,0.524478958181028,0.9993461812022342,0.4748672230212062,"Horvitz-Thompson(recency=5.0,delta=0.20)",HT,5.0,0.2,10,20,169,10000,,yes,0.035,0.9111475905555232
299,0.5252420744070748,0.9311533144970306,0.4059112400899558,"Horvitz-Thompson(recency=5.0,delta=0.20)",HT,5.0,0.2,10,20,169,10000,,yes,0.035,0.9111475905555232
300,0.5456449813519453,0.8858740491357253,0.34022906778378004,"Horvitz-Thompson(recency=5.0,delta=0.20)",HT,5.0,0.2,10,20,169,10000,,yes,0.035,0.9111475905555232
301,0.537653564621057,0.9721337236652987,0.43448015904424175,"Horvitz-Thompson(recency=5.0,delta=0.20)",HT,5.0,0.2,10,20,169,10000,,yes,0.035,0.9111475905555232
302,0.5186559080412664,0.9917052479957956,0.47304933995452925,"Horvitz-Thompson(recency=5.0,delta=0.20)",HT,5.0,0.2,10,20,169,10000,,yes,0.035,0.9111475905555232
303,0.5131918108189627,1.0130191063380232,0.49982729551906047,"Horvitz-Thompson(recency=5.0,delta=0.20)",HT,5.0,0.2,10,20,169,10000,,yes,0.035,0.9111475905555232
304,0.5192148859654959,0.9807561502986704,0.46154126433317444,"Horvitz-Thompson(recency=5.0,delta=0.20)",HT,5.0,0.2,10,20,169,10000,,yes,0.035,0.9111475905555232
305,0.5274796736683511,0.9366363361683239,0.40915666249997273,"Horvitz-Thompson(recency=5.0,delta=0.20)",HT,5.0,0.2,10,20,169,10000,,yes,0.035,0.9111475905555232
306,0.5180440585361431,1.009759586344188,0.49171552780804484,"Horvitz-Thompson(recency=5.0,delta=0.20)",HT,5.0,0.2,10,20,169,10000,,yes,0.035,0.9111475905555232
307,0.549845360926847,0.9641268517656743,0.41428149083882726,"Horvitz-Thompson(recency=5.0,delta=0.20)",HT,5.0,0.2,10,20,169,10000,,yes,0.035,0.9111475905555232
308,0.5449796716377463,0.9680434458739143,0.42306377423616803,"Horvitz-Thompson(recency=5.0,delta=0.20)",HT,5.0,0.2,10,20,169,10000,,yes,0.035,0.9111475905555232
309,0.5621121096962917,0.9346948619864361,0.3725827522901445,"Horvitz-Thompson(recency=5.0,delta=0.20)",HT,5.0,0.2,10,20,169,10000,,yes,0.035,0.9111475905555232
310,0.546631432896415,0.9395091764362855,0.3928777435398705,"Horvitz-Thompson(recency=5.0,delta=0.20)",HT,5.0,0.2,10,20,169,10000,,yes,0.035,0.9111475905555232
311,0.5133039094597073,0.9668347565899703,0.45353084713026304,"Horvitz-Thompson(recency=5.0,delta=0.20)",HT,5.0,0.2,10,20,169,10000,,yes,0.035,0.9111475905555232
312,0.5658708767964562,0.9183511023376836,0.3524802255412274,"Horvitz-Thompson(recency=5.0,delta=0.20)",HT,5.0,0.2,10,20,169,10000,,yes,0.035,0.9111475905555232
313,0.5557730469145543,0.9451358798511288,0.3893628329365745,"Horvitz-Thompson(recency=5.0,delta=0.20)",HT,5.0,0.2,10,20,169,10000,,yes,0.035,0.9111475905555232
314,0.5281310242221148,0.9582580126263757,0.4301269884042609,"Horvitz-Thompson(recency=5.0,delta=0.20)",HT,5.0,0.2,10,20,169,10000,,yes,0.035,0.9111475905555232
315,0.5652337868630216,0.8901566968873621,0.3249229100243405,"Horvitz-Thompson(recency=5.0,delta=0.20)",HT,5.0,0.2,10,20,169,10000,,yes,0.035,0.9111475905555232
316,0.5321391174938432,0.9583289493224911,0.4261898318286479,"Horvitz-Thompson(recency=5.0,delta=0.20)",HT,5.0,0.2,10,20,169,10000,,yes,0.035,0.9111475905555232
317,0.5387476744687671,0.9748280696634292,0.436080395194662,"Horvitz-Thompson(recency=5.0,delta=0.20)",HT,5.0,0.2,10,20,169,10000,,yes,0.035,0.9111475905555232
318,0.5291462049252241,0.9897983253589766,0.4606521204337525,"Horvitz-Thompson(recency=5.0,delta=0.20)",HT,5.0,0.2,10,20,169,10000,,yes,0.035,0.9111475905555232
319,0.559199010430011,0.913419175506221,0.35422016507621,"Horvitz-Thompson(recency=5.0,delta=0.20)",HT,5.0,0.2,10,20,169,10000,,yes,0.035,0.9111475905555232
320,0.5392171552555935,0.9456579746080827,0.4064408193524891,"Horvitz-Thompson(recency=5.0,delta=0.20)",HT,5.0,0.2,10,20,169,10000,,yes,0.035,0.9111475905555232
321,0.5197434857750939,1.0287612091991747,0.5090177234240808,"Horvitz-Thompson(recency=5.0,delta=0.20)",HT,5.0,0.2,10,20,169,10000,,yes,0.035,0.9111475905555232
322,0.5394882975509845,0.8859035720038925,0.346415274452908,"Horvitz-Thompson(recency=5.0,delta=0.20)",HT,5.0,0.2,10,20,169,10000,,yes,0.035,0.9111475905555232
323,0.5703294676334898,0.8979550054946178,0.327625537861128,"Horvitz-Thompson(recency=5.0,delta=0.20)",HT,5.0,0.2,10,20,169,10000,,yes,0.035,0.9111475905555232
324,0.5165818041702238,0.9874303001244283,0.4708484959542045,"Horvitz-Thompson(recency=5.0,delta=0.20)",HT,5.0,0.2,10,20,169,10000,,yes,0.035,0.9111475905555232
325,0.5371299486129656,0.9679829473913926,0.430852998778427,"Horvitz-Thompson(recency=5.0,delta=0.20)",HT,5.0,0.2,10,20,169,10000,,yes,0.035,0.9111475905555232
326,0.5387942787017039,0.9897457256649774,0.4509514469632735,"Horvitz-Thompson(recency=5.0,delta=0.20)",HT,5.0,0.2,10,20,169,10000,,yes,0.035,0.9111475905555232
327,0.5138676989969068,0.9620431103109637,0.4481754113140569,"Horvitz-Thompson(recency=5.0,delta=0.20)",HT,5.0,0.2,10,20,169,10000,,yes,0.035,0.9111475905555232
328,0.5508494449528271,0.9031540769484724,0.3523046319956453,"Horvitz-Thompson(recency=5.0,delta=0.20)",HT,5.0,0.2,10,20,169,10000,,yes,0.035,0.9111475905555232
329,0.5656681716399917,0.9387266952729711,0.3730585236329794,"Horvitz-Thompson(recency=5.0,delta=0.20)",HT,5.0,0.2,10,20,169,10000,,yes,0.035,0.9111475905555232
330,0.5448791748181907,0.9135884752200886,0.36870930040189787,"Horvitz-Thompson(recency=5.0,delta=0.20)",HT,5.0,0.2,10,20,169,10000,,yes,0.035,0.9111475905555232
331,0.5302505228193535,0.9749827703179875,0.44473224749863405,"Horvitz-Thompson(recency=5.0,delta=0.20)",HT,5.0,0.2,10,20,169,10000,,yes,0.035,0.9111475905555232
332,0.552411388052128,0.9002725846108852,0.34786119655875725,"Horvitz-Thompson(recency=5.0,delta=0.20)",HT,5.0,0.2,10,20,169,10000,,yes,0.035,0.9111475905555232
333,0.521190855870404,1.0273423692608576,0.5061515133904536,"Horvitz-Thompson(recency=5.0,delta=0.20)",HT,5.0,0.2,10,20,169,10000,,yes,0.035,0.9111475905555232
334,0.5609418766385483,0.9356672134254175,0.37472533678686915,"Horvitz-Thompson(recency=5.0,delta=0.20)",HT,5.0,0.2,10,20,169,10000,,yes,0.035,0.9111475905555232
335,0.5050520228852734,0.9977560247954846,0.49270400191021124,"Horvitz-Thompson(recency=5.0,delta=0.20)",HT,5.0,0.2,10,20,169,10000,,yes,0.035,0.9111475905555232
336,0.5334799161688636,0.9965033370786978,0.46302342090983417,"Horvitz-Thompson(recency=5.0,delta=0.20)",HT,5.0,0.2,10,20,169,10000,,yes,0.035,0.9111475905555232
337,0.55529771786555,0.8899727118203942,0.3346749939548441,"Horvitz-Thompson(recency=5.0,delta=0.20)",HT,5.0,0.2,10,20,169,10000,,yes,0.035,0.9111475905555232
338,0.5351161683197163,0.9668906560134759,0.4317744876937596,"Horvitz-Thompson(recency=5.0,delta=0.20)",HT,5.0,0.2,10,20,169,10000,,yes,0.035,0.9111475905555232
339,0.5458227928341626,0.9659357729754681,0.4201129801413055,"Horvitz-Thompson(recency=5.0,delta=0.20)",HT,5.0,0.2,10,20,169,10000,,yes,0.035,0.9111475905555232
340,0.5231946725857463,0.961809231630504,0.43861455904475777,"Horvitz-Thompson(recency=5.0,delta=0.20)",HT,5.0,0.2,10,20,169,10000,,yes,0.035,0.9111475905555232
341,0.5390875792088831,0.9618727838186036,0.4227852046097206,"Horvitz-Thompson(recency=5.0,delta=0.20)",HT,5.0,0.2,10,20,169,10000,,yes,0.035,0.9111475905555232
342,0.5454732817045282,0.9783252130698774,0.43285193136534916,"Horvitz-Thompson(recency=5.0,delta=0.20)",HT,5.0,0.2,10,20,169,10000,,yes,0.035,0.9111475905555232
343,0.5207000361843175,0.9780331945045683,0.4573331583202508,"Horvitz-Thompson(recency=5.0,delta=0.20)",HT,5.0,0.2,10,20,169,10000,,yes,0.035,0.9111475905555232
344,0.5368232293775476,0.920760417554444,0.3839371881768965,"Horvitz-Thompson(recency=5.0,delta=0.20)",HT,5.0,0.2,10,20,169,10000,,yes,0.035,0.9111475905555232
345,0.5063167349007044,0.9825452909190295,0.47622855601832514,"Horvitz-Thompson(recency=5.0,delta=0.20)",HT,5.0,0.2,10,20,169,10000,,yes,0.035,0.9111475905555232
346,0.5401171502237876,0.9424874973201626,0.402370347096375,"Horvitz-Thompson(recency=5.0,delta=0.20)",HT,5.0,0.2,10,20,169,10000,,yes,0.035,0.9111475905555232
347,0.5029953581313024,0.9696640464443116,0.46666868831300923,"Horvitz-Thompson(recency=5.0,delta=0.20)",HT,5.0,0.2,10,20,169,10000,,yes,0.035,0.9111475905555232
348,0.5237237586811928,0.938693921634823,0.4149701629536302,"Horvitz-Thompson(recency=5.0,delta=0.20)",HT,5.0,0.2,10,20,169,10000,,yes,0.035,0.9111475905555232
349,0.5263753242306463,0.9844146789975146,0.4580393547668683,"Horvitz-Thompson(recency=5.0,delta=0.20)",HT,5.0,0.2,10,20,169,10000,,yes,0.035,0.9111475905555232
350,0.5510096394192435,0.9714772825214193,0.42046764310217577,"Horvitz-Thompson(recency=5.0,delta=0.20)",HT,5.0,0.2,10,20,169,10000,,yes,0.035,0.9111475905555232
351,0.5264815897755369,0.9714114542604622,0.4449298644849252,"Horvitz-Thompson(recency=5.0,delta=0.20)",HT,5.0,0.2,10,20,169,10000,,yes,0.035,0.9111475905555232
352,0.5285274910541908,0.9751155891668298,0.446588098112639,"Horvitz-Thompson(recency=5.0,delta=0.20)",HT,5.0,0.2,10,20,169,10000,,yes,0.035,0.9111475905555232
353,0.5522936671887576,0.8933684019972078,0.3410747348084502,"Horvitz-Thompson(recency=5.0,delta=0.20)",HT,5.0,0.2,10,20,169,10000,,yes,0.035,0.9111475905555232
354,0.5479151662253371,0.9472136781358086,0.3992985119104715,"Horvitz-Thompson(recency=5.0,delta=0.20)",HT,5.0,0.2,10,20,169,10000,,yes,0.035,0.9111475905555232
355,0.5321946321490231,0.9449284206650217,0.4127337885159986,"Horvitz-Thompson(recency=5.0,delta=0.20)",HT,5.0,0.2,10,20,169,10000,,yes,0.035,0.9111475905555232
356,0.561738303498952,0.9747380106396758,0.41299970714072376,"Horvitz-Thompson(recency=5.0,delta=0.20)",HT,5.0,0.2,10,20,169,10000,,yes,0.035,0.9111475905555232
357,0.542277763700629,0.9252712546764302,0.38299349097580127,"Horvitz-Thompson(recency=5.0,delta=0.20)",HT,5.0,0.2,10,20,169,10000,,yes,0.035,0.9111475905555232
358,0.5299970458211666,0.9138934001053638,0.3838963542841972,"Horvitz-Thompson(recency=5.0,delta=0.20)",HT,5.0,0.2,10,20,169,10000,,yes,0.035,0.9111475905555232
359,0.5303525693371265,0.9944229949232272,0.4640704255861007,"Horvitz-Thompson(recency=5.0,delta=0.20)",HT,5.0,0.2,10,20,169,10000,,yes,0.035,0.9111475905555232
360,0.5491285001408173,0.9028926113100517,0.35376411116923445,"Horvitz-Thompson(recency=5.0,delta=0.20)",HT,5.0,0.2,10,20,169,10000,,yes,0.035,0.9111475905555232
361,0.5467666680842479,0.9039582287974952,0.3571915607132473,"Horvitz-Thompson(recency=5.0,delta=0.20)",HT,5.0,0.2,10,20,169,10000,,yes,0.035,0.9111475905555232
362,0.5316925012107762,0.9894822301418039,0.45778972893102776,"Horvitz-Thompson(recency=5.0,delta=0.20)",HT,5.0,0.2,10,20,169,10000,,yes,0.035,0.9111475905555232
363,0.53597962203929,0.9380433195572981,0.4020636975180082,"Horvitz-Thompson(recency=5.0,delta=0.20)",HT,5.0,0.2,10,20,169,10000,,yes,0.035,0.9111475905555232
364,0.5330714453072363,0.9916018289676292,0.4585303836603929,"Horvitz-Thompson(recency=5.0,delta=0.20)",HT,5.0,0.2,10,20,169,10000,,yes,0.035,0.9111475905555232
365,0.5252939735847584,0.9302366840843971,0.4049427104996387,"Horvitz-Thompson(recency=5.0,delta=0.20)",HT,5.0,0.2,10,20,169,10000,,yes,0.035,0.9111475905555232
366,0.5302722619367216,1.0129568628270404,0.48268460089031884,"Horvitz-Thompson(recency=5.0,delta=0.20)",HT,5.0,0.2,10,20,169,10000,,yes,0.035,0.9111475905555232
367,0.5176970505871601,0.9918935738303372,0.47419652324317707,"Horvitz-Thompson(recency=5.0,delta=0.20)",HT,5.0,0.2,10,20,169,10000,,yes,0.035,0.9111475905555232
368,0.5550580147644961,0.9382787953060779,0.3832207805415818,"Horvitz-Thompson(recency=5.0,delta=0.20)",HT,5.0,0.2,10,20,169,10000,,yes,0.035,0.9111475905555232
369,0.5507468714372213,0.9531096972473323,0.40236282581011096,"Horvitz-Thompson(recency=5.0,delta=0.20)",HT,5.0,0.2,10,20,169,10000,,yes,0.035,0.9111475905555232
370,0.5432566660643334,0.9836204036204668,0.44036373755613334,"Horvitz-Thompson(recency=5.0,delta=0.20)",HT,5.0,0.2,10,20,169,10000,,yes,0.035,0.9111475905555232
371,0.5279548795808577,1.004730100144959,0.47677522056410115,"Horvitz-Thompson(recency=5.0,delta=0.20)",HT,5.0,0.2,10,20,169,10000,,yes,0.035,0.9111475905555232
372,0.5515210156797211,0.9316407105004666,0.3801196948207455,"Horvitz-Thompson(recency=5.0,delta=0.20)",HT,5.0,0.2,10,20,169,10000,,yes,0.035,0.9111475905555232
373,0.5324624775068117,0.9489105144463448,0.41644803693953303,"Horvitz-Thompson(recency=5.0,delta=0.20)",HT,5.0,0.2,10,20,169,10000,,yes,0.035,0.9111475905555232
374,0.5361752959991836,0.9893302989914832,0.4531550029922996,"Horvitz-Thompson(recency=5.0,delta=0.20)",HT,5.0,0.2,10,20,169,10000,,yes,0.035,0.9111475905555232
375,0.5237278933633094,0.964447054573036,0.44071916120972665,"Horvitz-Thompson(recency=5.0,delta=0.20)",HT,5.0,0.2,10,20,169,10000,,yes,0.035,0.9111475905555232
376,0.5410164143850947,0.9893298038357913,0.44831338945069654,"Horvitz-Thompson(recency=5.0,delta=0.20)",HT,5.0,0.2,10,20,169,10000,,yes,0.035,0.9111475905555232
377,0.5287676398670883,0.9831210593445703,0.454353419477482,"Horvitz-Thompson(recency=5.0,delta=0.20)",HT,5.0,0.2,10,20,169,10000,,yes,0.035,0.9111475905555232
378,0.533272251170233,0.9611070938184285,0.4278348426481955,"Horvitz-Thompson(recency=5.0,delta=0.20)",HT,5.0,0.2,10,20,169,10000,,yes,0.035,0.9111475905555232
379,0.5511173729188373,0.9426140236570286,0.3914966507381913,"Horvitz-Thompson(recency=5.0,delta=0.20)",HT,5.0,0.2,10,20,169,10000,,yes,0.035,0.9111475905555232
380,0.51127450840739,1.0008893446194036,0.4896148362120136,"Horvitz-Thompson(recency=5.0,delta=0.20)",HT,5.0,0.2,10,20,169,10000,,yes,0.035,0.9111475905555232
381,0.5267803753193201,0.9161200162476902,0.38933964092837015,"Horvitz-Thompson(recency=5.0,delta=0.20)",HT,5.0,0.2,10,20,169,10000,,yes,0.035,0.9111475905555232
382,0.5368223246254916,0.9735485505772419,0.43672622595175026,"Horvitz-Thompson(recency=5.0,delta=0.20)",HT,5.0,0.2,10,20,169,10000,,yes,0.035,0.9111475905555232
383,0.5515000173126455,0.9571112053590409,0.4056111880463954,"Horvitz-Thompson(recency=5.0,delta=0.20)",HT,5.0,0.2,10,20,169,10000,,yes,0.035,0.9111475905555232
384,0.5656560024599647,0.9192701288248187,0.353614126364854,"Horvitz-Thompson(recency=5.0,delta=0.20)",HT,5.0,0.2,10,20,169,10000,,yes,0.035,0.9111475905555232
385,0.5339738627302194,0.9651834800709789,0.43120961734075947,"Horvitz-Thompson(recency=5.0,delta=0.20)",HT,5.0,0.2,10,20,169,10000,,yes,0.035,0.9111475905555232
386,0.5172078411035541,0.9949370676326481,0.477729226529094,"Horvitz-Thompson(recency=5.0,delta=0.20)",HT,5.0,0.2,10,20,169,10000,,yes,0.035,0.9111475905555232
387,0.5381693961815466,0.9238511467953355,0.38568175061378895,"Horvitz-Thompson(recency=5.0,delta=0.20)",HT,5.0,0.2,10,20,169,10000,,yes,0.035,0.9111475905555232
388,0.5665114904978167,0.9519872668385034,0.38547577634068675,"Horvitz-Thompson(recency=5.0,delta=0.20)",HT,5.0,0.2,10,20,169,10000,,yes,0.035,0.9111475905555232
389,0.5139570063575446,0.9443808147693828,0.43042380841183825,"Horvitz-Thompson(recency=5.0,delta=0.20)",HT,5.0,0.2,10,20,169,10000,,yes,0.035,0.9111475905555232
390,0.56384440182257,0.9149950474615762,0.3511506456390062,"Horvitz-Thompson(recency=5.0,delta=0.20)",HT,5.0,0.2,10,20,169,10000,,yes,0.035,0.9111475905555232
391,0.5103834293614717,0.9841863918039305,0.4738029624424588,"Horvitz-Thompson(recency=5.0,delta=0.20)",HT,5.0,0.2,10,20,169,10000,,yes,0.035,0.9111475905555232
392,0.5448196170272197,0.9711835544572949,0.42636393743007517,"Horvitz-Thompson(recency=5.0,delta=0.20)",HT,5.0,0.2,10,20,169,10000,,yes,0.035,0.9111475905555232
393,0.5747913543533582,0.8911297468859326,0.31633839253257445,"Horvitz-Thompson(recency=5.0,delta=0.20)",HT,5.0,0.2,10,20,169,10000,,yes,0.035,0.9111475905555232
394,0.5525921090866242,1.0109478725689354,0.4583557634823112,"Horvitz-Thompson(recency=5.0,delta=0.20)",HT,5.0,0.2,10,20,169,10000,,yes,0.035,0.9111475905555232
395,0.5124676449288151,0.9977664627085976,0.48529881777978245,"Horvitz-Thompson(recency=5.0,delta=0.20)",HT,5.0,0.2,10,20,169,10000,,yes,0.035,0.9111475905555232
396,0.5306291285004336,0.9382662319631956,0.40763710346276194,"Horvitz-Thompson(recency=5.0,delta=0.20)",HT,5.0,0.2,10,20,169,10000,,yes,0.035,0.9111475905555232
397,0.5150715838585168,1.000823050003548,0.4857514661450312,"Horvitz-Thompson(recency=5.0,delta=0.20)",HT,5.0,0.2,10,20,169,10000,,yes,0.035,0.9111475905555232
398,0.548806638500228,0.9551326350332491,0.40632599653302104,"Horvitz-Thompson(recency=5.0,delta=0.20)",HT,5.0,0.2,10,20,169,10000,,yes,0.035,0.9111475905555232
399,0.5601696233701063,0.8929608293744963,0.33279120600438994,"Horvitz-Thompson(recency=5.0,delta=0.20)",HT,5.0,0.2,10,20,169,10000,,yes,0.035,0.9111475905555232
400,0.5519766067172199,0.9352106301033528,0.3832340233861329,"Horvitz-Thompson(recency=5.0,delta=0.20)",HT,5.0,0.2,10,20,169,10000,,yes,0.035,0.9111475905555232
401,0.526384842380061,0.9863179698135867,0.45993312743352566,"Horvitz-Thompson(recency=5.0,delta=0.20)",HT,5.0,0.2,10,20,169,10000,,yes,0.035,0.9111475905555232
402,0.5131963605774034,1.0158307169176017,0.5026343563401984,"Horvitz-Thompson(recency=5.0,delta=0.20)",HT,5.0,0.2,10,20,169,10000,,yes,0.035,0.9111475905555232
403,0.5208103942225587,0.9741442241076352,0.45333382988507653,"Horvitz-Thompson(recency=5.0,delta=0.20)",HT,5.0,0.2,10,20,169,10000,,yes,0.035,0.9111475905555232
404,0.5403005958851523,0.9322747516004605,0.39197415571530814,"Horvitz-Thompson(recency=5.0,delta=0.20)",HT,5.0,0.2,10,20,169,10000,,yes,0.035,0.9111475905555232
405,0.5553832148662025,0.9546281705231854,0.3992449556569829,"Horvitz-Thompson(recency=5.0,delta=0.20)",HT,5.0,0.2,10,20,169,10000,,yes,0.035,0.9111475905555232
406,0.5490199541359218,0.9608344709450048,0.4118145168090831,"Horvitz-Thompson(recency=5.0,delta=0.20)",HT,5.0,0.2,10,20,169,10000,,yes,0.035,0.9111475905555232
407,0.5237852142345424,0.9521533427946269,0.42836812856008455,"Horvitz-Thompson(recency=5.0,delta=0.20)",HT,5.0,0.2,10,20,169,10000,,yes,0.035,0.9111475905555232
408,0.5141618457890712,0.975148102856647,0.4609862570675758,"Horvitz-Thompson(recency=5.0,delta=0.20)",HT,5.0,0.2,10,20,169,10000,,yes,0.035,0.9111475905555232
409,0.5336207397888887,0.9602549245380042,0.4266341847491155,"Horvitz-Thompson(recency=5.0,delta=0.20)",HT,5.0,0.2,10,20,169,10000,,yes,0.035,0.9111475905555232
410,0.5196367574204677,0.986473792366271,0.4668370349458033,"Horvitz-Thompson(recency=5.0,delta=0.20)",HT,5.0,0.2,10,20,169,10000,,yes,0.035,0.9111475905555232
411,0.5439694093374372,0.9727792114598058,0.42880980212236863,"Horvitz-Thompson(recency=5.0,delta=0.20)",HT,5.0,0.2,10,20,169,10000,,yes,0.035,0.9111475905555232
412,0.5336955348647519,0.9641444400504099,0.43044890518565804,"Horvitz-Thompson(recency=5.0,delta=0.20)",HT,5.0,0.2,10,20,169,10000,,yes,0.035,0.9111475905555232
413,0.54853074021611,0.9527428879637476,0.4042121477476376,"Horvitz-Thompson(recency=5.0,delta=0.20)",HT,5.0,0.2,10,20,169,10000,,yes,0.035,0.9111475905555232
414,0.5515237844393257,0.9696287235295021,0.41810493909017643,"Horvitz-Thompson(recency=5.0,delta=0.20)",HT,5.0,0.2,10,20,169,10000,,yes,0.035,0.9111475905555232
415,0.5645712453689604,0.910945714195621,0.34637446882666056,"Horvitz-Thompson(recency=5.0,delta=0.20)",HT,5.0,0.2,10,20,169,10000,,yes,0.035,0.9111475905555232
416,0.5331637112617849,0.9669834632089087,0.43381975194712386,"Horvitz-Thompson(recency=5.0,delta=0.20)",HT,5.0,0.2,10,20,169,10000,,yes,0.035,0.9111475905555232
417,0.5210862235422773,0.9453207715475117,0.4242345480052344,"Horvitz-Thompson(recency=5.0,delta=0.20)",HT,5.0,0.2,10,20,169,10000,,yes,0.035,0.9111475905555232
418,0.5234197210512362,0.9821936460551381,0.4587739250039019,"Horvitz-Thompson(recency=5.0,delta=0.20)",HT,5.0,0.2,10,20,169,10000,,yes,0.035,0.9111475905555232
419,0.5375475839834936,0.9959419430605669,0.4583943590770734,"Horvitz-Thompson(recency=5.0,delta=0.20)",HT,5.0,0.2,10,20,169,10000,,yes,0.035,0.9111475905555232
420,0.5294153564077045,0.9981582423281172,0.4687428859204127,"Horvitz-Thompson(recency=5.0,delta=0.20)",HT,5.0,0.2,10,20,169,10000,,yes,0.035,0.9111475905555232
421,0.5130049626460846,1.0525847413874403,0.5395797787413557,"Horvitz-Thompson(recency=5.0,delta=0.20)",HT,5.0,0.2,10,20,169,10000,,yes,0.035,0.9111475905555232
422,0.5244834983401714,0.9742263916352893,0.44974289329511796,"Horvitz-Thompson(recency=5.0,delta=0.20)",HT,5.0,0.2,10,20,169,10000,,yes,0.035,0.9111475905555232
423,0.5473011832257083,0.9976999786136977,0.45039879538798944,"Horvitz-Thompson(recency=5.0,delta=0.20)",HT,5.0,0.2,10,20,169,10000,,yes,0.035,0.9111475905555232
424,0.5460903794321798,0.9880292694689202,0.4419388900367405,"Horvitz-Thompson(recency=5.0,delta=0.20)",HT,5.0,0.2,10,20,169,10000,,yes,0.035,0.9111475905555232
425,0.5476570310721572,0.9686156958540507,0.4209586647818935,"Horvitz-Thompson(recency=5.0,delta=0.20)",HT,5.0,0.2,10,20,169,10000,,yes,0.035,0.9111475905555232
426,0.5223898903364442,0.9517600409476591,0.42937015061121486,"Horvitz-Thompson(recency=5.0,delta=0.20)",HT,5.0,0.2,10,20,169,10000,,yes,0.035,0.9111475905555232
427,0.5557297300379327,0.9215951880931001,0.36586545805516746,"Horvitz-Thompson(recency=5.0,delta=0.20)",HT,5.0,0.2,10,20,169,10000,,yes,0.035,0.9111475905555232
428,0.5160603884539031,0.9760682067902369,0.46000781833633375,"Horvitz-Thompson(recency=5.0,delta=0.20)",HT,5.0,0.2,10,20,169,10000,,yes,0.035,0.9111475905555232
429,0.5558822935372186,0.9842166625879059,0.4283343690506872,"Horvitz-Thompson(recency=5.0,delta=0.20)",HT,5.0,0.2,10,20,169,10000,,yes,0.035,0.9111475905555232
430,0.5623100680625029,0.9196227621992656,0.3573126941367627,"Horvitz-Thompson(recency=5.0,delta=0.20)",HT,5.0,0.2,10,20,169,10000,,yes,0.035,0.9111475905555232
431,0.5390068465454353,1.0257710375488334,0.4867641910033981,"Horvitz-Thompson(recency=5.0,delta=0.20)",HT,5.0,0.2,10,20,169,10000,,yes,0.035,0.9111475905555232
432,0.5333746949593559,0.9973021833435496,0.46392748838419373,"Horvitz-Thompson(recency=5.0,delta=0.20)",HT,5.0,0.2,10,20,169,10000,,yes,0.035,0.9111475905555232
433,0.5411053281238501,0.9703541963762942,0.429248868252444,"Horvitz-Thompson(recency=5.0,delta=0.20)",HT,5.0,0.2,10,20,169,10000,,yes,0.035,0.9111475905555232
434,0.5304680945773282,1.0141725543369664,0.48370445975963816,"Horvitz-Thompson(recency=5.0,delta=0.20)",HT,5.0,0.2,10,20,169,10000,,yes,0.035,0.9111475905555232
435,0.5195467279451841,1.0057198211662233,0.4861730932210392,"Horvitz-Thompson(recency=5.0,delta=0.20)",HT,5.0,0.2,10,20,169,10000,,yes,0.035,0.9111475905555232
436,0.5247458301805376,0.977672230994735,0.45292640081419744,"Horvitz-Thompson(recency=5.0,delta=0.20)",HT,5.0,0.2,10,20,169,10000,,yes,0.035,0.9111475905555232
437,0.5125547525365328,0.9559437979915633,0.44338904545503044,"Horvitz-Thompson(recency=5.0,delta=0.20)",HT,5.0,0.2,10,20,169,10000,,yes,0.035,0.9111475905555232
438,0.5310855463036271,0.9792181413077556,0.4481325950041285,"Horvitz-Thompson(recency=5.0,delta=0.20)",HT,5.0,0.2,10,20,169,10000,,yes,0.035,0.9111475905555232
439,0.5466564055933104,0.9296644664905719,0.38300806089726147,"Horvitz-Thompson(recency=5.0,delta=0.20)",HT,5.0,0.2,10,20,169,10000,,yes,0.035,0.9111475905555232
440,0.5296204274679157,0.89910219686956,0.36948176940164434,"Horvitz-Thompson(recency=5.0,delta=0.20)",HT,5.0,0.2,10,20,169,10000,,yes,0.035,0.9111475905555232
441,0.5382813434700355,0.9856206820425191,0.44733933857248354,"Horvitz-Thompson(recency=5.0,delta=0.20)",HT,5.0,0.2,10,20,169,10000,,yes,0.035,0.9111475905555232
442,0.5402541067828237,0.93673587138728,0.3964817646044563,"Horvitz-Thompson(recency=5.0,delta=0.20)",HT,5.0,0.2,10,20,169,10000,,yes,0.035,0.9111475905555232
443,0.5725121144188712,0.9328518960504959,0.3603397816316247,"Horvitz-Thompson(recency=5.0,delta=0.20)",HT,5.0,0.2,10,20,169,10000,,yes,0.035,0.9111475905555232
444,0.5424539012574362,0.9604603717238549,0.4180064704664187,"Horvitz-Thompson(recency=5.0,delta=0.20)",HT,5.0,0.2,10,20,169,10000,,yes,0.035,0.9111475905555232
445,0.5526865379177291,0.9796355816194567,0.4269490437017276,"Horvitz-Thompson(recency=5.0,delta=0.20)",HT,5.0,0.2,10,20,169,10000,,yes,0.035,0.9111475905555232
446,0.5605547553299104,0.917843603775181,0.35728884844527065,"Horvitz-Thompson(recency=5.0,delta=0.20)",HT,5.0,0.2,10,20,169,10000,,yes,0.035,0.9111475905555232
447,0.5508274330074179,0.9655957639313401,0.4147683309239222,"Horvitz-Thompson(recency=5.0,delta=0.20)",HT,5.0,0.2,10,20,169,10000,,yes,0.035,0.9111475905555232
448,0.5115897362148302,1.0172200552588322,0.505630319044002,"Horvitz-Thompson(recency=5.0,delta=0.20)",HT,5.0,0.2,10,20,169,10000,,yes,0.035,0.9111475905555232
449,0.561160049363571,0.9374640659586142,0.3763040165950432,"Horvitz-Thompson(recency=5.0,delta=0.20)",HT,5.0,0.2,10,20,169,10000,,yes,0.035,0.9111475905555232
450,0.5301469630480065,0.9726438012183164,0.44249683817030994,"Horvitz-Thompson(recency=5.0,delta=0.20)",HT,5.0,0.2,10,20,169,10000,,yes,0.035,0.9111475905555232
451,0.5109015163163557,1.0348236431848077,0.523922126868452,"Horvitz-Thompson(recency=5.0,delta=0.20)",HT,5.0,0.2,10,20,169,10000,,yes,0.035,0.9111475905555232
452,0.5330500653041231,0.9847209040783134,0.45167083877419023,"Horvitz-Thompson(recency=5.0,delta=0.20)",HT,5.0,0.2,10,20,169,10000,,yes,0.035,0.9111475905555232
453,0.5366757310900198,0.9695927761583197,0.4329170450683,"Horvitz-Thompson(recency=5.0,delta=0.20)",HT,5.0,0.2,10,20,169,10000,,yes,0.035,0.9111475905555232
454,0.5453471098675249,0.9357834767293329,0.39043636686180805,"Horvitz-Thompson(recency=5.0,delta=0.20)",HT,5.0,0.2,10,20,169,10000,,yes,0.035,0.9111475905555232
455,0.5600741119649781,0.9151005086863049,0.35502639672132674,"Horvitz-Thompson(recency=5.0,delta=0.20)",HT,5.0,0.2,10,20,169,10000,,yes,0.035,0.9111475905555232
456,0.5328356971397309,0.9913945016474149,0.45855880450768405,"Horvitz-Thompson(recency=5.0,delta=0.20)",HT,5.0,0.2,10,20,169,10000,,yes,0.035,0.9111475905555232
457,0.5540507076834881,0.9098737295202922,0.35582302183680414,"Horvitz-Thompson(recency=5.0,delta=0.20)",HT,5.0,0.2,10,20,169,10000,,yes,0.035,0.9111475905555232
458,0.5169828695605148,0.986850933295343,0.46986806373482826,"Horvitz-Thompson(recency=5.0,delta=0.20)",HT,5.0,0.2,10,20,169,10000,,yes,0.035,0.9111475905555232
459,0.5401994830591235,0.9813270626737853,0.44112757961466187,"Horvitz-Thompson(recency=5.0,delta=0.20)",HT,5.0,0.2,10,20,169,10000,,yes,0.035,0.9111475905555232
460,0.5198945557406887,0.9722909816260086,0.4523964258853199,"Horvitz-Thompson(recency=5.0,delta=0.20)",HT,5.0,0.2,10,20,169,10000,,yes,0.035,0.9111475905555232
461,0.5362929605799472,0.9583590451936035,0.42206608461365624,"Horvitz-Thompson(recency=5.0,delta=0.20)",HT,5.0,0.2,10,20,169,10000,,yes,0.035,0.9111475905555232
462,0.554234985173974,0.9487751537461211,0.39454016857214713,"Horvitz-Thompson(recency=5.0,delta=0.20)",HT,5.0,0.2,10,20,169,10000,,yes,0.035,0.9111475905555232
463,0.5239528257283664,0.9928292781034714,0.468876452375105,"Horvitz-Thompson(recency=5.0,delta=0.20)",HT,5.0,0.2,10,20,169,10000,,yes,0.035,0.9111475905555232
464,0.5638067412879647,0.9298549320072067,0.366048190719242,"Horvitz-Thompson(recency=5.0,delta=0.20)",HT,5.0,0.2,10,20,169,10000,,yes,0.035,0.9111475905555232
465,0.535664337561203,0.9669691666974622,0.4313048291362592,"Horvitz-Thompson(recency=5.0,delta=0.20)",HT,5.0,0.2,10,20,169,10000,,yes,0.035,0.9111475905555232
466,0.5383633811893106,1.0027759294542593,0.4644125482649487,"Horvitz-Thompson(recency=5.0,delta=0.20)",HT,5.0,0.2,10,20,169,10000,,yes,0.035,0.9111475905555232
467,0.5350346781770003,0.9711516211020842,0.43611694292508385,"Horvitz-Thompson(recency=5.0,delta=0.20)",HT,5.0,0.2,10,20,169,10000,,yes,0.035,0.9111475905555232
468,0.5397540152037628,0.9744415225006228,0.43468750729686,"Horvitz-Thompson(recency=5.0,delta=0.20)",HT,5.0,0.2,10,20,169,10000,,yes,0.035,0.9111475905555232
469,0.5249645963297463,0.9696250538872544,0.44466045755750805,"Horvitz-Thompson(recency=5.0,delta=0.20)",HT,5.0,0.2,10,20,169,10000,,yes,0.035,0.9111475905555232
470,0.5255113208130173,0.9470582943971426,0.4215469735841253,"Horvitz-Thompson(recency=5.0,delta=0.20)",HT,5.0,0.2,10,20,169,10000,,yes,0.035,0.9111475905555232
471,0.537574817470924,0.9780175419730711,0.44044272450214716,"Horvitz-Thompson(recency=5.0,delta=0.20)",HT,5.0,0.2,10,20,169,10000,,yes,0.035,0.9111475905555232
472,0.5383700392773073,0.8899493066517604,0.3515792673744531,"Horvitz-Thompson(recency=5.0,delta=0.20)",HT,5.0,0.2,10,20,169,10000,,yes,0.035,0.9111475905555232
473,0.4984908097430312,1.0035145618353736,0.5050237520923424,"Horvitz-Thompson(recency=5.0,delta=0.20)",HT,5.0,0.2,10,20,169,10000,,yes,0.035,0.9111475905555232
474,0.5493362779624453,0.9689126630431188,0.4195763850806735,"Horvitz-Thompson(recency=5.0,delta=0.20)",HT,5.0,0.2,10,20,169,10000,,yes,0.035,0.9111475905555232
475,0.5517504710903606,0.9486417653654015,0.3968912942750409,"Horvitz-Thompson(recency=5.0,delta=0.20)",HT,5.0,0.2,10,20,169,10000,,yes,0.035,0.9111475905555232
476,0.5547665571576269,0.966605397865923,0.41183884070829613,"Horvitz-Thompson(recency=5.0,delta=0.20)",HT,5.0,0.2,10,20,169,10000,,yes,0.035,0.9111475905555232
477,0.5668358860854759,0.987682085708288,0.4208461996228121,"Horvitz-Thompson(recency=5.0,delta=0.20)",HT,5.0,0.2,10,20,169,10000,,yes,0.035,0.9111475905555232
478,0.4806205148091664,1.0972289961854278,0.6166084813762613,"Horvitz-Thompson(recency=5.0,delta=0.20)",HT,5.0,0.2,10,20,169,10000,,yes,0.035,0.9111475905555232
479,0.5310188666623393,0.988292063102892,0.45727319644055264,"Horvitz-Thompson(recency=5.0,delta=0.20)",HT,5.0,0.2,10,20,169,10000,,yes,0.035,0.9111475905555232
480,0.5390030028900104,0.9099389827013082,0.3709359798112979,"Horvitz-Thompson(recency=5.0,delta=0.20)",HT,5.0,0.2,10,20,169,10000,,yes,0.035,0.9111475905555232
481,0.5374678048814635,0.9733661147937773,0.4358983099123138,"Horvitz-Thompson(recency=5.0,delta=0.20)",HT,5.0,0.2,10,20,169,10000,,yes,0.035,0.9111475905555232
482,0.5286610695938575,0.9685194277247279,0.4398583581308704,"Horvitz-Thompson(recency=5.0,delta=0.20)",HT,5.0,0.2,10,20,169,10000,,yes,0.035,0.9111475905555232
483,0.5583687783613094,0.9526618639855323,0.39429308562422294,"Horvitz-Thompson(recency=5.0,delta=0.20)",HT,5.0,0.2,10,20,169,10000,,yes,0.035,0.9111475905555232
484,0.5465386811871906,0.9351759833215255,0.3886373021343349,"Horvitz-Thompson(recency=5.0,delta=0.20)",HT,5.0,0.2,10,20,169,10000,,yes,0.035,0.9111475905555232
485,0.5945177928865788,0.8645442075423626,0.2700264146557838,"Horvitz-Thompson(recency=5.0,delta=0.20)",HT,5.0,0.2,10,20,169,10000,,yes,0.035,0.9111475905555232
486,0.5484656276444844,0.9407829286789016,0.3923173010344172,"Horvitz-Thompson(recency=5.0,delta=0.20)",HT,5.0,0.2,10,20,169,10000,,yes,0.035,0.9111475905555232
487,0.5458271160610104,0.9529175479409312,0.4070904318799208,"Horvitz-Thompson(recency=5.0,delta=0.20)",HT,5.0,0.2,10,20,169,10000,,yes,0.035,0.9111475905555232
488,0.5401972568822746,0.9708686194954328,0.4306713626131582,"Horvitz-Thompson(recency=5.0,delta=0.20)",HT,5.0,0.2,10,20,169,10000,,yes,0.035,0.9111475905555232
489,0.5614164874352855,0.9434369398691558,0.3820204524338703,"Horvitz-Thompson(recency=5.0,delta=0.20)",HT,5.0,0.2,10,20,169,10000,,yes,0.035,0.9111475905555232
490,0.5191568784379818,0.9825806926578677,0.463423814219886,"Horvitz-Thompson(recency=5.0,delta=0.20)",HT,5.0,0.2,10,20,169,10000,,yes,0.035,0.9111475905555232
491,0.5622009413013097,0.8870847190184978,0.3248837777171881,"Horvitz-Thompson(recency=5.0,delta=0.20)",HT,5.0,0.2,10,20,169,10000,,yes,0.035,0.9111475905555232
492,0.5441691417786854,0.9243645769478495,0.3801954351691641,"Horvitz-Thompson(recency=5.0,delta=0.20)",HT,5.0,0.2,10,20,169,10000,,yes,0.035,0.9111475905555232
493,0.514768499368968,0.9768127884545031,0.4620442890855352,"Horvitz-Thompson(recency=5.0,delta=0.20)",HT,5.0,0.2,10,20,169,10000,,yes,0.035,0.9111475905555232
494,0.5291684068146254,0.9040513685566769,0.3748829617420515,"Horvitz-Thompson(recency=5.0,delta=0.20)",HT,5.0,0.2,10,20,169,10000,,yes,0.035,0.9111475905555232
495,0.5636862244698202,0.903747959701657,0.3400617352318368,"Horvitz-Thompson(recency=5.0,delta=0.20)",HT,5.0,0.2,10,20,169,10000,,yes,0.035,0.9111475905555232
496,0.5394494119778661,0.9649493869888359,0.4254999750109698,"Horvitz-Thompson(recency=5.0,delta=0.20)",HT,5.0,0.2,10,20,169,10000,,yes,0.035,0.9111475905555232
497,0.5406642722507792,0.9815377544904851,0.4408734822397059,"Horvitz-Thompson(recency=5.0,delta=0.20)",HT,5.0,0.2,10,20,169,10000,,yes,0.035,0.9111475905555232
498,0.5478364816402526,0.8955888275362393,0.3477523458959867,"Horvitz-Thompson(recency=5.0,delta=0.20)",HT,5.0,0.2,10,20,169,10000,,yes,0.035,0.9111475905555232
499,0.557890871908853,0.9432152209577817,0.38532434904892865,"Horvitz-Thompson(recency=5.0,delta=0.20)",HT,5.0,0.2,10,20,169,10000,,yes,0.035,0.9111475905555232
500,0.5525851610684869,0.8935706696709311,0.34098550860244425,"Horvitz-Thompson(recency=5.0,delta=0.20)",HT,5.0,0.2,10,20,169,10000,,yes,0.035,0.9111475905555232
501,0.5233675698073632,0.992114665101343,0.46874709529397984,"Horvitz-Thompson(recency=5.0,delta=0.20)",HT,5.0,0.2,10,20,169,10000,,yes,0.035,0.9111475905555232
502,0.5212088896817115,0.9678278180756728,0.4466189283939612,"Horvitz-Thompson(recency=5.0,delta=0.20)",HT,5.0,0.2,10,20,169,10000,,yes,0.035,0.9111475905555232
503,0.5244364864777717,1.0028091821243152,0.4783726956465435,"Horvitz-Thompson(recency=5.0,delta=0.20)",HT,5.0,0.2,10,20,169,10000,,yes,0.035,0.9111475905555232
504,0.5311540845268133,0.9740852706288565,0.4429311861020432,"Horvitz-Thompson(recency=5.0,delta=0.20)",HT,5.0,0.2,10,20,169,10000,,yes,0.035,0.9111475905555232
505,0.5827831967755103,0.9166782396162468,0.33389504284073657,"Horvitz-Thompson(recency=5.0,delta=0.20)",HT,5.0,0.2,10,20,169,10000,,yes,0.035,0.9111475905555232
506,0.5331645142301145,0.9763300357455239,0.44316552151540944,"Horvitz-Thompson(recency=5.0,delta=0.20)",HT,5.0,0.2,10,20,169,10000,,yes,0.035,0.9111475905555232
507,0.5263519648230625,0.9346147209239173,0.40826275610085483,"Horvitz-Thompson(recency=5.0,delta=0.20)",HT,5.0,0.2,10,20,169,10000,,yes,0.035,0.9111475905555232
508,0.520047554687676,0.9585542055149089,0.43850665082723284,"Horvitz-Thompson(recency=5.0,delta=0.20)",HT,5.0,0.2,10,20,169,10000,,yes,0.035,0.9111475905555232
509,0.5147709993293501,1.0065545424200382,0.49178354309068806,"Horvitz-Thompson(recency=5.0,delta=0.20)",HT,5.0,0.2,10,20,169,10000,,yes,0.035,0.9111475905555232
510,0.52390142703642,0.9455596132264338,0.42165818619001383,"Horvitz-Thompson(recency=5.0,delta=0.20)",HT,5.0,0.2,10,20,169,10000,,yes,0.035,0.9111475905555232
511,0.522741509729188,1.0043897999451032,0.48164829021591526,"Horvitz-Thompson(recency=5.0,delta=0.20)",HT,5.0,0.2,10,20,169,10000,,yes,0.035,0.9111475905555232
512,0.5392768491337604,1.027331055356161,0.4880542062224006,"Horvitz-Thompson(recency=5.0,delta=0.20)",HT,5.0,0.2,10,20,169,10000,,yes,0.035,0.9111475905555232
513,0.5279451141552968,0.9413210958852671,0.41337598172997037,"Horvitz-Thompson(recency=5.0,delta=0.20)",HT,5.0,0.2,10,20,169,10000,,yes,0.035,0.9111475905555232
514,0.5399486294020363,1.007645389527666,0.4676967601256298,"Horvitz-Thompson(recency=5.0,delta=0.20)",HT,5.0,0.2,10,20,169,10000,,yes,0.035,0.9111475905555232
515,0.5323166691075436,0.9992871728221239,0.46697050371458027,"Horvitz-Thompson(recency=5.0,delta=0.20)",HT,5.0,0.2,10,20,169,10000,,yes,0.035,0.9111475905555232
516,0.5354226593718823,0.9807151970118331,0.4452925376399508,"Horvitz-Thompson(recency=5.0,delta=0.20)",HT,5.0,0.2,10,20,169,10000,,yes,0.035,0.9111475905555232
517,0.5456407990634222,0.9219803573567372,0.376339558293315,"Horvitz-Thompson(recency=5.0,delta=0.20)",HT,5.0,0.2,10,20,169,10000,,yes,0.035,0.9111475905555232
518,0.5350948760123472,0.9810855158930676,0.4459906398807204,"Horvitz-Thompson(recency=5.0,delta=0.20)",HT,5.0,0.2,10,20,169,10000,,yes,0.035,0.9111475905555232
519,0.5012943760433065,1.0288673972262912,0.5275730211829847,"Horvitz-Thompson(recency=5.0,delta=0.20)",HT,5.0,0.2,10,20,169,10000,,yes,0.035,0.9111475905555232
520,0.547398146637413,0.9561645306593686,0.40876638402195553,"Horvitz-Thompson(recency=5.0,delta=0.20)",HT,5.0,0.2,10,20,169,10000,,yes,0.035,0.9111475905555232
521,0.5751741053848949,0.9305496237001014,0.35537551831520653,"Horvitz-Thompson(recency=5.0,delta=0.20)",HT,5.0,0.2,10,20,169,10000,,yes,0.035,0.9111475905555232
522,0.5562209004110946,0.9081720219694279,0.3519511215583333,"Horvitz-Thompson(recency=5.0,delta=0.20)",HT,5.0,0.2,10,20,169,10000,,yes,0.035,0.9111475905555232
523,0.5291347904766825,0.9287461527592774,0.39961136228259486,"Horvitz-Thompson(recency=5.0,delta=0.20)",HT,5.0,0.2,10,20,169,10000,,yes,0.035,0.9111475905555232
524,0.5102258467105427,0.975524042438576,0.4652981957280333,"Horvitz-Thompson(recency=5.0,delta=0.20)",HT,5.0,0.2,10,20,169,10000,,yes,0.035,0.9111475905555232
525,0.5088547726638255,1.0071716147357108,0.4983168420718853,"Horvitz-Thompson(recency=5.0,delta=0.20)",HT,5.0,0.2,10,20,169,10000,,yes,0.035,0.9111475905555232
526,0.5441941702643994,0.9412311444970946,0.39703697423269513,"Horvitz-Thompson(recency=5.0,delta=0.20)",HT,5.0,0.2,10,20,169,10000,,yes,0.035,0.9111475905555232
527,0.5394208503780078,0.9614011020434676,0.4219802516654598,"Horvitz-Thompson(recency=5.0,delta=0.20)",HT,5.0,0.2,10,20,169,10000,,yes,0.035,0.9111475905555232
528,0.5150218318834312,1.0398397959126169,0.5248179640291857,"Horvitz-Thompson(recency=5.0,delta=0.20)",HT,5.0,0.2,10,20,169,10000,,yes,0.035,0.9111475905555232
529,0.5358299690084134,0.9605624005780663,0.4247324315696529,"Horvitz-Thompson(recency=5.0,delta=0.20)",HT,5.0,0.2,10,20,169,10000,,yes,0.035,0.9111475905555232
530,0.552177156491755,0.9523614378153564,0.4001842813236014,"Horvitz-Thompson(recency=5.0,delta=0.20)",HT,5.0,0.2,10,20,169,10000,,yes,0.035,0.9111475905555232
531,0.5492305011146964,0.990190810268267,0.44096030915357065,"Horvitz-Thompson(recency=5.0,delta=0.20)",HT,5.0,0.2,10,20,169,10000,,yes,0.035,0.9111475905555232
532,0.5571492698192052,0.9123503839565075,0.35520111413730227,"Horvitz-Thompson(recency=5.0,delta=0.20)",HT,5.0,0.2,10,20,169,10000,,yes,0.035,0.9111475905555232
533,0.5529370279179974,0.9032691962724605,0.3503321683544631,"Horvitz-Thompson(recency=5.0,delta=0.20)",HT,5.0,0.2,10,20,169,10000,,yes,0.035,0.9111475905555232
534,0.5810337305376483,0.8893910558585617,0.3083573253209134,"Horvitz-Thompson(recency=5.0,delta=0.20)",HT,5.0,0.2,10,20,169,10000,,yes,0.035,0.9111475905555232
535,0.5459410544739455,0.9914874283880539,0.44554637391410845,"Horvitz-Thompson(recency=5.0,delta=0.20)",HT,5.0,0.2,10,20,169,10000,,yes,0.035,0.9111475905555232
536,0.5534012206045019,0.95735844858682,0.40395722798231803,"Horvitz-Thompson(recency=5.0,delta=0.20)",HT,5.0,0.2,10,20,169,10000,,yes,0.035,0.9111475905555232
537,0.5301449524338813,1.0010845701637612,0.4709396177298799,"Horvitz-Thompson(recency=5.0,delta=0.20)",HT,5.0,0.2,10,20,169,10000,,yes,0.035,0.9111475905555232
538,0.5472197476560491,0.9269145526268988,0.37969480497084973,"Horvitz-Thompson(recency=5.0,delta=0.20)",HT,5.0,0.2,10,20,169,10000,,yes,0.035,0.9111475905555232
539,0.5522677856398491,0.9209534082764991,0.36868562263664995,"Horvitz-Thompson(recency=5.0,delta=0.20)",HT,5.0,0.2,10,20,169,10000,,yes,0.035,0.9111475905555232
540,0.5490546966275422,0.939234886964544,0.3901801903370018,"Horvitz-Thompson(recency=5.0,delta=0.20)",HT,5.0,0.2,10,20,169,10000,,yes,0.035,0.9111475905555232
541,0.5133253875018323,0.9842813899538306,0.4709560024519983,"Horvitz-Thompson(recency=5.0,delta=0.20)",HT,5.0,0.2,10,20,169,10000,,yes,0.035,0.9111475905555232
542,0.5416101393444651,1.0478192476104513,0.5062091082659862,"Horvitz-Thompson(recency=5.0,delta=0.20)",HT,5.0,0.2,10,20,169,10000,,yes,0.035,0.9111475905555232
543,0.5228398353801017,0.9747946658535166,0.4519548304734149,"Horvitz-Thompson(recency=5.0,delta=0.20)",HT,5.0,0.2,10,20,169,10000,,yes,0.035,0.9111475905555232
544,0.5433347790247747,0.9102412251378499,0.3669064461130752,"Horvitz-Thompson(recency=5.0,delta=0.20)",HT,5.0,0.2,10,20,169,10000,,yes,0.035,0.9111475905555232
545,0.5390182237461599,0.9927904549026271,0.45377223115646714,"Horvitz-Thompson(recency=5.0,delta=0.20)",HT,5.0,0.2,10,20,169,10000,,yes,0.035,0.9111475905555232
546,0.5428936677055363,0.976864567166986,0.43397089946144973,"Horvitz-Thompson(recency=5.0,delta=0.20)",HT,5.0,0.2,10,20,169,10000,,yes,0.035,0.9111475905555232
547,0.5238962400015836,0.9300764740881855,0.40618023408660187,"Horvitz-Thompson(recency=5.0,delta=0.20)",HT,5.0,0.2,10,20,169,10000,,yes,0.035,0.9111475905555232
548,0.5508391703536722,0.9353419535883474,0.3845027832346751,"Horvitz-Thompson(recency=5.0,delta=0.20)",HT,5.0,0.2,10,20,169,10000,,yes,0.035,0.9111475905555232
549,0.5338218299943392,0.9734810040236224,0.4396591740292831,"Horvitz-Thompson(recency=5.0,delta=0.20)",HT,5.0,0.2,10,20,169,10000,,yes,0.035,0.9111475905555232
550,0.5239201587950527,0.9610467437406932,0.4371265849456405,"Horvitz-Thompson(recency=5.0,delta=0.20)",HT,5.0,0.2,10,20,169,10000,,yes,0.035,0.9111475905555232
551,0.5460852658726718,0.9717899234538048,0.42570465758113296,"Horvitz-Thompson(recency=5.0,delta=0.20)",HT,5.0,0.2,10,20,169,10000,,yes,0.035,0.9111475905555232
552,0.5477257336442065,0.9908139480913057,0.4430882144470992,"Horvitz-Thompson(recency=5.0,delta=0.20)",HT,5.0,0.2,10,20,169,10000,,yes,0.035,0.9111475905555232
553,0.5567112917777814,0.9058120156198352,0.3491007238420537,"Horvitz-Thompson(recency=5.0,delta=0.20)",HT,5.0,0.2,10,20,169,10000,,yes,0.035,0.9111475905555232
554,0.5307057225207925,0.9457295624285349,0.4150238399077424,"Horvitz-Thompson(recency=5.0,delta=0.20)",HT,5.0,0.2,10,20,169,10000,,yes,0.035,0.9111475905555232
555,0.5577591064741039,1.003312046970797,0.44555294049669314,"Horvitz-Thompson(recency=5.0,delta=0.20)",HT,5.0,0.2,10,20,169,10000,,yes,0.035,0.9111475905555232
556,0.5543309922120152,0.8789944796800175,0.32466348746800233,"Horvitz-Thompson(recency=5.0,delta=0.20)",HT,5.0,0.2,10,20,169,10000,,yes,0.035,0.9111475905555232
557,0.55108178495374,0.9518948233294977,0.40081303837575766,"Horvitz-Thompson(recency=5.0,delta=0.20)",HT,5.0,0.2,10,20,169,10000,,yes,0.035,0.9111475905555232
558,0.5154366999565271,0.990428652989403,0.4749919530328759,"Horvitz-Thompson(recency=5.0,delta=0.20)",HT,5.0,0.2,10,20,169,10000,,yes,0.035,0.9111475905555232
559,0.5412440952964271,0.9526109096335135,0.41136681433708633,"Horvitz-Thompson(recency=5.0,delta=0.20)",HT,5.0,0.2,10,20,169,10000,,yes,0.035,0.9111475905555232
560,0.5398968092543067,0.9635973258591956,0.42370051660488883,"Horvitz-Thompson(recency=5.0,delta=0.20)",HT,5.0,0.2,10,20,169,10000,,yes,0.035,0.9111475905555232
561,0.5622460828388944,0.9200021261066027,0.35775604326770827,"Horvitz-Thompson(recency=5.0,delta=0.20)",HT,5.0,0.2,10,20,169,10000,,yes,0.035,0.9111475905555232
562,0.5245245880535702,1.001103821809064,0.4765792337554938,"Horvitz-Thompson(recency=5.0,delta=0.20)",HT,5.0,0.2,10,20,169,10000,,yes,0.035,0.9111475905555232
563,0.5557115604633966,0.9247821006332422,0.36907054016984553,"Horvitz-Thompson(recency=5.0,delta=0.20)",HT,5.0,0.2,10,20,169,10000,,yes,0.035,0.9111475905555232
564,0.5334497374074272,0.9987848409157714,0.46533510350834417,"Horvitz-Thompson(recency=5.0,delta=0.20)",HT,5.0,0.2,10,20,169,10000,,yes,0.035,0.9111475905555232
565,0.5251949028511218,0.9602687662091953,0.4350738633580735,"Horvitz-Thompson(recency=5.0,delta=0.20)",HT,5.0,0.2,10,20,169,10000,,yes,0.035,0.9111475905555232
566,0.5413820869071921,0.9477582730147966,0.4063761861076045,"Horvitz-Thompson(recency=5.0,delta=0.20)",HT,5.0,0.2,10,20,169,10000,,yes,0.035,0.9111475905555232
567,0.5453617177777796,0.9367718890062582,0.39141017122847854,"Horvitz-Thompson(recency=5.0,delta=0.20)",HT,5.0,0.2,10,20,169,10000,,yes,0.035,0.9111475905555232
568,0.5989488297890294,0.8837171111248859,0.2847682813358565,"Horvitz-Thompson(recency=5.0,delta=0.20)",HT,5.0,0.2,10,20,169,10000,,yes,0.035,0.9111475905555232
569,0.5392595279383094,0.9885366606833051,0.4492771327449957,"Horvitz-Thompson(recency=5.0,delta=0.20)",HT,5.0,0.2,10,20,169,10000,,yes,0.035,0.9111475905555232
570,0.534553758814197,1.0267000413392153,0.49214628252501835,"Horvitz-Thompson(recency=5.0,delta=0.20)",HT,5.0,0.2,10,20,169,10000,,yes,0.035,0.9111475905555232
571,0.5148167206619639,0.9805005602037026,0.46568383954173864,"Horvitz-Thompson(recency=5.0,delta=0.20)",HT,5.0,0.2,10,20,169,10000,,yes,0.035,0.9111475905555232
572,0.5597454381335843,0.9609168820277214,0.40117144389413706,"Horvitz-Thompson(recency=5.0,delta=0.20)",HT,5.0,0.2,10,20,169,10000,,yes,0.035,0.9111475905555232
573,0.5557348313457752,0.9440369331524479,0.3883021018066727,"Horvitz-Thompson(recency=5.0,delta=0.20)",HT,5.0,0.2,10,20,169,10000,,yes,0.035,0.9111475905555232
574,0.5429390786891385,0.8726007611206786,0.32966168243154015,"Horvitz-Thompson(recency=5.0,delta=0.20)",HT,5.0,0.2,10,20,169,10000,,yes,0.035,0.9111475905555232
575,0.5172936095407406,0.9776643145563515,0.46037070501561095,"Horvitz-Thompson(recency=5.0,delta=0.20)",HT,5.0,0.2,10,20,169,10000,,yes,0.035,0.9111475905555232
576,0.5434701300256413,0.9863784043288164,0.44290827430317514,"Horvitz-Thompson(recency=5.0,delta=0.20)",HT,5.0,0.2,10,20,169,10000,,yes,0.035,0.9111475905555232
577,0.5573337208640233,0.9387904018089128,0.3814566809448895,"Horvitz-Thompson(recency=5.0,delta=0.20)",HT,5.0,0.2,10,20,169,10000,,yes,0.035,0.9111475905555232
578,0.5522097572820223,0.9590055778059398,0.4067958205239175,"Horvitz-Thompson(recency=5.0,delta=0.20)",HT,5.0,0.2,10,20,169,10000,,yes,0.035,0.9111475905555232
579,0.5563034138618679,0.9032671722392397,0.3469637583773718,"Horvitz-Thompson(recency=5.0,delta=0.20)",HT,5.0,0.2,10,20,169,10000,,yes,0.035,0.9111475905555232
580,0.5658534035537248,0.9279332849535453,0.3620798813998205,"Horvitz-Thompson(recency=5.0,delta=0.20)",HT,5.0,0.2,10,20,169,10000,,yes,0.035,0.9111475905555232
581,0.5578574947541004,0.9182222950761585,0.3603648003220581,"Horvitz-Thompson(recency=5.0,delta=0.20)",HT,5.0,0.2,10,20,169,10000,,yes,0.035,0.9111475905555232
582,0.5183465357912158,0.9772627622770612,0.4589162264858454,"Horvitz-Thompson(recency=5.0,delta=0.20)",HT,5.0,0.2,10,20,169,10000,,yes,0.035,0.9111475905555232
583,0.5400201166635277,0.9543277713797315,0.4143076547162038,"Horvitz-Thompson(recency=5.0,delta=0.20)",HT,5.0,0.2,10,20,169,10000,,yes,0.035,0.9111475905555232
584,0.5047802957349082,1.0211213058597384,0.5163410101248301,"Horvitz-Thompson(recency=5.0,delta=0.20)",HT,5.0,0.2,10,20,169,10000,,yes,0.035,0.9111475905555232
585,0.550814726326663,0.9229317259517908,0.3721169996251279,"Horvitz-Thompson(recency=5.0,delta=0.20)",HT,5.0,0.2,10,20,169,10000,,yes,0.035,0.9111475905555232
586,0.5542893514852357,0.9635858497068238,0.4092964982215881,"Horvitz-Thompson(recency=5.0,delta=0.20)",HT,5.0,0.2,10,20,169,10000,,yes,0.035,0.9111475905555232
587,0.5232009477675043,1.0216247803974012,0.498423832629897,"Horvitz-Thompson(recency=5.0,delta=0.20)",HT,5.0,0.2,10,20,169,10000,,yes,0.035,0.9111475905555232
588,0.5100984575435212,1.0128036870376866,0.5027052294941654,"Horvitz-Thompson(recency=5.0,delta=0.20)",HT,5.0,0.2,10,20,169,10000,,yes,0.035,0.9111475905555232
589,0.5138106150869756,1.0235547020630937,0.5097440869761182,"Horvitz-Thompson(recency=5.0,delta=0.20)",HT,5.0,0.2,10,20,169,10000,,yes,0.035,0.9111475905555232
590,0.5435959059439046,0.9585698539743605,0.41497394803045584,"Horvitz-Thompson(recency=5.0,delta=0.20)",HT,5.0,0.2,10,20,169,10000,,yes,0.035,0.9111475905555232
591,0.5163130445964416,1.0088464127778465,0.4925333681814049,"Horvitz-Thompson(recency=5.0,delta=0.20)",HT,5.0,0.2,10,20,169,10000,,yes,0.035,0.9111475905555232
592,0.5508785433267928,0.9006833409023375,0.3498047975755447,"Horvitz-Thompson(recency=5.0,delta=0.20)",HT,5.0,0.2,10,20,169,10000,,yes,0.035,0.9111475905555232
593,0.5605629577231661,0.9868313486212382,0.4262683908980721,"Horvitz-Thompson(recency=5.0,delta=0.20)",HT,5.0,0.2,10,20,169,10000,,yes,0.035,0.9111475905555232
594,0.5281062745658146,0.9829473006232373,0.4548410260574227,"Horvitz-Thompson(recency=5.0,delta=0.20)",HT,5.0,0.2,10,20,169,10000,,yes,0.035,0.9111475905555232
595,0.5307823090381691,0.9472463474527987,0.41646403841462953,"Horvitz-Thompson(recency=5.0,delta=0.20)",HT,5.0,0.2,10,20,169,10000,,yes,0.035,0.9111475905555232
596,0.5582649442094615,0.9411641684451639,0.38289922423570244,"Horvitz-Thompson(recency=5.0,delta=0.20)",HT,5.0,0.2,10,20,169,10000,,yes,0.035,0.9111475905555232
597,0.5257267418546174,0.9481091097031924,0.42238236784857497,"Horvitz-Thompson(recency=5.0,delta=0.20)",HT,5.0,0.2,10,20,169,10000,,yes,0.035,0.9111475905555232
598,0.5663184285376065,0.9193288013334323,0.3530103727958258,"Horvitz-Thompson(recency=5.0,delta=0.20)",HT,5.0,0.2,10,20,169,10000,,yes,0.035,0.9111475905555232
599,0.5275825923712685,0.9714981055532507,0.4439155131819822,"Horvitz-Thompson(recency=5.0,delta=0.20)",HT,5.0,0.2,10,20,169,10000,,yes,0.035,0.9111475905555232
600,0.5065691015259679,0.9931341205718474,0.48656501904587945,"Horvitz-Thompson(recency=5.0,delta=0.20)",HT,5.0,0.2,10,20,169,10000,,yes,0.035,0.9111475905555232
601,0.5420210372189834,0.9818979816888438,0.43987694446986036,"Horvitz-Thompson(recency=5.0,delta=0.20)",HT,5.0,0.2,10,20,169,10000,,yes,0.035,0.9111475905555232
602,0.5100067307867024,0.9805583865023385,0.47055165571563606,"Horvitz-Thompson(recency=5.0,delta=0.20)",HT,5.0,0.2,10,20,169,10000,,yes,0.035,0.9111475905555232
603,0.521706930702009,0.9388947719508242,0.41718784124881514,"Horvitz-Thompson(recency=5.0,delta=0.20)",HT,5.0,0.2,10,20,169,10000,,yes,0.035,0.9111475905555232
604,0.544958298900631,0.9824850678514172,0.43752676895078624,"Horvitz-Thompson(recency=5.0,delta=0.20)",HT,5.0,0.2,10,20,169,10000,,yes,0.035,0.9111475905555232
605,0.578237966483261,0.8622954831284142,0.2840575166451532,"Horvitz-Thompson(recency=5.0,delta=0.20)",HT,5.0,0.2,10,20,169,10000,,yes,0.035,0.9111475905555232
606,0.5257847704271901,0.956823552011747,0.4310387815845569,"Horvitz-Thompson(recency=5.0,delta=0.20)",HT,5.0,0.2,10,20,169,10000,,yes,0.035,0.9111475905555232
607,0.5279046964748932,0.9822144912774374,0.4543097948025442,"Horvitz-Thompson(recency=5.0,delta=0.20)",HT,5.0,0.2,10,20,169,10000,,yes,0.035,0.9111475905555232
608,0.5317749772094637,1.0058061049418026,0.4740311277323389,"Horvitz-Thompson(recency=5.0,delta=0.20)",HT,5.0,0.2,10,20,169,10000,,yes,0.035,0.9111475905555232
609,0.5417095454072408,0.9724481911575744,0.4307386457503336,"Horvitz-Thompson(recency=5.0,delta=0.20)",HT,5.0,0.2,10,20,169,10000,,yes,0.035,0.9111475905555232
610,0.5373821061531929,0.9791211862091327,0.44173908005593976,"Horvitz-Thompson(recency=5.0,delta=0.20)",HT,5.0,0.2,10,20,169,10000,,yes,0.035,0.9111475905555232
611,0.5128397661127864,1.0500606097637744,0.537220843650988,"Horvitz-Thompson(recency=5.0,delta=0.20)",HT,5.0,0.2,10,20,169,10000,,yes,0.035,0.9111475905555232
612,0.5326223304722838,0.9731380568112824,0.4405157263389986,"Horvitz-Thompson(recency=5.0,delta=0.20)",HT,5.0,0.2,10,20,169,10000,,yes,0.035,0.9111475905555232
613,0.5568647437462934,0.9452024842735961,0.38833774052730274,"Horvitz-Thompson(recency=5.0,delta=0.20)",HT,5.0,0.2,10,20,169,10000,,yes,0.035,0.9111475905555232
614,0.5284083570477941,0.9395564139740705,0.41114805692627643,"Horvitz-Thompson(recency=5.0,delta=0.20)",HT,5.0,0.2,10,20,169,10000,,yes,0.035,0.9111475905555232
615,0.5345720610782514,0.9945512722692783,0.4599792111910269,"Horvitz-Thompson(recency=5.0,delta=0.20)",HT,5.0,0.2,10,20,169,10000,,yes,0.035,0.9111475905555232
616,0.539197434597218,0.928812524405582,0.389615089808364,"Horvitz-Thompson(recency=5.0,delta=0.20)",HT,5.0,0.2,10,20,169,10000,,yes,0.035,0.9111475905555232
617,0.532395449443247,0.9997432372107152,0.4673477877674682,"Horvitz-Thompson(recency=5.0,delta=0.20)",HT,5.0,0.2,10,20,169,10000,,yes,0.035,0.9111475905555232
618,0.514936780208392,1.0026981322366997,0.4877613520283077,"Horvitz-Thompson(recency=5.0,delta=0.20)",HT,5.0,0.2,10,20,169,10000,,yes,0.035,0.9111475905555232
619,0.5500209835269902,0.9570085290880116,0.40698754556102135,"Horvitz-Thompson(recency=5.0,delta=0.20)",HT,5.0,0.2,10,20,169,10000,,yes,0.035,0.9111475905555232
620,0.541266401776497,0.9479752569922338,0.40670885521573685,"Horvitz-Thompson(recency=5.0,delta=0.20)",HT,5.0,0.2,10,20,169,10000,,yes,0.035,0.9111475905555232
621,0.5696527115543252,0.9664876657914132,0.39683495423708803,"Horvitz-Thompson(recency=5.0,delta=0.20)",HT,5.0,0.2,10,20,169,10000,,yes,0.035,0.9111475905555232
622,0.547453443111246,0.9438492935245851,0.39639585041333913,"Horvitz-Thompson(recency=5.0,delta=0.20)",HT,5.0,0.2,10,20,169,10000,,yes,0.035,0.9111475905555232
623,0.5111701992808593,0.9778254694071508,0.4666552701262915,"Horvitz-Thompson(recency=5.0,delta=0.20)",HT,5.0,0.2,10,20,169,10000,,yes,0.035,0.9111475905555232
624,0.5343561246328226,0.9518432439127213,0.4174871192798988,"Horvitz-Thompson(recency=5.0,delta=0.20)",HT,5.0,0.2,10,20,169,10000,,yes,0.035,0.9111475905555232
625,0.5574887369296798,0.8934179471400309,0.33592921021035105,"Horvitz-Thompson(recency=5.0,delta=0.20)",HT,5.0,0.2,10,20,169,10000,,yes,0.035,0.9111475905555232
626,0.5443523796500056,0.9262931149639363,0.3819407353139307,"Horvitz-Thompson(recency=5.0,delta=0.20)",HT,5.0,0.2,10,20,169,10000,,yes,0.035,0.9111475905555232
627,0.5252347684349968,1.0156375727434106,0.49040280430841376,"Horvitz-Thompson(recency=5.0,delta=0.20)",HT,5.0,0.2,10,20,169,10000,,yes,0.035,0.9111475905555232
628,0.5340940829919406,0.9516937650440255,0.41759968205208486,"Horvitz-Thompson(recency=5.0,delta=0.20)",HT,5.0,0.2,10,20,169,10000,,yes,0.035,0.9111475905555232
629,0.5290873987185105,0.9540828927062848,0.42499549398777425,"Horvitz-Thompson(recency=5.0,delta=0.20)",HT,5.0,0.2,10,20,169,10000,,yes,0.035,0.9111475905555232
630,0.5292567732061894,0.9679245667492773,0.43866779354308794,"Horvitz-Thompson(recency=5.0,delta=0.20)",HT,5.0,0.2,10,20,169,10000,,yes,0.035,0.9111475905555232
631,0.5249222347698002,0.9820185243381375,0.45709628956833737,"Horvitz-Thompson(recency=5.0,delta=0.20)",HT,5.0,0.2,10,20,169,10000,,yes,0.035,0.9111475905555232
632,0.5445891720911225,0.9326990145680494,0.3881098424769269,"Horvitz-Thompson(recency=5.0,delta=0.20)",HT,5.0,0.2,10,20,169,10000,,yes,0.035,0.9111475905555232
633,0.5416880361658736,0.9510220176497097,0.40933398148383615,"Horvitz-Thompson(recency=5.0,delta=0.20)",HT,5.0,0.2,10,20,169,10000,,yes,0.035,0.9111475905555232
634,0.5536736318571184,0.9364306067004834,0.382756974843365,"Horvitz-Thompson(recency=5.0,delta=0.20)",HT,5.0,0.2,10,20,169,10000,,yes,0.035,0.9111475905555232
635,0.5455212024365862,0.9170826531815486,0.3715614507449624,"Horvitz-Thompson(recency=5.0,delta=0.20)",HT,5.0,0.2,10,20,169,10000,,yes,0.035,0.9111475905555232
636,0.5126980061038601,0.9973061642098843,0.4846081581060242,"Horvitz-Thompson(recency=5.0,delta=0.20)",HT,5.0,0.2,10,20,169,10000,,yes,0.035,0.9111475905555232
637,0.5305362050640089,0.9556350745356237,0.4250988694716148,"Horvitz-Thompson(recency=5.0,delta=0.20)",HT,5.0,0.2,10,20,169,10000,,yes,0.035,0.9111475905555232
638,0.5373037830852122,0.9520222642554913,0.4147184811702791,"Horvitz-Thompson(recency=5.0,delta=0.20)",HT,5.0,0.2,10,20,169,10000,,yes,0.035,0.9111475905555232
639,0.5427578867665747,0.8955710299018841,0.3528131431353094,"Horvitz-Thompson(recency=5.0,delta=0.20)",HT,5.0,0.2,10,20,169,10000,,yes,0.035,0.9111475905555232
640,0.5334291532959758,0.9662219766086745,0.43279282331269864,"Horvitz-Thompson(recency=5.0,delta=0.20)",HT,5.0,0.2,10,20,169,10000,,yes,0.035,0.9111475905555232
641,0.5723000612103796,0.9112135503346125,0.3389134891242329,"Horvitz-Thompson(recency=5.0,delta=0.20)",HT,5.0,0.2,10,20,169,10000,,yes,0.035,0.9111475905555232
642,0.5292107408051551,0.9574038440280138,0.42819310322285875,"Horvitz-Thompson(recency=5.0,delta=0.20)",HT,5.0,0.2,10,20,169,10000,,yes,0.035,0.9111475905555232
643,0.5437506752296767,0.9339598047672854,0.39020912953760867,"Horvitz-Thompson(recency=5.0,delta=0.20)",HT,5.0,0.2,10,20,169,10000,,yes,0.035,0.9111475905555232
644,0.5522106667625489,0.9542489524715541,0.4020382857090051,"Horvitz-Thompson(recency=5.0,delta=0.20)",HT,5.0,0.2,10,20,169,10000,,yes,0.035,0.9111475905555232
645,0.5516704782017612,0.9599974520652975,0.40832697386353634,"Horvitz-Thompson(recency=5.0,delta=0.20)",HT,5.0,0.2,10,20,169,10000,,yes,0.035,0.9111475905555232
646,0.554243452748713,0.923361240070899,0.36911778732218603,"Horvitz-Thompson(recency=5.0,delta=0.20)",HT,5.0,0.2,10,20,169,10000,,yes,0.035,0.9111475905555232
647,0.5544746235716544,0.9343013668244124,0.379826743252758,"Horvitz-Thompson(recency=5.0,delta=0.20)",HT,5.0,0.2,10,20,169,10000,,yes,0.035,0.9111475905555232
648,0.528903782070526,0.9545332619113619,0.4256294798408359,"Horvitz-Thompson(recency=5.0,delta=0.20)",HT,5.0,0.2,10,20,169,10000,,yes,0.035,0.9111475905555232
649,0.5682383630049935,0.8792891001824511,0.31105073717745757,"Horvitz-Thompson(recency=5.0,delta=0.20)",HT,5.0,0.2,10,20,169,10000,,yes,0.035,0.9111475905555232
650,0.5205635881363602,0.9575185837083481,0.4369549955719879,"Horvitz-Thompson(recency=5.0,delta=0.20)",HT,5.0,0.2,10,20,169,10000,,yes,0.035,0.9111475905555232
651,0.5600496194913469,0.954619033018674,0.3945694135273271,"Horvitz-Thompson(recency=5.0,delta=0.20)",HT,5.0,0.2,10,20,169,10000,,yes,0.035,0.9111475905555232
652,0.5249591096626378,0.9898149836024516,0.46485587393981376,"Horvitz-Thompson(recency=5.0,delta=0.20)",HT,5.0,0.2,10,20,169,10000,,yes,0.035,0.9111475905555232
653,0.5044975999059189,0.9852375989346709,0.480739999028752,"Horvitz-Thompson(recency=5.0,delta=0.20)",HT,5.0,0.2,10,20,169,10000,,yes,0.035,0.9111475905555232
654,0.5281670161172827,0.9965453484713873,0.46837833235410464,"Horvitz-Thompson(recency=5.0,delta=0.20)",HT,5.0,0.2,10,20,169,10000,,yes,0.035,0.9111475905555232
655,0.5366285118757019,0.9370982603596856,0.40046974848398365,"Horvitz-Thompson(recency=5.0,delta=0.20)",HT,5.0,0.2,10,20,169,10000,,yes,0.035,0.9111475905555232
656,0.5463493941260429,0.9775355329232015,0.4311861387971586,"Horvitz-Thompson(recency=5.0,delta=0.20)",HT,5.0,0.2,10,20,169,10000,,yes,0.035,0.9111475905555232
657,0.5214121087543987,0.9913747815771556,0.46996267282275694,"Horvitz-Thompson(recency=5.0,delta=0.20)",HT,5.0,0.2,10,20,169,10000,,yes,0.035,0.9111475905555232
658,0.539165489686813,0.993499915847266,0.45433442616045305,"Horvitz-Thompson(recency=5.0,delta=0.20)",HT,5.0,0.2,10,20,169,10000,,yes,0.035,0.9111475905555232
659,0.5269910250042708,0.966815548547919,0.4398245235436482,"Horvitz-Thompson(recency=5.0,delta=0.20)",HT,5.0,0.2,10,20,169,10000,,yes,0.035,0.9111475905555232
660,0.5420115052419842,0.9657772136877454,0.4237657084457612,"Horvitz-Thompson(recency=5.0,delta=0.20)",HT,5.0,0.2,10,20,169,10000,,yes,0.035,0.9111475905555232
661,0.5574751914049306,0.9459559681012358,0.3884807766963052,"Horvitz-Thompson(recency=5.0,delta=0.20)",HT,5.0,0.2,10,20,169,10000,,yes,0.035,0.9111475905555232
662,0.5414201790102757,0.9159182986729645,0.37449811966268876,"Horvitz-Thompson(recency=5.0,delta=0.20)",HT,5.0,0.2,10,20,169,10000,,yes,0.035,0.9111475905555232
663,0.5352679226846554,0.9152030384711553,0.37993511578649986,"Horvitz-Thompson(recency=5.0,delta=0.20)",HT,5.0,0.2,10,20,169,10000,,yes,0.035,0.9111475905555232
664,0.5583825165137778,0.9023128227625151,0.3439303062487373,"Horvitz-Thompson(recency=5.0,delta=0.20)",HT,5.0,0.2,10,20,169,10000,,yes,0.035,0.9111475905555232
665,0.5414499406538817,0.9480826364143184,0.4066326957604367,"Horvitz-Thompson(recency=5.0,delta=0.20)",HT,5.0,0.2,10,20,169,10000,,yes,0.035,0.9111475905555232
666,0.5577430584812394,0.9176443327954927,0.35990127431425334,"Horvitz-Thompson(recency=5.0,delta=0.20)",HT,5.0,0.2,10,20,169,10000,,yes,0.035,0.9111475905555232
667,0.5092230702929228,0.9950032030253565,0.4857801327324337,"Horvitz-Thompson(recency=5.0,delta=0.20)",HT,5.0,0.2,10,20,169,10000,,yes,0.035,0.9111475905555232
668,0.5330696431349103,0.9557408434009422,0.4226712002660319,"Horvitz-Thompson(recency=5.0,delta=0.20)",HT,5.0,0.2,10,20,169,10000,,yes,0.035,0.9111475905555232
669,0.5338249455906722,0.9713180727484076,0.4374931271577355,"Horvitz-Thompson(recency=5.0,delta=0.20)",HT,5.0,0.2,10,20,169,10000,,yes,0.035,0.9111475905555232
670,0.5138729051101723,1.0026304757251874,0.4887575706150151,"Horvitz-Thompson(recency=5.0,delta=0.20)",HT,5.0,0.2,10,20,169,10000,,yes,0.035,0.9111475905555232
671,0.5547747693136954,0.9099825665950708,0.3552077972813754,"Horvitz-Thompson(recency=5.0,delta=0.20)",HT,5.0,0.2,10,20,169,10000,,yes,0.035,0.9111475905555232
672,0.5079655460339757,1.0428480825826183,0.5348825365486426,"Horvitz-Thompson(recency=5.0,delta=0.20)",HT,5.0,0.2,10,20,169,10000,,yes,0.035,0.9111475905555232
673,0.5366327688899649,0.9907822977846772,0.4541495288947123,"Horvitz-Thompson(recency=5.0,delta=0.20)",HT,5.0,0.2,10,20,169,10000,,yes,0.035,0.9111475905555232
674,0.5515750671758293,0.916363773421008,0.3647887062451788,"Horvitz-Thompson(recency=5.0,delta=0.20)",HT,5.0,0.2,10,20,169,10000,,yes,0.035,0.9111475905555232
675,0.5261015090002752,1.02306608698178,0.49696457798150484,"Horvitz-Thompson(recency=5.0,delta=0.20)",HT,5.0,0.2,10,20,169,10000,,yes,0.035,0.9111475905555232
676,0.5239135129012525,0.9722630064834762,0.44834949358222365,"Horvitz-Thompson(recency=5.0,delta=0.20)",HT,5.0,0.2,10,20,169,10000,,yes,0.035,0.9111475905555232
677,0.5456044511836468,0.9699405454515349,0.4243360942678881,"Horvitz-Thompson(recency=5.0,delta=0.20)",HT,5.0,0.2,10,20,169,10000,,yes,0.035,0.9111475905555232
678,0.5800553852885307,0.8874649534216651,0.30740956813313436,"Horvitz-Thompson(recency=5.0,delta=0.20)",HT,5.0,0.2,10,20,169,10000,,yes,0.035,0.9111475905555232
679,0.5298525222918473,0.9599309750055304,0.43007845271368306,"Horvitz-Thompson(recency=5.0,delta=0.20)",HT,5.0,0.2,10,20,169,10000,,yes,0.035,0.9111475905555232
680,0.5385966855008562,0.95858449738778,0.4199878118869238,"Horvitz-Thompson(recency=5.0,delta=0.20)",HT,5.0,0.2,10,20,169,10000,,yes,0.035,0.9111475905555232
681,0.5487717757638382,0.9451477812491954,0.39637600548535723,"Horvitz-Thompson(recency=5.0,delta=0.20)",HT,5.0,0.2,10,20,169,10000,,yes,0.035,0.9111475905555232
682,0.5411334845832846,0.9272536468734408,0.3861201622901562,"Horvitz-Thompson(recency=5.0,delta=0.20)",HT,5.0,0.2,10,20,169,10000,,yes,0.035,0.9111475905555232
683,0.540410146650559,0.9488474021542824,0.40843725550372345,"Horvitz-Thompson(recency=5.0,delta=0.20)",HT,5.0,0.2,10,20,169,10000,,yes,0.035,0.9111475905555232
684,0.5313941222415918,0.9908908480044102,0.4594967257628184,"Horvitz-Thompson(recency=5.0,delta=0.20)",HT,5.0,0.2,10,20,169,10000,,yes,0.035,0.9111475905555232
685,0.5420170629992538,0.9699076817475656,0.4278906187483118,"Horvitz-Thompson(recency=5.0,delta=0.20)",HT,5.0,0.2,10,20,169,10000,,yes,0.035,0.9111475905555232
686,0.5174142687510267,1.0123808052185372,0.49496653646751054,"Horvitz-Thompson(recency=5.0,delta=0.20)",HT,5.0,0.2,10,20,169,10000,,yes,0.035,0.9111475905555232
687,0.5283148867902328,1.020949414392015,0.4926345276017823,"Horvitz-Thompson(recency=5.0,delta=0.20)",HT,5.0,0.2,10,20,169,10000,,yes,0.035,0.9111475905555232
688,0.5262023261244348,0.9998408268208697,0.47363850069643487,"Horvitz-Thompson(recency=5.0,delta=0.20)",HT,5.0,0.2,10,20,169,10000,,yes,0.035,0.9111475905555232
689,0.5267975388418614,1.0075820250519574,0.48078448621009595,"Horvitz-Thompson(recency=5.0,delta=0.20)",HT,5.0,0.2,10,20,169,10000,,yes,0.035,0.9111475905555232
690,0.5296224708222594,0.9745456937633332,0.4449232229410738,"Horvitz-Thompson(recency=5.0,delta=0.20)",HT,5.0,0.2,10,20,169,10000,,yes,0.035,0.9111475905555232
691,0.5432440915092378,0.9528733495254661,0.4096292580162283,"Horvitz-Thompson(recency=5.0,delta=0.20)",HT,5.0,0.2,10,20,169,10000,,yes,0.035,0.9111475905555232
692,0.5717458236683602,0.9056241231948614,0.33387829952650117,"Horvitz-Thompson(recency=5.0,delta=0.20)",HT,5.0,0.2,10,20,169,10000,,yes,0.035,0.9111475905555232
693,0.5301772413377366,0.9796527818043292,0.44947554046659266,"Horvitz-Thompson(recency=5.0,delta=0.20)",HT,5.0,0.2,10,20,169,10000,,yes,0.035,0.9111475905555232
694,0.5202346644892952,1.0312800778368125,0.5110454133475173,"Horvitz-Thompson(recency=5.0,delta=0.20)",HT,5.0,0.2,10,20,169,10000,,yes,0.035,0.9111475905555232
695,0.5609294464133874,0.9301933535471798,0.3692639071337924,"Horvitz-Thompson(recency=5.0,delta=0.20)",HT,5.0,0.2,10,20,169,10000,,yes,0.035,0.9111475905555232
696,0.5403494180336115,0.9459620421298961,0.4056126240962846,"Horvitz-Thompson(recency=5.0,delta=0.20)",HT,5.0,0.2,10,20,169,10000,,yes,0.035,0.9111475905555232
697,0.543122782189294,0.9597788558296232,0.4166560736403292,"Horvitz-Thompson(recency=5.0,delta=0.20)",HT,5.0,0.2,10,20,169,10000,,yes,0.035,0.9111475905555232
698,0.5370338408730877,0.9428761367528127,0.405842295879725,"Horvitz-Thompson(recency=5.0,delta=0.20)",HT,5.0,0.2,10,20,169,10000,,yes,0.035,0.9111475905555232
699,0.5293088036957175,0.9473979448592215,0.41808914116350393,"Horvitz-Thompson(recency=5.0,delta=0.20)",HT,5.0,0.2,10,20,169,10000,,yes,0.035,0.9111475905555232
700,0.5516375722084971,0.9226886010865405,0.3710510288780434,"Horvitz-Thompson(recency=5.0,delta=0.20)",HT,5.0,0.2,10,20,169,10000,,yes,0.035,0.9111475905555232
701,0.5657992744462887,0.9114663607045291,0.3456670862582404,"Horvitz-Thompson(recency=5.0,delta=0.20)",HT,5.0,0.2,10,20,169,10000,,yes,0.035,0.9111475905555232
702,0.5715026448889557,0.888563659657112,0.3170610147681563,"Horvitz-Thompson(recency=5.0,delta=0.20)",HT,5.0,0.2,10,20,169,10000,,yes,0.035,0.9111475905555232
703,0.5326025369605044,0.9670978351974364,0.434495298236932,"Horvitz-Thompson(recency=5.0,delta=0.20)",HT,5.0,0.2,10,20,169,10000,,yes,0.035,0.9111475905555232
704,0.5499341142246245,0.971327430304751,0.42139331608012653,"Horvitz-Thompson(recency=5.0,delta=0.20)",HT,5.0,0.2,10,20,169,10000,,yes,0.035,0.9111475905555232
705,0.5150893744384812,1.0012136408621886,0.4861242664237073,"Horvitz-Thompson(recency=5.0,delta=0.20)",HT,5.0,0.2,10,20,169,10000,,yes,0.035,0.9111475905555232
706,0.5539005369589762,0.9037792298654859,0.34987869290650964,"Horvitz-Thompson(recency=5.0,delta=0.20)",HT,5.0,0.2,10,20,169,10000,,yes,0.035,0.9111475905555232
707,0.5186521923600326,0.9465961600096805,0.4279439676496479,"Horvitz-Thompson(recency=5.0,delta=0.20)",HT,5.0,0.2,10,20,169,10000,,yes,0.035,0.9111475905555232
708,0.5652316793922465,0.9017814831027245,0.33654980371047805,"Horvitz-Thompson(recency=5.0,delta=0.20)",HT,5.0,0.2,10,20,169,10000,,yes,0.035,0.9111475905555232
709,0.5302714221969163,1.0219381129052953,0.4916666907083791,"Horvitz-Thompson(recency=5.0,delta=0.20)",HT,5.0,0.2,10,20,169,10000,,yes,0.035,0.9111475905555232
710,0.561642565438285,0.9457711958393501,0.38412863040106515,"Horvitz-Thompson(recency=5.0,delta=0.20)",HT,5.0,0.2,10,20,169,10000,,yes,0.035,0.9111475905555232
711,0.5418846214121931,0.9188174618648058,0.37693284045261277,"Horvitz-Thompson(recency=5.0,delta=0.20)",HT,5.0,0.2,10,20,169,10000,,yes,0.035,0.9111475905555232
712,0.5033415877825027,0.9802549635207027,0.47691337573820003,"Horvitz-Thompson(recency=5.0,delta=0.20)",HT,5.0,0.2,10,20,169,10000,,yes,0.035,0.9111475905555232
713,0.5048434841566564,1.035813721313088,0.5309702371564317,"Horvitz-Thompson(recency=5.0,delta=0.20)",HT,5.0,0.2,10,20,169,10000,,yes,0.035,0.9111475905555232
714,0.5517952312466292,0.9439442883713519,0.3921490571247227,"Horvitz-Thompson(recency=5.0,delta=0.20)",HT,5.0,0.2,10,20,169,10000,,yes,0.035,0.9111475905555232
715,0.5080357312963266,0.984987669791983,0.4769519384956564,"Horvitz-Thompson(recency=5.0,delta=0.20)",HT,5.0,0.2,10,20,169,10000,,yes,0.035,0.9111475905555232
716,0.5272262840806524,1.004436269672411,0.47720998559175853,"Horvitz-Thompson(recency=5.0,delta=0.20)",HT,5.0,0.2,10,20,169,10000,,yes,0.035,0.9111475905555232
717,0.54585708073762,0.9303219536090835,0.3844648728714636,"Horvitz-Thompson(recency=5.0,delta=0.20)",HT,5.0,0.2,10,20,169,10000,,yes,0.035,0.9111475905555232
718,0.5150408841357885,0.9601998557850475,0.445158971649259,"Horvitz-Thompson(recency=5.0,delta=0.20)",HT,5.0,0.2,10,20,169,10000,,yes,0.035,0.9111475905555232
719,0.5123589152798904,0.9936475683100386,0.48128865303014823,"Horvitz-Thompson(recency=5.0,delta=0.20)",HT,5.0,0.2,10,20,169,10000,,yes,0.035,0.9111475905555232
720,0.5401666754885218,1.00943131712619,0.4692646416376681,"Horvitz-Thompson(recency=5.0,delta=0.20)",HT,5.0,0.2,10,20,169,10000,,yes,0.035,0.9111475905555232
721,0.5441628085440274,0.9041757071067867,0.3600128985627593,"Horvitz-Thompson(recency=5.0,delta=0.20)",HT,5.0,0.2,10,20,169,10000,,yes,0.035,0.9111475905555232
722,0.5324918205667462,0.9476243141858796,0.4151324936191334,"Horvitz-Thompson(recency=5.0,delta=0.20)",HT,5.0,0.2,10,20,169,10000,,yes,0.035,0.9111475905555232
723,0.5094958083448099,1.0193004757987445,0.5098046674539346,"Horvitz-Thompson(recency=5.0,delta=0.20)",HT,5.0,0.2,10,20,169,10000,,yes,0.035,0.9111475905555232
724,0.5399143403422089,0.9909945963342895,0.4510802559920807,"Horvitz-Thompson(recency=5.0,delta=0.20)",HT,5.0,0.2,10,20,169,10000,,yes,0.035,0.9111475905555232
725,0.5344466272863496,0.9462606777861543,0.4118140504998047,"Horvitz-Thompson(recency=5.0,delta=0.20)",HT,5.0,0.2,10,20,169,10000,,yes,0.035,0.9111475905555232
726,0.5513177254127438,0.9779766259985394,0.4266589005857956,"Horvitz-Thompson(recency=5.0,delta=0.20)",HT,5.0,0.2,10,20,169,10000,,yes,0.035,0.9111475905555232
727,0.532783152351848,0.9851878881590654,0.4524047358072174,"Horvitz-Thompson(recency=5.0,delta=0.20)",HT,5.0,0.2,10,20,169,10000,,yes,0.035,0.9111475905555232
728,0.5230950010139073,1.0048562310851255,0.4817612300712182,"Horvitz-Thompson(recency=5.0,delta=0.20)",HT,5.0,0.2,10,20,169,10000,,yes,0.035,0.9111475905555232
729,0.5638147599876925,0.9325256883502859,0.36871092836259345,"Horvitz-Thompson(recency=5.0,delta=0.20)",HT,5.0,0.2,10,20,169,10000,,yes,0.035,0.9111475905555232
730,0.5263844985009536,0.9653275707269899,0.43894307222603635,"Horvitz-Thompson(recency=5.0,delta=0.20)",HT,5.0,0.2,10,20,169,10000,,yes,0.035,0.9111475905555232
731,0.5586412820992558,0.9016654851505365,0.3430242030512807,"Horvitz-Thompson(recency=5.0,delta=0.20)",HT,5.0,0.2,10,20,169,10000,,yes,0.035,0.9111475905555232
732,0.5388029428416311,0.9560055349349248,0.4172025920932937,"Horvitz-Thompson(recency=5.0,delta=0.20)",HT,5.0,0.2,10,20,169,10000,,yes,0.035,0.9111475905555232
733,0.5487219773267388,0.9409119174394956,0.3921899401127569,"Horvitz-Thompson(recency=5.0,delta=0.20)",HT,5.0,0.2,10,20,169,10000,,yes,0.035,0.9111475905555232
734,0.5439250420432317,0.9452355132367282,0.4013104711934965,"Horvitz-Thompson(recency=5.0,delta=0.20)",HT,5.0,0.2,10,20,169,10000,,yes,0.035,0.9111475905555232
735,0.546329209632683,0.9654409030990091,0.41911169346632604,"Horvitz-Thompson(recency=5.0,delta=0.20)",HT,5.0,0.2,10,20,169,10000,,yes,0.035,0.9111475905555232
736,0.5638079192424789,0.9226604726021074,0.3588525533596285,"Horvitz-Thompson(recency=5.0,delta=0.20)",HT,5.0,0.2,10,20,169,10000,,yes,0.035,0.9111475905555232
737,0.5395669764574295,0.9370591357906269,0.3974921593331975,"Horvitz-Thompson(recency=5.0,delta=0.20)",HT,5.0,0.2,10,20,169,10000,,yes,0.035,0.9111475905555232
738,0.5314455455470047,0.9527360691822162,0.42129052363521147,"Horvitz-Thompson(recency=5.0,delta=0.20)",HT,5.0,0.2,10,20,169,10000,,yes,0.035,0.9111475905555232
739,0.5402527239013262,0.9303560231862196,0.3901032992848934,"Horvitz-Thompson(recency=5.0,delta=0.20)",HT,5.0,0.2,10,20,169,10000,,yes,0.035,0.9111475905555232
740,0.5386261440044438,0.9786906403306901,0.44006449632624633,"Horvitz-Thompson(recency=5.0,delta=0.20)",HT,5.0,0.2,10,20,169,10000,,yes,0.035,0.9111475905555232
741,0.5301571991208566,0.9408381062979179,0.4106809071770613,"Horvitz-Thompson(recency=5.0,delta=0.20)",HT,5.0,0.2,10,20,169,10000,,yes,0.035,0.9111475905555232
742,0.5726518673063461,0.8844594259237698,0.3118075586174237,"Horvitz-Thompson(recency=5.0,delta=0.20)",HT,5.0,0.2,10,20,169,10000,,yes,0.035,0.9111475905555232
743,0.5628424119255184,0.9733384885027746,0.4104960765772562,"Horvitz-Thompson(recency=5.0,delta=0.20)",HT,5.0,0.2,10,20,169,10000,,yes,0.035,0.9111475905555232
744,0.5578997488386608,0.9544266833311336,0.3965269344924728,"Horvitz-Thompson(recency=5.0,delta=0.20)",HT,5.0,0.2,10,20,169,10000,,yes,0.035,0.9111475905555232
745,0.5529706008615453,0.9472251324441908,0.39425453158264556,"Horvitz-Thompson(recency=5.0,delta=0.20)",HT,5.0,0.2,10,20,169,10000,,yes,0.035,0.9111475905555232
746,0.5365340868514407,0.936124567724815,0.39959048087337434,"Horvitz-Thompson(recency=5.0,delta=0.20)",HT,5.0,0.2,10,20,169,10000,,yes,0.035,0.9111475905555232
747,0.5349152414443936,0.9835316546868923,0.4486164132424987,"Horvitz-Thompson(recency=5.0,delta=0.20)",HT,5.0,0.2,10,20,169,10000,,yes,0.035,0.9111475905555232
748,0.5316935512144618,0.9620451629778793,0.4303516117634175,"Horvitz-Thompson(recency=5.0,delta=0.20)",HT,5.0,0.2,10,20,169,10000,,yes,0.035,0.9111475905555232
749,0.5313116099897626,0.9341176036382903,0.40280599364852776,"Horvitz-Thompson(recency=5.0,delta=0.20)",HT,5.0,0.2,10,20,169,10000,,yes,0.035,0.9111475905555232
750,0.5146569561202808,0.9775700839828237,0.4629131278625429,"Horvitz-Thompson(recency=5.0,delta=0.20)",HT,5.0,0.2,10,20,169,10000,,yes,0.035,0.9111475905555232
751,0.5353753563838944,0.9659442449305254,0.430568888546631,"Horvitz-Thompson(recency=5.0,delta=0.20)",HT,5.0,0.2,10,20,169,10000,,yes,0.035,0.9111475905555232
752,0.5332222495151323,0.9871241336719141,0.4539018841567818,"Horvitz-Thompson(recency=5.0,delta=0.20)",HT,5.0,0.2,10,20,169,10000,,yes,0.035,0.9111475905555232
753,0.5023008419847348,1.0030467189061503,0.5007458769214155,"Horvitz-Thompson(recency=5.0,delta=0.20)",HT,5.0,0.2,10,20,169,10000,,yes,0.035,0.9111475905555232
754,0.5421964543589913,0.9868590279105056,0.4446625735515143,"Horvitz-Thompson(recency=5.0,delta=0.20)",HT,5.0,0.2,10,20,169,10000,,yes,0.035,0.9111475905555232
755,0.5430072485038713,0.9270761427883483,0.384068894284477,"Horvitz-Thompson(recency=5.0,delta=0.20)",HT,5.0,0.2,10,20,169,10000,,yes,0.035,0.9111475905555232
756,0.5568552672955527,0.952485634860247,0.3956303675646943,"Horvitz-Thompson(recency=5.0,delta=0.20)",HT,5.0,0.2,10,20,169,10000,,yes,0.035,0.9111475905555232
757,0.5566718739737826,0.9844109407029457,0.42773906672916306,"Horvitz-Thompson(recency=5.0,delta=0.20)",HT,5.0,0.2,10,20,169,10000,,yes,0.035,0.9111475905555232
758,0.5176060997374566,1.00119856287768,0.4835924631402234,"Horvitz-Thompson(recency=5.0,delta=0.20)",HT,5.0,0.2,10,20,169,10000,,yes,0.035,0.9111475905555232
759,0.536437680761967,0.9609184680575786,0.4244807872956117,"Horvitz-Thompson(recency=5.0,delta=0.20)",HT,5.0,0.2,10,20,169,10000,,yes,0.035,0.9111475905555232
760,0.5272658158158232,0.9879483868384953,0.46068257102267207,"Horvitz-Thompson(recency=5.0,delta=0.20)",HT,5.0,0.2,10,20,169,10000,,yes,0.035,0.9111475905555232
761,0.5663427613216029,0.8980631453112137,0.3317203839896108,"Horvitz-Thompson(recency=5.0,delta=0.20)",HT,5.0,0.2,10,20,169,10000,,yes,0.035,0.9111475905555232
762,0.5301221351217585,0.9713940220992867,0.44127188697752817,"Horvitz-Thompson(recency=5.0,delta=0.20)",HT,5.0,0.2,10,20,169,10000,,yes,0.035,0.9111475905555232
763,0.5615153494688693,0.9448502941438509,0.38333494467498164,"Horvitz-Thompson(recency=5.0,delta=0.20)",HT,5.0,0.2,10,20,169,10000,,yes,0.035,0.9111475905555232
764,0.5499502539414217,0.9371134311796231,0.3871631772382014,"Horvitz-Thompson(recency=5.0,delta=0.20)",HT,5.0,0.2,10,20,169,10000,,yes,0.035,0.9111475905555232
765,0.520919297106122,0.9622910211078729,0.44137172400175095,"Horvitz-Thompson(recency=5.0,delta=0.20)",HT,5.0,0.2,10,20,169,10000,,yes,0.035,0.9111475905555232
766,0.5371683825095361,0.9441172908898169,0.40694890838028075,"Horvitz-Thompson(recency=5.0,delta=0.20)",HT,5.0,0.2,10,20,169,10000,,yes,0.035,0.9111475905555232
767,0.5173530514430198,0.9445544458552008,0.42720139441218097,"Horvitz-Thompson(recency=5.0,delta=0.20)",HT,5.0,0.2,10,20,169,10000,,yes,0.035,0.9111475905555232
768,0.5123963975271313,0.9410005998272265,0.4286042023000952,"Horvitz-Thompson(recency=5.0,delta=0.20)",HT,5.0,0.2,10,20,169,10000,,yes,0.035,0.9111475905555232
769,0.5459863713459747,0.9405612066883126,0.39457483534233784,"Horvitz-Thompson(recency=5.0,delta=0.20)",HT,5.0,0.2,10,20,169,10000,,yes,0.035,0.9111475905555232
770,0.5486581595340635,0.9526944983398269,0.4040363388057634,"Horvitz-Thompson(recency=5.0,delta=0.20)",HT,5.0,0.2,10,20,169,10000,,yes,0.035,0.9111475905555232
771,0.5461005799616756,0.9631705489014988,0.4170699689398232,"Horvitz-Thompson(recency=5.0,delta=0.20)",HT,5.0,0.2,10,20,169,10000,,yes,0.035,0.9111475905555232
772,0.5478644603141926,0.9209660980678247,0.37310163775363214,"Horvitz-Thompson(recency=5.0,delta=0.20)",HT,5.0,0.2,10,20,169,10000,,yes,0.035,0.9111475905555232
773,0.525658430681307,0.9730129743642653,0.44735454368295824,"Horvitz-Thompson(recency=5.0,delta=0.20)",HT,5.0,0.2,10,20,169,10000,,yes,0.035,0.9111475905555232
774,0.5442832068686847,0.9205853270620683,0.3763021201933836,"Horvitz-Thompson(recency=5.0,delta=0.20)",HT,5.0,0.2,10,20,169,10000,,yes,0.035,0.9111475905555232
775,0.5409571856038813,0.9557251643780253,0.41476797877414406,"Horvitz-Thompson(recency=5.0,delta=0.20)",HT,5.0,0.2,10,20,169,10000,,yes,0.035,0.9111475905555232
776,0.5517860565882783,0.9744970261446322,0.4227109695563539,"Horvitz-Thompson(recency=5.0,delta=0.20)",HT,5.0,0.2,10,20,169,10000,,yes,0.035,0.9111475905555232
777,0.5217455990201477,1.0268523718457159,0.5051067728255682,"Horvitz-Thompson(recency=5.0,delta=0.20)",HT,5.0,0.2,10,20,169,10000,,yes,0.035,0.9111475905555232
778,0.5552721134403101,0.9559090588613793,0.4006369454210692,"Horvitz-Thompson(recency=5.0,delta=0.20)",HT,5.0,0.2,10,20,169,10000,,yes,0.035,0.9111475905555232
779,0.5637708591690914,0.9160639927812191,0.35229313361212766,"Horvitz-Thompson(recency=5.0,delta=0.20)",HT,5.0,0.2,10,20,169,10000,,yes,0.035,0.9111475905555232
780,0.5456197083178046,0.9339323617580196,0.38831265344021504,"Horvitz-Thompson(recency=5.0,delta=0.20)",HT,5.0,0.2,10,20,169,10000,,yes,0.035,0.9111475905555232
781,0.5577385371850692,0.9441661809382073,0.3864276437531381,"Horvitz-Thompson(recency=5.0,delta=0.20)",HT,5.0,0.2,10,20,169,10000,,yes,0.035,0.9111475905555232
782,0.5337872390832267,0.9528782030336405,0.4190909639504138,"Horvitz-Thompson(recency=5.0,delta=0.20)",HT,5.0,0.2,10,20,169,10000,,yes,0.035,0.9111475905555232
783,0.5271192317104201,0.9642291026964388,0.4371098709860187,"Horvitz-Thompson(recency=5.0,delta=0.20)",HT,5.0,0.2,10,20,169,10000,,yes,0.035,0.9111475905555232
784,0.520399885903574,0.9878725017255743,0.4674726158220003,"Horvitz-Thompson(recency=5.0,delta=0.20)",HT,5.0,0.2,10,20,169,10000,,yes,0.035,0.9111475905555232
785,0.5385022622674572,0.9222380538016784,0.3837357915342212,"Horvitz-Thompson(recency=5.0,delta=0.20)",HT,5.0,0.2,10,20,169,10000,,yes,0.035,0.9111475905555232
786,0.5354999467249477,0.9757625717791126,0.4402626250541649,"Horvitz-Thompson(recency=5.0,delta=0.20)",HT,5.0,0.2,10,20,169,10000,,yes,0.035,0.9111475905555232
787,0.5356672127932496,0.9756374694987983,0.4399702567055487,"Horvitz-Thompson(recency=5.0,delta=0.20)",HT,5.0,0.2,10,20,169,10000,,yes,0.035,0.9111475905555232
788,0.5176962543094845,0.9882641674240543,0.4705679131145698,"Horvitz-Thompson(recency=5.0,delta=0.20)",HT,5.0,0.2,10,20,169,10000,,yes,0.035,0.9111475905555232
789,0.5330585158822618,0.977811631652079,0.44475311576981713,"Horvitz-Thompson(recency=5.0,delta=0.20)",HT,5.0,0.2,10,20,169,10000,,yes,0.035,0.9111475905555232
790,0.543307570591591,0.9689793469099374,0.4256717763183464,"Horvitz-Thompson(recency=5.0,delta=0.20)",HT,5.0,0.2,10,20,169,10000,,yes,0.035,0.9111475905555232
791,0.5257791278644928,0.9453791882722752,0.4196000604077824,"Horvitz-Thompson(recency=5.0,delta=0.20)",HT,5.0,0.2,10,20,169,10000,,yes,0.035,0.9111475905555232
792,0.5107133164619126,1.0009277956373186,0.49021447917540595,"Horvitz-Thompson(recency=5.0,delta=0.20)",HT,5.0,0.2,10,20,169,10000,,yes,0.035,0.9111475905555232
793,0.5367198691042454,0.9839796727563792,0.4472598036521338,"Horvitz-Thompson(recency=5.0,delta=0.20)",HT,5.0,0.2,10,20,169,10000,,yes,0.035,0.9111475905555232
794,0.5312760929198157,0.9630251637413478,0.43174907082153213,"Horvitz-Thompson(recency=5.0,delta=0.20)",HT,5.0,0.2,10,20,169,10000,,yes,0.035,0.9111475905555232
795,0.5235144919336706,0.9415293184977964,0.4180148265641258,"Horvitz-Thompson(recency=5.0,delta=0.20)",HT,5.0,0.2,10,20,169,10000,,yes,0.035,0.9111475905555232
796,0.5478235371859725,0.9634606807235003,0.4156371435375278,"Horvitz-Thompson(recency=5.0,delta=0.20)",HT,5.0,0.2,10,20,169,10000,,yes,0.035,0.9111475905555232
797,0.5372204262293655,0.9883540616200783,0.45113363539071283,"Horvitz-Thompson(recency=5.0,delta=0.20)",HT,5.0,0.2,10,20,169,10000,,yes,0.035,0.9111475905555232
798,0.5260092683085306,0.9522736407932125,0.42626437248468196,"Horvitz-Thompson(recency=5.0,delta=0.20)",HT,5.0,0.2,10,20,169,10000,,yes,0.035,0.9111475905555232
799,0.5055811665174097,1.0325165973199986,0.5269354308025889,"Horvitz-Thompson(recency=5.0,delta=0.20)",HT,5.0,0.2,10,20,169,10000,,yes,0.035,0.9111475905555232
800,0.5473810767405961,0.9389107666883124,0.3915296899477163,"Horvitz-Thompson(recency=5.0,delta=0.20)",HT,5.0,0.2,10,20,169,10000,,yes,0.035,0.9111475905555232
801,0.5272150317109306,0.956544907090383,0.42932987537945233,"Horvitz-Thompson(recency=5.0,delta=0.20)",HT,5.0,0.2,10,20,169,10000,,yes,0.035,0.9111475905555232
802,0.533095429239843,0.946947609379678,0.41385218013983505,"Horvitz-Thompson(recency=5.0,delta=0.20)",HT,5.0,0.2,10,20,169,10000,,yes,0.035,0.9111475905555232
803,0.5537735979650226,0.9333961967164687,0.3796225987514461,"Horvitz-Thompson(recency=5.0,delta=0.20)",HT,5.0,0.2,10,20,169,10000,,yes,0.035,0.9111475905555232
804,0.508122646014212,0.9891493800539555,0.4810267340397435,"Horvitz-Thompson(recency=5.0,delta=0.20)",HT,5.0,0.2,10,20,169,10000,,yes,0.035,0.9111475905555232
805,0.5280476387105655,0.9655847890097943,0.4375371502992288,"Horvitz-Thompson(recency=5.0,delta=0.20)",HT,5.0,0.2,10,20,169,10000,,yes,0.035,0.9111475905555232
806,0.5349704409127335,0.9631680331398444,0.42819759222711096,"Horvitz-Thompson(recency=5.0,delta=0.20)",HT,5.0,0.2,10,20,169,10000,,yes,0.035,0.9111475905555232
807,0.5162302138677771,1.0243840764863466,0.5081538626185694,"Horvitz-Thompson(recency=5.0,delta=0.20)",HT,5.0,0.2,10,20,169,10000,,yes,0.035,0.9111475905555232
808,0.5183558269572699,0.9649726714755369,0.446616844518267,"Horvitz-Thompson(recency=5.0,delta=0.20)",HT,5.0,0.2,10,20,169,10000,,yes,0.035,0.9111475905555232
809,0.5546617792584216,0.9350725874904111,0.3804108082319895,"Horvitz-Thompson(recency=5.0,delta=0.20)",HT,5.0,0.2,10,20,169,10000,,yes,0.035,0.9111475905555232
810,0.5478765730590539,0.943332163030827,0.3954555899717731,"Horvitz-Thompson(recency=5.0,delta=0.20)",HT,5.0,0.2,10,20,169,10000,,yes,0.035,0.9111475905555232
811,0.5592580039031468,0.9419126697697167,0.3826546658665698,"Horvitz-Thompson(recency=5.0,delta=0.20)",HT,5.0,0.2,10,20,169,10000,,yes,0.035,0.9111475905555232
812,0.5292770967518424,0.9591483441626336,0.4298712474107912,"Horvitz-Thompson(recency=5.0,delta=0.20)",HT,5.0,0.2,10,20,169,10000,,yes,0.035,0.9111475905555232
813,0.5415645151359969,0.9530673070514902,0.4115027919154933,"Horvitz-Thompson(recency=5.0,delta=0.20)",HT,5.0,0.2,10,20,169,10000,,yes,0.035,0.9111475905555232
814,0.544333139992796,0.9711489063028478,0.4268157663100518,"Horvitz-Thompson(recency=5.0,delta=0.20)",HT,5.0,0.2,10,20,169,10000,,yes,0.035,0.9111475905555232
815,0.532303892001864,0.9605412594620724,0.42823736746020835,"Horvitz-Thompson(recency=5.0,delta=0.20)",HT,5.0,0.2,10,20,169,10000,,yes,0.035,0.9111475905555232
816,0.5650822974312035,0.8785987133862341,0.31351641595503055,"Horvitz-Thompson(recency=5.0,delta=0.20)",HT,5.0,0.2,10,20,169,10000,,yes,0.035,0.9111475905555232
817,0.5760721377278399,0.9178845833699695,0.34181244564212954,"Horvitz-Thompson(recency=5.0,delta=0.20)",HT,5.0,0.2,10,20,169,10000,,yes,0.035,0.9111475905555232
818,0.5226280989086773,0.9137291603621587,0.39110106145348134,"Horvitz-Thompson(recency=5.0,delta=0.20)",HT,5.0,0.2,10,20,169,10000,,yes,0.035,0.9111475905555232
819,0.5415730999949124,0.9460888684563667,0.4045157684614543,"Horvitz-Thompson(recency=5.0,delta=0.20)",HT,5.0,0.2,10,20,169,10000,,yes,0.035,0.9111475905555232
820,0.5616314422992028,0.9071809874959986,0.3455495451967958,"Horvitz-Thompson(recency=5.0,delta=0.20)",HT,5.0,0.2,10,20,169,10000,,yes,0.035,0.9111475905555232
821,0.5040143776879474,0.9719218752121246,0.46790749752417715,"Horvitz-Thompson(recency=5.0,delta=0.20)",HT,5.0,0.2,10,20,169,10000,,yes,0.035,0.9111475905555232
822,0.5087871715321547,1.023853434436285,0.5150662629041304,"Horvitz-Thompson(recency=5.0,delta=0.20)",HT,5.0,0.2,10,20,169,10000,,yes,0.035,0.9111475905555232
823,0.5193281104970736,1.0287867537914597,0.5094586432943861,"Horvitz-Thompson(recency=5.0,delta=0.20)",HT,5.0,0.2,10,20,169,10000,,yes,0.035,0.9111475905555232
824,0.5575616453682234,0.9298955166150693,0.3723338712468459,"Horvitz-Thompson(recency=5.0,delta=0.20)",HT,5.0,0.2,10,20,169,10000,,yes,0.035,0.9111475905555232
825,0.527210892987045,0.9462083162387501,0.4189974232517051,"Horvitz-Thompson(recency=5.0,delta=0.20)",HT,5.0,0.2,10,20,169,10000,,yes,0.035,0.9111475905555232
826,0.574138339865692,0.8680172293411457,0.2938788894754537,"Horvitz-Thompson(recency=5.0,delta=0.20)",HT,5.0,0.2,10,20,169,10000,,yes,0.035,0.9111475905555232
827,0.5533588540389697,0.9769341033703977,0.423575249331428,"Horvitz-Thompson(recency=5.0,delta=0.20)",HT,5.0,0.2,10,20,169,10000,,yes,0.035,0.9111475905555232
828,0.5457306871460101,0.9344783341960223,0.3887476470500122,"Horvitz-Thompson(recency=5.0,delta=0.20)",HT,5.0,0.2,10,20,169,10000,,yes,0.035,0.9111475905555232
829,0.5547267563894106,0.9495104602885163,0.39478370389910566,"Horvitz-Thompson(recency=5.0,delta=0.20)",HT,5.0,0.2,10,20,169,10000,,yes,0.035,0.9111475905555232
830,0.5528000124344253,0.9097113431203564,0.35691133068593106,"Horvitz-Thompson(recency=5.0,delta=0.20)",HT,5.0,0.2,10,20,169,10000,,yes,0.035,0.9111475905555232
831,0.5238400977360065,0.9596214735548083,0.43578137581880183,"Horvitz-Thompson(recency=5.0,delta=0.20)",HT,5.0,0.2,10,20,169,10000,,yes,0.035,0.9111475905555232
832,0.527834587939471,0.9257302062054171,0.3978956182659461,"Horvitz-Thompson(recency=5.0,delta=0.20)",HT,5.0,0.2,10,20,169,10000,,yes,0.035,0.9111475905555232
833,0.5341578847995715,1.0231248854468962,0.4889670006473247,"Horvitz-Thompson(recency=5.0,delta=0.20)",HT,5.0,0.2,10,20,169,10000,,yes,0.035,0.9111475905555232
834,0.5520082071407757,0.9629871493558377,0.41097894221506204,"Horvitz-Thompson(recency=5.0,delta=0.20)",HT,5.0,0.2,10,20,169,10000,,yes,0.035,0.9111475905555232
835,0.536629911506834,0.9596144772476326,0.42298456574079857,"Horvitz-Thompson(recency=5.0,delta=0.20)",HT,5.0,0.2,10,20,169,10000,,yes,0.035,0.9111475905555232
836,0.5612318471456462,0.8819322034563337,0.3207003563106875,"Horvitz-Thompson(recency=5.0,delta=0.20)",HT,5.0,0.2,10,20,169,10000,,yes,0.035,0.9111475905555232
837,0.5340517996892988,0.9487732520292642,0.4147214523399654,"Horvitz-Thompson(recency=5.0,delta=0.20)",HT,5.0,0.2,10,20,169,10000,,yes,0.035,0.9111475905555232
838,0.5521726351573052,0.9548479141916975,0.40267527903439226,"Horvitz-Thompson(recency=5.0,delta=0.20)",HT,5.0,0.2,10,20,169,10000,,yes,0.035,0.9111475905555232
839,0.5281588259438661,0.9091509372509929,0.38099211130712685,"Horvitz-Thompson(recency=5.0,delta=0.20)",HT,5.0,0.2,10,20,169,10000,,yes,0.035,0.9111475905555232
840,0.5422208597272417,0.9252815665069684,0.3830607067797267,"Horvitz-Thompson(recency=5.0,delta=0.20)",HT,5.0,0.2,10,20,169,10000,,yes,0.035,0.9111475905555232
841,0.53685888950644,0.9439745831909903,0.40711569368455025,"Horvitz-Thompson(recency=5.0,delta=0.20)",HT,5.0,0.2,10,20,169,10000,,yes,0.035,0.9111475905555232
842,0.4974094904628396,1.031209050585589,0.5337995601227494,"Horvitz-Thompson(recency=5.0,delta=0.20)",HT,5.0,0.2,10,20,169,10000,,yes,0.035,0.9111475905555232
843,0.5562418260848153,0.901917850714849,0.34567602463003366,"Horvitz-Thompson(recency=5.0,delta=0.20)",HT,5.0,0.2,10,20,169,10000,,yes,0.035,0.9111475905555232
844,0.557440395133756,0.9648080808695004,0.40736768573574444,"Horvitz-Thompson(recency=5.0,delta=0.20)",HT,5.0,0.2,10,20,169,10000,,yes,0.035,0.9111475905555232
845,0.5381265877361359,0.9397846436032073,0.4016580558670715,"Horvitz-Thompson(recency=5.0,delta=0.20)",HT,5.0,0.2,10,20,169,10000,,yes,0.035,0.9111475905555232
846,0.5515656199864691,0.8885788093242654,0.3370131893377962,"Horvitz-Thompson(recency=5.0,delta=0.20)",HT,5.0,0.2,10,20,169,10000,,yes,0.035,0.9111475905555232
847,0.525792778942872,0.9869929783043537,0.4612001993614817,"Horvitz-Thompson(recency=5.0,delta=0.20)",HT,5.0,0.2,10,20,169,10000,,yes,0.035,0.9111475905555232
848,0.5601601247285323,0.9032738031764184,0.3431136784478861,"Horvitz-Thompson(recency=5.0,delta=0.20)",HT,5.0,0.2,10,20,169,10000,,yes,0.035,0.9111475905555232
849,0.5414310085523649,0.9473499436254118,0.4059189350730469,"Horvitz-Thompson(recency=5.0,delta=0.20)",HT,5.0,0.2,10,20,169,10000,,yes,0.035,0.9111475905555232
850,0.530257320067213,1.0113664307029486,0.4811091106357356,"Horvitz-Thompson(recency=5.0,delta=0.20)",HT,5.0,0.2,10,20,169,10000,,yes,0.035,0.9111475905555232
851,0.5376964549273964,0.9729055385145446,0.43520908358714827,"Horvitz-Thompson(recency=5.0,delta=0.20)",HT,5.0,0.2,10,20,169,10000,,yes,0.035,0.9111475905555232
852,0.5354057193362224,1.0057487054485021,0.47034298611227976,"Horvitz-Thompson(recency=5.0,delta=0.20)",HT,5.0,0.2,10,20,169,10000,,yes,0.035,0.9111475905555232
853,0.5437686897571185,0.9270750226368013,0.38330633287968285,"Horvitz-Thompson(recency=5.0,delta=0.20)",HT,5.0,0.2,10,20,169,10000,,yes,0.035,0.9111475905555232
854,0.5693685557139037,0.8543465326131364,0.28497797689923277,"Horvitz-Thompson(recency=5.0,delta=0.20)",HT,5.0,0.2,10,20,169,10000,,yes,0.035,0.9111475905555232
855,0.5520637417707712,0.9343639875699259,0.38230024579915467,"Horvitz-Thompson(recency=5.0,delta=0.20)",HT,5.0,0.2,10,20,169,10000,,yes,0.035,0.9111475905555232
856,0.5322220329537242,0.9944038773801185,0.4621818444263943,"Horvitz-Thompson(recency=5.0,delta=0.20)",HT,5.0,0.2,10,20,169,10000,,yes,0.035,0.9111475905555232
857,0.5141368916409528,1.0308569354208887,0.516720043779936,"Horvitz-Thompson(recency=5.0,delta=0.20)",HT,5.0,0.2,10,20,169,10000,,yes,0.035,0.9111475905555232
858,0.5305108606952103,1.0003724194510903,0.4698615587558801,"Horvitz-Thompson(recency=5.0,delta=0.20)",HT,5.0,0.2,10,20,169,10000,,yes,0.035,0.9111475905555232
859,0.5536544415987468,0.9766526255352915,0.42299818393654476,"Horvitz-Thompson(recency=5.0,delta=0.20)",HT,5.0,0.2,10,20,169,10000,,yes,0.035,0.9111475905555232
860,0.5380392656578658,0.921118975920935,0.3830797102630692,"Horvitz-Thompson(recency=5.0,delta=0.20)",HT,5.0,0.2,10,20,169,10000,,yes,0.035,0.9111475905555232
861,0.5145987576642238,1.0100835983576233,0.4954848406933995,"Horvitz-Thompson(recency=5.0,delta=0.20)",HT,5.0,0.2,10,20,169,10000,,yes,0.035,0.9111475905555232
862,0.5266183021337155,0.9881995710126265,0.46158126887891093,"Horvitz-Thompson(recency=5.0,delta=0.20)",HT,5.0,0.2,10,20,169,10000,,yes,0.035,0.9111475905555232
863,0.5612665478798763,0.9012966553432247,0.3400301074633484,"Horvitz-Thompson(recency=5.0,delta=0.20)",HT,5.0,0.2,10,20,169,10000,,yes,0.035,0.9111475905555232
864,0.5258856523307865,0.9878742342833137,0.4619885819525271,"Horvitz-Thompson(recency=5.0,delta=0.20)",HT,5.0,0.2,10,20,169,10000,,yes,0.035,0.9111475905555232
865,0.5138718342001947,0.9478271184679985,0.43395528426780383,"Horvitz-Thompson(recency=5.0,delta=0.20)",HT,5.0,0.2,10,20,169,10000,,yes,0.035,0.9111475905555232
866,0.512872664944218,1.0205485995863293,0.5076759346421112,"Horvitz-Thompson(recency=5.0,delta=0.20)",HT,5.0,0.2,10,20,169,10000,,yes,0.035,0.9111475905555232
867,0.5107228100140465,0.9830078402751199,0.4722850302610734,"Horvitz-Thompson(recency=5.0,delta=0.20)",HT,5.0,0.2,10,20,169,10000,,yes,0.035,0.9111475905555232
868,0.5054072965891132,1.0175787068253845,0.5121714102362713,"Horvitz-Thompson(recency=5.0,delta=0.20)",HT,5.0,0.2,10,20,169,10000,,yes,0.035,0.9111475905555232
869,0.5248884429572899,0.9539510557140932,0.42906261275680335,"Horvitz-Thompson(recency=5.0,delta=0.20)",HT,5.0,0.2,10,20,169,10000,,yes,0.035,0.9111475905555232
870,0.5428743980460159,0.9324269675691014,0.3895525695230855,"Horvitz-Thompson(recency=5.0,delta=0.20)",HT,5.0,0.2,10,20,169,10000,,yes,0.035,0.9111475905555232
871,0.54685364997969,0.9361238019745327,0.3892701519948427,"Horvitz-Thompson(recency=5.0,delta=0.20)",HT,5.0,0.2,10,20,169,10000,,yes,0.035,0.9111475905555232
872,0.5564340868374837,0.9505668557883874,0.39413276895090366,"Horvitz-Thompson(recency=5.0,delta=0.20)",HT,5.0,0.2,10,20,169,10000,,yes,0.035,0.9111475905555232
873,0.545300654198003,0.9437363615943956,0.39843570739639256,"Horvitz-Thompson(recency=5.0,delta=0.20)",HT,5.0,0.2,10,20,169,10000,,yes,0.035,0.9111475905555232
874,0.53716181799594,0.9410070640575595,0.40384524606161953,"Horvitz-Thompson(recency=5.0,delta=0.20)",HT,5.0,0.2,10,20,169,10000,,yes,0.035,0.9111475905555232
875,0.5254908682593618,0.9597540074609173,0.43426313920155557,"Horvitz-Thompson(recency=5.0,delta=0.20)",HT,5.0,0.2,10,20,169,10000,,yes,0.035,0.9111475905555232
876,0.5571461990822839,0.8796563197154998,0.32251012063321594,"Horvitz-Thompson(recency=5.0,delta=0.20)",HT,5.0,0.2,10,20,169,10000,,yes,0.035,0.9111475905555232
877,0.5376182872768661,0.9792987969332808,0.4416805096564147,"Horvitz-Thompson(recency=5.0,delta=0.20)",HT,5.0,0.2,10,20,169,10000,,yes,0.035,0.9111475905555232
878,0.5549590443096257,0.9170586084507801,0.3620995641411544,"Horvitz-Thompson(recency=5.0,delta=0.20)",HT,5.0,0.2,10,20,169,10000,,yes,0.035,0.9111475905555232
879,0.5453411140920678,0.9130650091658206,0.3677238950737528,"Horvitz-Thompson(recency=5.0,delta=0.20)",HT,5.0,0.2,10,20,169,10000,,yes,0.035,0.9111475905555232
880,0.5091893709182835,0.9674222041098907,0.4582328331916071,"Horvitz-Thompson(recency=5.0,delta=0.20)",HT,5.0,0.2,10,20,169,10000,,yes,0.035,0.9111475905555232
881,0.5513910972534779,0.9253338771815726,0.37394277992809466,"Horvitz-Thompson(recency=5.0,delta=0.20)",HT,5.0,0.2,10,20,169,10000,,yes,0.035,0.9111475905555232
882,0.5306154100872262,0.9954916664224117,0.4648762563351855,"Horvitz-Thompson(recency=5.0,delta=0.20)",HT,5.0,0.2,10,20,169,10000,,yes,0.035,0.9111475905555232
883,0.50558628867539,0.9738161220009595,0.46822983332556944,"Horvitz-Thompson(recency=5.0,delta=0.20)",HT,5.0,0.2,10,20,169,10000,,yes,0.035,0.9111475905555232
884,0.53147028446837,0.9570284071326046,0.42555812266423465,"Horvitz-Thompson(recency=5.0,delta=0.20)",HT,5.0,0.2,10,20,169,10000,,yes,0.035,0.9111475905555232
885,0.5518974455941908,0.9425716904587141,0.3906742448645233,"Horvitz-Thompson(recency=5.0,delta=0.20)",HT,5.0,0.2,10,20,169,10000,,yes,0.035,0.9111475905555232
886,0.541914939666283,0.9622566911328582,0.42034175146657515,"Horvitz-Thompson(recency=5.0,delta=0.20)",HT,5.0,0.2,10,20,169,10000,,yes,0.035,0.9111475905555232
887,0.5306470239121631,0.933710865356325,0.40306384144416185,"Horvitz-Thompson(recency=5.0,delta=0.20)",HT,5.0,0.2,10,20,169,10000,,yes,0.035,0.9111475905555232
888,0.5088053137990071,1.0024118469217855,0.49360653312277847,"Horvitz-Thompson(recency=5.0,delta=0.20)",HT,5.0,0.2,10,20,169,10000,,yes,0.035,0.9111475905555232
889,0.5324511617712496,0.9521680147854004,0.41971685301415074,"Horvitz-Thompson(recency=5.0,delta=0.20)",HT,5.0,0.2,10,20,169,10000,,yes,0.035,0.9111475905555232
890,0.5510089782588463,0.9298975254101417,0.3788885471512954,"Horvitz-Thompson(recency=5.0,delta=0.20)",HT,5.0,0.2,10,20,169,10000,,yes,0.035,0.9111475905555232
891,0.5278403098749911,0.9910173305546921,0.463177020679701,"Horvitz-Thompson(recency=5.0,delta=0.20)",HT,5.0,0.2,10,20,169,10000,,yes,0.035,0.9111475905555232
892,0.5364731296292895,0.9925904364843836,0.4561173068550941,"Horvitz-Thompson(recency=5.0,delta=0.20)",HT,5.0,0.2,10,20,169,10000,,yes,0.035,0.9111475905555232
893,0.5315609573138327,0.9666942001644672,0.4351332428506345,"Horvitz-Thompson(recency=5.0,delta=0.20)",HT,5.0,0.2,10,20,169,10000,,yes,0.035,0.9111475905555232
894,0.5447167633018178,0.9533528640517477,0.40863610074992984,"Horvitz-Thompson(recency=5.0,delta=0.20)",HT,5.0,0.2,10,20,169,10000,,yes,0.035,0.9111475905555232
895,0.5296519168102309,0.9631144420739888,0.43346252526375784,"Horvitz-Thompson(recency=5.0,delta=0.20)",HT,5.0,0.2,10,20,169,10000,,yes,0.035,0.9111475905555232
896,0.5407596053336724,0.9615127880552723,0.4207531827215999,"Horvitz-Thompson(recency=5.0,delta=0.20)",HT,5.0,0.2,10,20,169,10000,,yes,0.035,0.9111475905555232
897,0.5627138117327345,0.942469993175943,0.37975618144320855,"Horvitz-Thompson(recency=5.0,delta=0.20)",HT,5.0,0.2,10,20,169,10000,,yes,0.035,0.9111475905555232
898,0.5084491964966674,0.982753293694419,0.4743040971977516,"Horvitz-Thompson(recency=5.0,delta=0.20)",HT,5.0,0.2,10,20,169,10000,,yes,0.035,0.9111475905555232
899,0.5251185448686599,0.9523031560767905,0.42718461120813056,"Horvitz-Thompson(recency=5.0,delta=0.20)",HT,5.0,0.2,10,20,169,10000,,yes,0.035,0.9111475905555232
900,0.5391398526249384,0.985218117881913,0.4460782652569747,"Horvitz-Thompson(recency=5.0,delta=0.20)",HT,5.0,0.2,10,20,169,10000,,yes,0.035,0.9111475905555232
901,0.5494204631423845,0.9206312642057327,0.37121080106334825,"Horvitz-Thompson(recency=5.0,delta=0.20)",HT,5.0,0.2,10,20,169,10000,,yes,0.035,0.9111475905555232
902,0.5054248083505553,0.9779136056696005,0.47248879731904525,"Horvitz-Thompson(recency=5.0,delta=0.20)",HT,5.0,0.2,10,20,169,10000,,yes,0.035,0.9111475905555232
903,0.5467079221771756,0.9392735846547187,0.3925656624775431,"Horvitz-Thompson(recency=5.0,delta=0.20)",HT,5.0,0.2,10,20,169,10000,,yes,0.035,0.9111475905555232
904,0.5451791011166355,0.970404018966097,0.4252249178494615,"Horvitz-Thompson(recency=5.0,delta=0.20)",HT,5.0,0.2,10,20,169,10000,,yes,0.035,0.9111475905555232
905,0.5207106256249331,0.9677859267467642,0.44707530112183114,"Horvitz-Thompson(recency=5.0,delta=0.20)",HT,5.0,0.2,10,20,169,10000,,yes,0.035,0.9111475905555232
906,0.5157137836333705,0.9544608145196043,0.4387470308862338,"Horvitz-Thompson(recency=5.0,delta=0.20)",HT,5.0,0.2,10,20,169,10000,,yes,0.035,0.9111475905555232
907,0.5323264059724209,0.9859792392232026,0.45365283325078176,"Horvitz-Thompson(recency=5.0,delta=0.20)",HT,5.0,0.2,10,20,169,10000,,yes,0.035,0.9111475905555232
908,0.5273542554118573,0.9448079586460689,0.4174537032342116,"Horvitz-Thompson(recency=5.0,delta=0.20)",HT,5.0,0.2,10,20,169,10000,,yes,0.035,0.9111475905555232
909,0.531363940356715,0.9482995061025783,0.4169355657458633,"Horvitz-Thompson(recency=5.0,delta=0.20)",HT,5.0,0.2,10,20,169,10000,,yes,0.035,0.9111475905555232
910,0.5078565902562134,0.9812393475210313,0.4733827572648178,"Horvitz-Thompson(recency=5.0,delta=0.20)",HT,5.0,0.2,10,20,169,10000,,yes,0.035,0.9111475905555232
911,0.5272140379348286,0.9722690148899409,0.4450549769551123,"Horvitz-Thompson(recency=5.0,delta=0.20)",HT,5.0,0.2,10,20,169,10000,,yes,0.035,0.9111475905555232
912,0.5586938955695964,0.9498207062952668,0.39112681072567046,"Horvitz-Thompson(recency=5.0,delta=0.20)",HT,5.0,0.2,10,20,169,10000,,yes,0.035,0.9111475905555232
913,0.5677757001814465,0.9351831834048018,0.36740748322335526,"Horvitz-Thompson(recency=5.0,delta=0.20)",HT,5.0,0.2,10,20,169,10000,,yes,0.035,0.9111475905555232
914,0.532440662230503,0.9599404669965207,0.4274998047660177,"Horvitz-Thompson(recency=5.0,delta=0.20)",HT,5.0,0.2,10,20,169,10000,,yes,0.035,0.9111475905555232
915,0.5313111355829755,1.0027349922351922,0.47142385665221676,"Horvitz-Thompson(recency=5.0,delta=0.20)",HT,5.0,0.2,10,20,169,10000,,yes,0.035,0.9111475905555232
916,0.555859254479944,0.946706342016827,0.390847087536883,"Horvitz-Thompson(recency=5.0,delta=0.20)",HT,5.0,0.2,10,20,169,10000,,yes,0.035,0.9111475905555232
917,0.534556375681278,0.9959849911530098,0.46142861547173175,"Horvitz-Thompson(recency=5.0,delta=0.20)",HT,5.0,0.2,10,20,169,10000,,yes,0.035,0.9111475905555232
918,0.5194363855371569,0.9660684877471027,0.44663210220994587,"Horvitz-Thompson(recency=5.0,delta=0.20)",HT,5.0,0.2,10,20,169,10000,,yes,0.035,0.9111475905555232
919,0.5644428312852909,0.9278001656551843,0.36335733436989337,"Horvitz-Thompson(recency=5.0,delta=0.20)",HT,5.0,0.2,10,20,169,10000,,yes,0.035,0.9111475905555232
920,0.48477259149579716,1.0592330456124242,0.5744604541166269,"Horvitz-Thompson(recency=5.0,delta=0.20)",HT,5.0,0.2,10,20,169,10000,,yes,0.035,0.9111475905555232
921,0.5243812677114178,1.0041656680674411,0.4797844003560233,"Horvitz-Thompson(recency=5.0,delta=0.20)",HT,5.0,0.2,10,20,169,10000,,yes,0.035,0.9111475905555232
922,0.4984626395575319,0.9919352040724577,0.4934725645149258,"Horvitz-Thompson(recency=5.0,delta=0.20)",HT,5.0,0.2,10,20,169,10000,,yes,0.035,0.9111475905555232
923,0.5360726433162402,0.9694078827760736,0.43333523945983343,"Horvitz-Thompson(recency=5.0,delta=0.20)",HT,5.0,0.2,10,20,169,10000,,yes,0.035,0.9111475905555232
924,0.4985131063351932,1.0250960346709184,0.5265829283357252,"Horvitz-Thompson(recency=5.0,delta=0.20)",HT,5.0,0.2,10,20,169,10000,,yes,0.035,0.9111475905555232
925,0.5327688468234422,0.9640134338750451,0.43124458705160296,"Horvitz-Thompson(recency=5.0,delta=0.20)",HT,5.0,0.2,10,20,169,10000,,yes,0.035,0.9111475905555232
926,0.5484155462365804,0.9613699328306545,0.41295438659407413,"Horvitz-Thompson(recency=5.0,delta=0.20)",HT,5.0,0.2,10,20,169,10000,,yes,0.035,0.9111475905555232
927,0.5652593370346068,0.887357992265551,0.32209865523094416,"Horvitz-Thompson(recency=5.0,delta=0.20)",HT,5.0,0.2,10,20,169,10000,,yes,0.035,0.9111475905555232
928,0.5765094481654532,0.9174526469086373,0.340943198743184,"Horvitz-Thompson(recency=5.0,delta=0.20)",HT,5.0,0.2,10,20,169,10000,,yes,0.035,0.9111475905555232
929,0.5347174647535696,0.9657314702996965,0.4310140055461269,"Horvitz-Thompson(recency=5.0,delta=0.20)",HT,5.0,0.2,10,20,169,10000,,yes,0.035,0.9111475905555232
930,0.545011312448619,0.9803740875247716,0.4353627750761526,"Horvitz-Thompson(recency=5.0,delta=0.20)",HT,5.0,0.2,10,20,169,10000,,yes,0.035,0.9111475905555232
931,0.544293514809873,0.9452215534558636,0.4009280386459906,"Horvitz-Thompson(recency=5.0,delta=0.20)",HT,5.0,0.2,10,20,169,10000,,yes,0.035,0.9111475905555232
932,0.5323980005295996,0.9623474155856685,0.4299494150560689,"Horvitz-Thompson(recency=5.0,delta=0.20)",HT,5.0,0.2,10,20,169,10000,,yes,0.035,0.9111475905555232
933,0.5386397823115239,0.9581113734076584,0.4194715910961345,"Horvitz-Thompson(recency=5.0,delta=0.20)",HT,5.0,0.2,10,20,169,10000,,yes,0.035,0.9111475905555232
934,0.5353841023668362,1.0057528653082122,0.470368762941376,"Horvitz-Thompson(recency=5.0,delta=0.20)",HT,5.0,0.2,10,20,169,10000,,yes,0.035,0.9111475905555232
935,0.5412171936324042,0.9181612388013558,0.37694404516895164,"Horvitz-Thompson(recency=5.0,delta=0.20)",HT,5.0,0.2,10,20,169,10000,,yes,0.035,0.9111475905555232
936,0.522074921225014,0.9602185627534755,0.4381436415284615,"Horvitz-Thompson(recency=5.0,delta=0.20)",HT,5.0,0.2,10,20,169,10000,,yes,0.035,0.9111475905555232
937,0.5325399239861706,0.9534121157437987,0.42087219175762813,"Horvitz-Thompson(recency=5.0,delta=0.20)",HT,5.0,0.2,10,20,169,10000,,yes,0.035,0.9111475905555232
938,0.5652512698534035,0.932747321393313,0.3674960515399095,"Horvitz-Thompson(recency=5.0,delta=0.20)",HT,5.0,0.2,10,20,169,10000,,yes,0.035,0.9111475905555232
939,0.5186106507723892,0.9911518094972722,0.472541158724883,"Horvitz-Thompson(recency=5.0,delta=0.20)",HT,5.0,0.2,10,20,169,10000,,yes,0.035,0.9111475905555232
940,0.5578683720955743,0.953237582754673,0.3953692106590987,"Horvitz-Thompson(recency=5.0,delta=0.20)",HT,5.0,0.2,10,20,169,10000,,yes,0.035,0.9111475905555232
941,0.546668742700701,0.9148320422178781,0.3681632995171771,"Horvitz-Thompson(recency=5.0,delta=0.20)",HT,5.0,0.2,10,20,169,10000,,yes,0.035,0.9111475905555232
942,0.5456038850068072,0.9655606330731518,0.41995674806634453,"Horvitz-Thompson(recency=5.0,delta=0.20)",HT,5.0,0.2,10,20,169,10000,,yes,0.035,0.9111475905555232
943,0.5381584674926541,0.946805144558694,0.40864667706603996,"Horvitz-Thompson(recency=5.0,delta=0.20)",HT,5.0,0.2,10,20,169,10000,,yes,0.035,0.9111475905555232
944,0.539804763847535,0.9332082440827378,0.3934034802352029,"Horvitz-Thompson(recency=5.0,delta=0.20)",HT,5.0,0.2,10,20,169,10000,,yes,0.035,0.9111475905555232
945,0.5657461821286816,0.8824210300303714,0.31667484790168987,"Horvitz-Thompson(recency=5.0,delta=0.20)",HT,5.0,0.2,10,20,169,10000,,yes,0.035,0.9111475905555232
946,0.5334949250047157,0.9486097925246404,0.41511486751992466,"Horvitz-Thompson(recency=5.0,delta=0.20)",HT,5.0,0.2,10,20,169,10000,,yes,0.035,0.9111475905555232
947,0.545466756645382,0.9325294301138513,0.38706267346846923,"Horvitz-Thompson(recency=5.0,delta=0.20)",HT,5.0,0.2,10,20,169,10000,,yes,0.035,0.9111475905555232
948,0.5836897386534957,0.9225267993483285,0.33883706069483277,"Horvitz-Thompson(recency=5.0,delta=0.20)",HT,5.0,0.2,10,20,169,10000,,yes,0.035,0.9111475905555232
949,0.5537777968320462,0.923572023304428,0.3697942264723818,"Horvitz-Thompson(recency=5.0,delta=0.20)",HT,5.0,0.2,10,20,169,10000,,yes,0.035,0.9111475905555232
950,0.529776845653185,0.9879818512325197,0.45820500557933475,"Horvitz-Thompson(recency=5.0,delta=0.20)",HT,5.0,0.2,10,20,169,10000,,yes,0.035,0.9111475905555232
951,0.5219593271321469,0.9959329284347346,0.4739736013025877,"Horvitz-Thompson(recency=5.0,delta=0.20)",HT,5.0,0.2,10,20,169,10000,,yes,0.035,0.9111475905555232
952,0.5252054950221426,0.9992111622698018,0.47400566724765913,"Horvitz-Thompson(recency=5.0,delta=0.20)",HT,5.0,0.2,10,20,169,10000,,yes,0.035,0.9111475905555232
953,0.5257001288066072,0.9739125481538948,0.4482124193472876,"Horvitz-Thompson(recency=5.0,delta=0.20)",HT,5.0,0.2,10,20,169,10000,,yes,0.035,0.9111475905555232
954,0.5697106764242341,0.8937363605118609,0.3240256840876268,"Horvitz-Thompson(recency=5.0,delta=0.20)",HT,5.0,0.2,10,20,169,10000,,yes,0.035,0.9111475905555232
955,0.5398603159419411,0.9491854403521138,0.40932512441017277,"Horvitz-Thompson(recency=5.0,delta=0.20)",HT,5.0,0.2,10,20,169,10000,,yes,0.035,0.9111475905555232
956,0.5346942479594758,0.94498327035938,0.41028902239990417,"Horvitz-Thompson(recency=5.0,delta=0.20)",HT,5.0,0.2,10,20,169,10000,,yes,0.035,0.9111475905555232
957,0.5490061852814832,0.9213779004612684,0.3723717151797853,"Horvitz-Thompson(recency=5.0,delta=0.20)",HT,5.0,0.2,10,20,169,10000,,yes,0.035,0.9111475905555232
958,0.5310039870726609,0.9718894692103172,0.4408854821376562,"Horvitz-Thompson(recency=5.0,delta=0.20)",HT,5.0,0.2,10,20,169,10000,,yes,0.035,0.9111475905555232
959,0.502188670435545,0.9898570900382508,0.4876684196027058,"Horvitz-Thompson(recency=5.0,delta=0.20)",HT,5.0,0.2,10,20,169,10000,,yes,0.035,0.9111475905555232
960,0.532806691094959,0.9806141760672342,0.4478074849722752,"Horvitz-Thompson(recency=5.0,delta=0.20)",HT,5.0,0.2,10,20,169,10000,,yes,0.035,0.9111475905555232
961,0.537099637599729,0.9528113930403445,0.41571175544061545,"Horvitz-Thompson(recency=5.0,delta=0.20)",HT,5.0,0.2,10,20,169,10000,,yes,0.035,0.9111475905555232
962,0.5270895644997059,0.972697708274954,0.44560814377524816,"Horvitz-Thompson(recency=5.0,delta=0.20)",HT,5.0,0.2,10,20,169,10000,,yes,0.035,0.9111475905555232
963,0.5501578374359615,0.9227252014008761,0.37256736396491463,"Horvitz-Thompson(recency=5.0,delta=0.20)",HT,5.0,0.2,10,20,169,10000,,yes,0.035,0.9111475905555232
964,0.5467958676575585,0.8906760404565313,0.34388017279897276,"Horvitz-Thompson(recency=5.0,delta=0.20)",HT,5.0,0.2,10,20,169,10000,,yes,0.035,0.9111475905555232
965,0.5489805945049503,0.9047934624814598,0.35581286797650946,"Horvitz-Thompson(recency=5.0,delta=0.20)",HT,5.0,0.2,10,20,169,10000,,yes,0.035,0.9111475905555232
966,0.5615228324092428,0.9351477340253994,0.3736249016161566,"Horvitz-Thompson(recency=5.0,delta=0.20)",HT,5.0,0.2,10,20,169,10000,,yes,0.035,0.9111475905555232
967,0.4972092309658239,1.0416460842546267,0.5444368532888028,"Horvitz-Thompson(recency=5.0,delta=0.20)",HT,5.0,0.2,10,20,169,10000,,yes,0.035,0.9111475905555232
968,0.5490931097146474,0.9525534107546476,0.4034603010400002,"Horvitz-Thompson(recency=5.0,delta=0.20)",HT,5.0,0.2,10,20,169,10000,,yes,0.035,0.9111475905555232
969,0.5109217845353654,1.0151599989077478,0.5042382143723824,"Horvitz-Thompson(recency=5.0,delta=0.20)",HT,5.0,0.2,10,20,169,10000,,yes,0.035,0.9111475905555232
970,0.5530935479009164,0.938453316412192,0.3853597685112756,"Horvitz-Thompson(recency=5.0,delta=0.20)",HT,5.0,0.2,10,20,169,10000,,yes,0.035,0.9111475905555232
971,0.5585281111018897,0.930969120619192,0.3724410095173023,"Horvitz-Thompson(recency=5.0,delta=0.20)",HT,5.0,0.2,10,20,169,10000,,yes,0.035,0.9111475905555232
972,0.5381891608342362,0.954889015679091,0.41669985484485483,"Horvitz-Thompson(recency=5.0,delta=0.20)",HT,5.0,0.2,10,20,169,10000,,yes,0.035,0.9111475905555232
973,0.517624529343472,1.0140156689434452,0.49639113959997316,"Horvitz-Thompson(recency=5.0,delta=0.20)",HT,5.0,0.2,10,20,169,10000,,yes,0.035,0.9111475905555232
974,0.5414373138885329,0.9797981789991472,0.43836086511061434,"Horvitz-Thompson(recency=5.0,delta=0.20)",HT,5.0,0.2,10,20,169,10000,,yes,0.035,0.9111475905555232
975,0.5351117218306524,0.9804943145938341,0.4453825927631817,"Horvitz-Thompson(recency=5.0,delta=0.20)",HT,5.0,0.2,10,20,169,10000,,yes,0.035,0.9111475905555232
976,0.533133443529979,0.9720878725208737,0.43895442899089465,"Horvitz-Thompson(recency=5.0,delta=0.20)",HT,5.0,0.2,10,20,169,10000,,yes,0.035,0.9111475905555232
977,0.5351014751802889,0.9181511843178536,0.38304970913756464,"Horvitz-Thompson(recency=5.0,delta=0.20)",HT,5.0,0.2,10,20,169,10000,,yes,0.035,0.9111475905555232
978,0.5426739418698413,0.9929783098285176,0.45030436795867634,"Horvitz-Thompson(recency=5.0,delta=0.20)",HT,5.0,0.2,10,20,169,10000,,yes,0.035,0.9111475905555232
979,0.5309353264479716,0.9445627307785752,0.41362740433060363,"Horvitz-Thompson(recency=5.0,delta=0.20)",HT,5.0,0.2,10,20,169,10000,,yes,0.035,0.9111475905555232
980,0.5246005186522618,0.9182421860448862,0.3936416673926244,"Horvitz-Thompson(recency=5.0,delta=0.20)",HT,5.0,0.2,10,20,169,10000,,yes,0.035,0.9111475905555232
981,0.5255017915789559,0.9722890691076294,0.4467872775286734,"Horvitz-Thompson(recency=5.0,delta=0.20)",HT,5.0,0.2,10,20,169,10000,,yes,0.035,0.9111475905555232
982,0.5258684394782936,0.9563492803154803,0.43048084083718663,"Horvitz-Thompson(recency=5.0,delta=0.20)",HT,5.0,0.2,10,20,169,10000,,yes,0.035,0.9111475905555232
983,0.530405128979899,0.9334617513554828,0.4030566223755838,"Horvitz-Thompson(recency=5.0,delta=0.20)",HT,5.0,0.2,10,20,169,10000,,yes,0.035,0.9111475905555232
984,0.5313507822332952,0.9566073667700797,0.4252565845367845,"Horvitz-Thompson(recency=5.0,delta=0.20)",HT,5.0,0.2,10,20,169,10000,,yes,0.035,0.9111475905555232
985,0.5417417014140921,0.939484832515286,0.39774313110119397,"Horvitz-Thompson(recency=5.0,delta=0.20)",HT,5.0,0.2,10,20,169,10000,,yes,0.035,0.9111475905555232
986,0.5499219391601596,0.9602840811152529,0.41036214195509324,"Horvitz-Thompson(recency=5.0,delta=0.20)",HT,5.0,0.2,10,20,169,10000,,yes,0.035,0.9111475905555232
987,0.5401362894321635,0.9378688644959956,0.3977325750638321,"Horvitz-Thompson(recency=5.0,delta=0.20)",HT,5.0,0.2,10,20,169,10000,,yes,0.035,0.9111475905555232
988,0.5339225075309961,0.9685965259450618,0.4346740184140657,"Horvitz-Thompson(recency=5.0,delta=0.20)",HT,5.0,0.2,10,20,169,10000,,yes,0.035,0.9111475905555232
989,0.5537408014673377,0.9166869474516848,0.36294614598434705,"Horvitz-Thompson(recency=5.0,delta=0.20)",HT,5.0,0.2,10,20,169,10000,,yes,0.035,0.9111475905555232
990,0.533011455865537,0.968365263721017,0.43535380785548006,"Horvitz-Thompson(recency=5.0,delta=0.20)",HT,5.0,0.2,10,20,169,10000,,yes,0.035,0.9111475905555232
991,0.5438585426288846,0.9606815065425155,0.41682296391363094,"Horvitz-Thompson(recency=5.0,delta=0.20)",HT,5.0,0.2,10,20,169,10000,,yes,0.035,0.9111475905555232
992,0.5484246681530146,0.9047652494781903,0.35634058132517565,"Horvitz-Thompson(recency=5.0,delta=0.20)",HT,5.0,0.2,10,20,169,10000,,yes,0.035,0.9111475905555232
993,0.5674196866288198,0.9621489644160188,0.394729277787199,"Horvitz-Thompson(recency=5.0,delta=0.20)",HT,5.0,0.2,10,20,169,10000,,yes,0.035,0.9111475905555232
994,0.5518948098769828,0.8771037721053303,0.3252089622283475,"Horvitz-Thompson(recency=5.0,delta=0.20)",HT,5.0,0.2,10,20,169,10000,,yes,0.035,0.9111475905555232
995,0.5462753056959831,0.9224769859726739,0.37620168027669076,"Horvitz-Thompson(recency=5.0,delta=0.20)",HT,5.0,0.2,10,20,169,10000,,yes,0.035,0.9111475905555232
996,0.5061580358076654,0.9550574797167253,0.4488994439090599,"Horvitz-Thompson(recency=5.0,delta=0.20)",HT,5.0,0.2,10,20,169,10000,,yes,0.035,0.9111475905555232
997,0.5284111109908131,0.9838204110456856,0.45540930005487257,"Horvitz-Thompson(recency=5.0,delta=0.20)",HT,5.0,0.2,10,20,169,10000,,yes,0.035,0.9111475905555232
998,0.5350147246671836,0.9392328048632993,0.4042180801961157,"Horvitz-Thompson(recency=5.0,delta=0.20)",HT,5.0,0.2,10,20,169,10000,,yes,0.035,0.9111475905555232
999,0.5503637038642177,0.9049566556526074,0.3545929517883897,"Horvitz-Thompson(recency=5.0,delta=0.20)",HT,5.0,0.2,10,20,169,10000,,yes,0.035,0.9111475905555232
1000,0.5337314698287745,0.9528262078957302,0.41909473806695574,"Hajek(recency=5.0,delta=0.20)",Hajek,5.0,0.2,10,20,169,10000,,yes,0.035,0.9111475905555232
1001,0.5380904052674245,0.9675635474303456,0.4294731421629211,"Hajek(recency=5.0,delta=0.20)",Hajek,5.0,0.2,10,20,169,10000,,yes,0.035,0.9111475905555232
1002,0.5371618667195578,0.9632451470033446,0.42608328028378684,"Hajek(recency=5.0,delta=0.20)",Hajek,5.0,0.2,10,20,169,10000,,yes,0.035,0.9111475905555232
1003,0.5370323239433766,0.9618915138941664,0.42485918995078975,"Hajek(recency=5.0,delta=0.20)",Hajek,5.0,0.2,10,20,169,10000,,yes,0.035,0.9111475905555232
1004,0.5376876598818879,0.964907031326469,0.4272193714445811,"Hajek(recency=5.0,delta=0.20)",Hajek,5.0,0.2,10,20,169,10000,,yes,0.035,0.9111475905555232
1005,0.5389216754106493,0.9720720348015209,0.43315035939087165,"Hajek(recency=5.0,delta=0.20)",Hajek,5.0,0.2,10,20,169,10000,,yes,0.035,0.9111475905555232
1006,0.5361912430559107,0.9551947729696354,0.4190035299137247,"Hajek(recency=5.0,delta=0.20)",Hajek,5.0,0.2,10,20,169,10000,,yes,0.035,0.9111475905555232
1007,0.5351904535075115,0.9670486747594129,0.43185822125190143,"Hajek(recency=5.0,delta=0.20)",Hajek,5.0,0.2,10,20,169,10000,,yes,0.035,0.9111475905555232
1008,0.5339360820581888,0.9624981010625638,0.42856201900437507,"Hajek(recency=5.0,delta=0.20)",Hajek,5.0,0.2,10,20,169,10000,,yes,0.035,0.9111475905555232
1009,0.5392808938463131,0.9685083790796831,0.42922748523337007,"Hajek(recency=5.0,delta=0.20)",Hajek,5.0,0.2,10,20,169,10000,,yes,0.035,0.9111475905555232
1010,0.542419528138794,0.9536833873265076,0.4112638591877136,"Hajek(recency=5.0,delta=0.20)",Hajek,5.0,0.2,10,20,169,10000,,yes,0.035,0.9111475905555232
1011,0.5403047154066121,0.962942936858493,0.4226382214518809,"Hajek(recency=5.0,delta=0.20)",Hajek,5.0,0.2,10,20,169,10000,,yes,0.035,0.9111475905555232
1012,0.5394595187126555,0.9510105471026588,0.41155102839000324,"Hajek(recency=5.0,delta=0.20)",Hajek,5.0,0.2,10,20,169,10000,,yes,0.035,0.9111475905555232
1013,0.535723108347341,0.9632044482570928,0.4274813399097518,"Hajek(recency=5.0,delta=0.20)",Hajek,5.0,0.2,10,20,169,10000,,yes,0.035,0.9111475905555232
1014,0.5387089012739651,0.9587040213488097,0.41999512007484463,"Hajek(recency=5.0,delta=0.20)",Hajek,5.0,0.2,10,20,169,10000,,yes,0.035,0.9111475905555232
1015,0.536854126168057,0.9631659990710892,0.4263118729030322,"Hajek(recency=5.0,delta=0.20)",Hajek,5.0,0.2,10,20,169,10000,,yes,0.035,0.9111475905555232
1016,0.5354268144476203,0.9504852388818872,0.4150584244342669,"Hajek(recency=5.0,delta=0.20)",Hajek,5.0,0.2,10,20,169,10000,,yes,0.035,0.9111475905555232
1017,0.5362985768879155,0.955492746437137,0.4191941695492215,"Hajek(recency=5.0,delta=0.20)",Hajek,5.0,0.2,10,20,169,10000,,yes,0.035,0.9111475905555232
1018,0.539172916469109,0.9606469380444135,0.42147402157530445,"Hajek(recency=5.0,delta=0.20)",Hajek,5.0,0.2,10,20,169,10000,,yes,0.035,0.9111475905555232
1019,0.5392923550498748,0.959893743746974,0.4206013886970992,"Hajek(recency=5.0,delta=0.20)",Hajek,5.0,0.2,10,20,169,10000,,yes,0.035,0.9111475905555232
1020,0.5368112994270092,0.9588340480154913,0.4220227485884821,"Hajek(recency=5.0,delta=0.20)",Hajek,5.0,0.2,10,20,169,10000,,yes,0.035,0.9111475905555232
1021,0.5316776002119273,0.9602760613603065,0.4285984611483792,"Hajek(recency=5.0,delta=0.20)",Hajek,5.0,0.2,10,20,169,10000,,yes,0.035,0.9111475905555232
1022,0.5318462231355721,0.9563975699032233,0.42455134676765127,"Hajek(recency=5.0,delta=0.20)",Hajek,5.0,0.2,10,20,169,10000,,yes,0.035,0.9111475905555232
1023,0.539368777608535,0.9657296717855992,0.42636089417706424,"Hajek(recency=5.0,delta=0.20)",Hajek,5.0,0.2,10,20,169,10000,,yes,0.035,0.9111475905555232
1024,0.5410465878797469,0.9420562727942123,0.4010096849144654,"Hajek(recency=5.0,delta=0.20)",Hajek,5.0,0.2,10,20,169,10000,,yes,0.035,0.9111475905555232
1025,0.5420632151416677,0.9571464992320158,0.4150832840903481,"Hajek(recency=5.0,delta=0.20)",Hajek,5.0,0.2,10,20,169,10000,,yes,0.035,0.9111475905555232
1026,0.5425964579335827,0.957905779471548,0.4153093215379653,"Hajek(recency=5.0,delta=0.20)",Hajek,5.0,0.2,10,20,169,10000,,yes,0.035,0.9111475905555232
1027,0.5368587028552188,0.9543275652878415,0.4174688624326227,"Hajek(recency=5.0,delta=0.20)",Hajek,5.0,0.2,10,20,169,10000,,yes,0.035,0.9111475905555232
1028,0.5402353386447573,0.9494147025568148,0.40917936391205756,"Hajek(recency=5.0,delta=0.20)",Hajek,5.0,0.2,10,20,169,10000,,yes,0.035,0.9111475905555232
1029,0.5389702767799116,0.9553524307310726,0.41638215395116096,"Hajek(recency=5.0,delta=0.20)",Hajek,5.0,0.2,10,20,169,10000,,yes,0.035,0.9111475905555232
1030,0.540852892742626,0.9419638440618514,0.40111095131922536,"Hajek(recency=5.0,delta=0.20)",Hajek,5.0,0.2,10,20,169,10000,,yes,0.035,0.9111475905555232
1031,0.5394539467927735,0.9608667597573856,0.4214128129646121,"Hajek(recency=5.0,delta=0.20)",Hajek,5.0,0.2,10,20,169,10000,,yes,0.035,0.9111475905555232
1032,0.5356792993516075,0.9656614005474689,0.42998210119586133,"Hajek(recency=5.0,delta=0.20)",Hajek,5.0,0.2,10,20,169,10000,,yes,0.035,0.9111475905555232
1033,0.5356058767056693,0.9562381078543879,0.4206322311487186,"Hajek(recency=5.0,delta=0.20)",Hajek,5.0,0.2,10,20,169,10000,,yes,0.035,0.9111475905555232
1034,0.5400165676918517,0.9661624057006711,0.42614583800881944,"Hajek(recency=5.0,delta=0.20)",Hajek,5.0,0.2,10,20,169,10000,,yes,0.035,0.9111475905555232
1035,0.535243779790509,0.9591985427643538,0.4239547629738448,"Hajek(recency=5.0,delta=0.20)",Hajek,5.0,0.2,10,20,169,10000,,yes,0.035,0.9111475905555232
1036,0.538768414784013,0.9675692238934781,0.42880080910946505,"Hajek(recency=5.0,delta=0.20)",Hajek,5.0,0.2,10,20,169,10000,,yes,0.035,0.9111475905555232
1037,0.5381686558623797,0.9623062810363452,0.42413762517396547,"Hajek(recency=5.0,delta=0.20)",Hajek,5.0,0.2,10,20,169,10000,,yes,0.035,0.9111475905555232
1038,0.5350554588316146,0.9583636066566318,0.42330814782501713,"Hajek(recency=5.0,delta=0.20)",Hajek,5.0,0.2,10,20,169,10000,,yes,0.035,0.9111475905555232
1039,0.5399079676977312,0.9587754557419697,0.41886748804423846,"Hajek(recency=5.0,delta=0.20)",Hajek,5.0,0.2,10,20,169,10000,,yes,0.035,0.9111475905555232
1040,0.5363489039148126,0.9548301932372626,0.41848128932245,"Hajek(recency=5.0,delta=0.20)",Hajek,5.0,0.2,10,20,169,10000,,yes,0.035,0.9111475905555232
1041,0.538080348137667,0.9629769751169125,0.42489662697924546,"Hajek(recency=5.0,delta=0.20)",Hajek,5.0,0.2,10,20,169,10000,,yes,0.035,0.9111475905555232
1042,0.5382128606332376,0.9701444616945835,0.43193160106134587,"Hajek(recency=5.0,delta=0.20)",Hajek,5.0,0.2,10,20,169,10000,,yes,0.035,0.9111475905555232
1043,0.5421842844065035,0.9718618658355804,0.42967758142907697,"Hajek(recency=5.0,delta=0.20)",Hajek,5.0,0.2,10,20,169,10000,,yes,0.035,0.9111475905555232
1044,0.5400613745228657,0.9571197508034767,0.41705837628061093,"Hajek(recency=5.0,delta=0.20)",Hajek,5.0,0.2,10,20,169,10000,,yes,0.035,0.9111475905555232
1045,0.535392964678491,0.9714045362095963,0.43601157153110537,"Hajek(recency=5.0,delta=0.20)",Hajek,5.0,0.2,10,20,169,10000,,yes,0.035,0.9111475905555232
1046,0.5394476168079849,0.9616990674590333,0.4222514506510484,"Hajek(recency=5.0,delta=0.20)",Hajek,5.0,0.2,10,20,169,10000,,yes,0.035,0.9111475905555232
1047,0.5343778750506982,0.9568279873819046,0.42245011233120633,"Hajek(recency=5.0,delta=0.20)",Hajek,5.0,0.2,10,20,169,10000,,yes,0.035,0.9111475905555232
1048,0.5420099879660983,0.9699130115221736,0.42790302355607523,"Hajek(recency=5.0,delta=0.20)",Hajek,5.0,0.2,10,20,169,10000,,yes,0.035,0.9111475905555232
1049,0.535756002806956,0.9494152532756723,0.4136592504687163,"Hajek(recency=5.0,delta=0.20)",Hajek,5.0,0.2,10,20,169,10000,,yes,0.035,0.9111475905555232
1050,0.5367355521252589,0.9685747147715916,0.4318391626463327,"Hajek(recency=5.0,delta=0.20)",Hajek,5.0,0.2,10,20,169,10000,,yes,0.035,0.9111475905555232
1051,0.5385353831612375,0.9651672814619409,0.42663189830070336,"Hajek(recency=5.0,delta=0.20)",Hajek,5.0,0.2,10,20,169,10000,,yes,0.035,0.9111475905555232
1052,0.5390319197465331,0.9588246253045988,0.4197927055580657,"Hajek(recency=5.0,delta=0.20)",Hajek,5.0,0.2,10,20,169,10000,,yes,0.035,0.9111475905555232
1053,0.5312667210401588,0.9572586698505303,0.4259919488103715,"Hajek(recency=5.0,delta=0.20)",Hajek,5.0,0.2,10,20,169,10000,,yes,0.035,0.9111475905555232
1054,0.5403559367177609,0.9572405348353719,0.4168845981176109,"Hajek(recency=5.0,delta=0.20)",Hajek,5.0,0.2,10,20,169,10000,,yes,0.035,0.9111475905555232
1055,0.5397994434837701,0.9516002192103464,0.41180077572657636,"Hajek(recency=5.0,delta=0.20)",Hajek,5.0,0.2,10,20,169,10000,,yes,0.035,0.9111475905555232
1056,0.5391768061519685,0.9518700641295633,0.4126932579775948,"Hajek(recency=5.0,delta=0.20)",Hajek,5.0,0.2,10,20,169,10000,,yes,0.035,0.9111475905555232
1057,0.5376472258442815,0.9528153060766891,0.4151680802324076,"Hajek(recency=5.0,delta=0.20)",Hajek,5.0,0.2,10,20,169,10000,,yes,0.035,0.9111475905555232
1058,0.5405374537059106,0.9614258805965638,0.4208884268906532,"Hajek(recency=5.0,delta=0.20)",Hajek,5.0,0.2,10,20,169,10000,,yes,0.035,0.9111475905555232
1059,0.5351121927878227,0.9475936908851459,0.41248149809732315,"Hajek(recency=5.0,delta=0.20)",Hajek,5.0,0.2,10,20,169,10000,,yes,0.035,0.9111475905555232
1060,0.533697546913475,0.9726345672735813,0.4389370203601063,"Hajek(recency=5.0,delta=0.20)",Hajek,5.0,0.2,10,20,169,10000,,yes,0.035,0.9111475905555232
1061,0.539900593953642,0.94958815531461,0.40968756136096807,"Hajek(recency=5.0,delta=0.20)",Hajek,5.0,0.2,10,20,169,10000,,yes,0.035,0.9111475905555232
1062,0.5355789428010163,0.9533891141845778,0.4178101713835616,"Hajek(recency=5.0,delta=0.20)",Hajek,5.0,0.2,10,20,169,10000,,yes,0.035,0.9111475905555232
1063,0.5404168078585172,0.954618035550463,0.4142012276919458,"Hajek(recency=5.0,delta=0.20)",Hajek,5.0,0.2,10,20,169,10000,,yes,0.035,0.9111475905555232
1064,0.5374580765644705,0.9733443780613271,0.4358863014968566,"Hajek(recency=5.0,delta=0.20)",Hajek,5.0,0.2,10,20,169,10000,,yes,0.035,0.9111475905555232
1065,0.539552309096663,0.9549042060680559,0.41535189697139296,"Hajek(recency=5.0,delta=0.20)",Hajek,5.0,0.2,10,20,169,10000,,yes,0.035,0.9111475905555232
1066,0.5371175502747226,0.9655049077414758,0.42838735746675316,"Hajek(recency=5.0,delta=0.20)",Hajek,5.0,0.2,10,20,169,10000,,yes,0.035,0.9111475905555232
1067,0.5371548345375946,0.9556509679549349,0.41849613341734027,"Hajek(recency=5.0,delta=0.20)",Hajek,5.0,0.2,10,20,169,10000,,yes,0.035,0.9111475905555232
1068,0.5330539865463989,0.9544924732915094,0.42143848674511053,"Hajek(recency=5.0,delta=0.20)",Hajek,5.0,0.2,10,20,169,10000,,yes,0.035,0.9111475905555232
1069,0.5389986927642284,0.960487353274517,0.42148866051028855,"Hajek(recency=5.0,delta=0.20)",Hajek,5.0,0.2,10,20,169,10000,,yes,0.035,0.9111475905555232
1070,0.537925840566267,0.9624267711883003,0.4245009306220333,"Hajek(recency=5.0,delta=0.20)",Hajek,5.0,0.2,10,20,169,10000,,yes,0.035,0.9111475905555232
1071,0.5369828771815555,0.9585519503305884,0.4215690731490329,"Hajek(recency=5.0,delta=0.20)",Hajek,5.0,0.2,10,20,169,10000,,yes,0.035,0.9111475905555232
1072,0.5384472858731566,0.9690269429362569,0.4305796570631003,"Hajek(recency=5.0,delta=0.20)",Hajek,5.0,0.2,10,20,169,10000,,yes,0.035,0.9111475905555232
1073,0.5425722331167563,0.9677403282580177,0.4251680951412614,"Hajek(recency=5.0,delta=0.20)",Hajek,5.0,0.2,10,20,169,10000,,yes,0.035,0.9111475905555232
1074,0.538922377555305,0.9548512541732685,0.4159288766179635,"Hajek(recency=5.0,delta=0.20)",Hajek,5.0,0.2,10,20,169,10000,,yes,0.035,0.9111475905555232
1075,0.5420123891201841,0.9689530576493766,0.42694066852919244,"Hajek(recency=5.0,delta=0.20)",Hajek,5.0,0.2,10,20,169,10000,,yes,0.035,0.9111475905555232
1076,0.5378552161687472,0.952806143355085,0.41495092718633775,"Hajek(recency=5.0,delta=0.20)",Hajek,5.0,0.2,10,20,169,10000,,yes,0.035,0.9111475905555232
1077,0.5401929153487951,0.9579067718943276,0.4177138565455325,"Hajek(recency=5.0,delta=0.20)",Hajek,5.0,0.2,10,20,169,10000,,yes,0.035,0.9111475905555232
1078,0.5355401949971085,0.9587624869463208,0.42322229194921235,"Hajek(recency=5.0,delta=0.20)",Hajek,5.0,0.2,10,20,169,10000,,yes,0.035,0.9111475905555232
1079,0.5423731639075354,0.952435586250444,0.4100624223429086,"Hajek(recency=5.0,delta=0.20)",Hajek,5.0,0.2,10,20,169,10000,,yes,0.035,0.9111475905555232
1080,0.5392035952152548,0.9701668183499523,0.4309632231346975,"Hajek(recency=5.0,delta=0.20)",Hajek,5.0,0.2,10,20,169,10000,,yes,0.035,0.9111475905555232
1081,0.5316232551713407,0.9491059393733846,0.41748268420204393,"Hajek(recency=5.0,delta=0.20)",Hajek,5.0,0.2,10,20,169,10000,,yes,0.035,0.9111475905555232
1082,0.5336847584289701,0.9686626373269566,0.43497787889798645,"Hajek(recency=5.0,delta=0.20)",Hajek,5.0,0.2,10,20,169,10000,,yes,0.035,0.9111475905555232
1083,0.5381203761699093,0.9530158848410568,0.41489550867114755,"Hajek(recency=5.0,delta=0.20)",Hajek,5.0,0.2,10,20,169,10000,,yes,0.035,0.9111475905555232
1084,0.5370973390160968,0.9596706806086005,0.4225733415925037,"Hajek(recency=5.0,delta=0.20)",Hajek,5.0,0.2,10,20,169,10000,,yes,0.035,0.9111475905555232
1085,0.538453561009156,0.9621598690362758,0.42370630802711984,"Hajek(recency=5.0,delta=0.20)",Hajek,5.0,0.2,10,20,169,10000,,yes,0.035,0.9111475905555232
1086,0.5394755064827739,0.9577208157936624,0.41824530931088855,"Hajek(recency=5.0,delta=0.20)",Hajek,5.0,0.2,10,20,169,10000,,yes,0.035,0.9111475905555232
1087,0.5390161362639838,0.9639740898527571,0.4249579535887733,"Hajek(recency=5.0,delta=0.20)",Hajek,5.0,0.2,10,20,169,10000,,yes,0.035,0.9111475905555232
1088,0.5401475524622424,0.953278448666856,0.4131308962046135,"Hajek(recency=5.0,delta=0.20)",Hajek,5.0,0.2,10,20,169,10000,,yes,0.035,0.9111475905555232
1089,0.5409477617367197,0.9540310587053019,0.41308329696858226,"Hajek(recency=5.0,delta=0.20)",Hajek,5.0,0.2,10,20,169,10000,,yes,0.035,0.9111475905555232
1090,0.5361982340125878,0.962508041082476,0.4263098070698882,"Hajek(recency=5.0,delta=0.20)",Hajek,5.0,0.2,10,20,169,10000,,yes,0.035,0.9111475905555232
1091,0.5373063894910526,0.9552442742982532,0.4179378848072006,"Hajek(recency=5.0,delta=0.20)",Hajek,5.0,0.2,10,20,169,10000,,yes,0.035,0.9111475905555232
1092,0.537325095963713,0.9623433707273144,0.4250182747636013,"Hajek(recency=5.0,delta=0.20)",Hajek,5.0,0.2,10,20,169,10000,,yes,0.035,0.9111475905555232
1093,0.5406255318708744,0.9645666564632032,0.4239411245923288,"Hajek(recency=5.0,delta=0.20)",Hajek,5.0,0.2,10,20,169,10000,,yes,0.035,0.9111475905555232
1094,0.5433891511522984,0.9686803075201175,0.4252911563678191,"Hajek(recency=5.0,delta=0.20)",Hajek,5.0,0.2,10,20,169,10000,,yes,0.035,0.9111475905555232
1095,0.5361874672173699,0.9587016198865662,0.42251415266919634,"Hajek(recency=5.0,delta=0.20)",Hajek,5.0,0.2,10,20,169,10000,,yes,0.035,0.9111475905555232
1096,0.540832700248614,0.9534586367158343,0.41262593646722034,"Hajek(recency=5.0,delta=0.20)",Hajek,5.0,0.2,10,20,169,10000,,yes,0.035,0.9111475905555232
1097,0.5338491769951305,0.9549216233722305,0.42107244637710006,"Hajek(recency=5.0,delta=0.20)",Hajek,5.0,0.2,10,20,169,10000,,yes,0.035,0.9111475905555232
1098,0.534616413967565,0.9575842321822977,0.4229678182147327,"Hajek(recency=5.0,delta=0.20)",Hajek,5.0,0.2,10,20,169,10000,,yes,0.035,0.9111475905555232
1099,0.5423033368325799,0.9632934746861747,0.42099013785359474,"Hajek(recency=5.0,delta=0.20)",Hajek,5.0,0.2,10,20,169,10000,,yes,0.035,0.9111475905555232
1100,0.541698075383513,0.9564618560321458,0.41476378064863284,"Hajek(recency=5.0,delta=0.20)",Hajek,5.0,0.2,10,20,169,10000,,yes,0.035,0.9111475905555232
1101,0.5398751240938621,0.958796164234748,0.41892104014088594,"Hajek(recency=5.0,delta=0.20)",Hajek,5.0,0.2,10,20,169,10000,,yes,0.035,0.9111475905555232
1102,0.5394097556612195,0.9570099631375744,0.41760020747635485,"Hajek(recency=5.0,delta=0.20)",Hajek,5.0,0.2,10,20,169,10000,,yes,0.035,0.9111475905555232
1103,0.5384937813530023,0.9628794091311264,0.42438562777812405,"Hajek(recency=5.0,delta=0.20)",Hajek,5.0,0.2,10,20,169,10000,,yes,0.035,0.9111475905555232
1104,0.5363565613345049,0.9550115241577105,0.4186549628232056,"Hajek(recency=5.0,delta=0.20)",Hajek,5.0,0.2,10,20,169,10000,,yes,0.035,0.9111475905555232
1105,0.5340519414142756,0.9627988369098365,0.4287468954955609,"Hajek(recency=5.0,delta=0.20)",Hajek,5.0,0.2,10,20,169,10000,,yes,0.035,0.9111475905555232
1106,0.5333237712637867,0.9580105179158706,0.42468674665208384,"Hajek(recency=5.0,delta=0.20)",Hajek,5.0,0.2,10,20,169,10000,,yes,0.035,0.9111475905555232
1107,0.5376184320949601,0.959324718789219,0.4217062866942589,"Hajek(recency=5.0,delta=0.20)",Hajek,5.0,0.2,10,20,169,10000,,yes,0.035,0.9111475905555232
1108,0.5357587711565052,0.9597966679575899,0.4240378968010847,"Hajek(recency=5.0,delta=0.20)",Hajek,5.0,0.2,10,20,169,10000,,yes,0.035,0.9111475905555232
1109,0.5352741636448444,0.958109377472955,0.4228352138281106,"Hajek(recency=5.0,delta=0.20)",Hajek,5.0,0.2,10,20,169,10000,,yes,0.035,0.9111475905555232
1110,0.5366465838729558,0.9516156643889936,0.41496908051603776,"Hajek(recency=5.0,delta=0.20)",Hajek,5.0,0.2,10,20,169,10000,,yes,0.035,0.9111475905555232
1111,0.5407267226750192,0.9540936814256843,0.4133669587506651,"Hajek(recency=5.0,delta=0.20)",Hajek,5.0,0.2,10,20,169,10000,,yes,0.035,0.9111475905555232
1112,0.5392912239549452,0.9601261887291093,0.42083496477416404,"Hajek(recency=5.0,delta=0.20)",Hajek,5.0,0.2,10,20,169,10000,,yes,0.035,0.9111475905555232
1113,0.5351814470791684,0.9500584477267061,0.41487700064753774,"Hajek(recency=5.0,delta=0.20)",Hajek,5.0,0.2,10,20,169,10000,,yes,0.035,0.9111475905555232
1114,0.5387511071365909,0.9600993002890201,0.4213481931524292,"Hajek(recency=5.0,delta=0.20)",Hajek,5.0,0.2,10,20,169,10000,,yes,0.035,0.9111475905555232
1115,0.5371075286413913,0.9563828240061336,0.4192752953647423,"Hajek(recency=5.0,delta=0.20)",Hajek,5.0,0.2,10,20,169,10000,,yes,0.035,0.9111475905555232
1116,0.5399107664404,0.9664842651843918,0.42657349874399175,"Hajek(recency=5.0,delta=0.20)",Hajek,5.0,0.2,10,20,169,10000,,yes,0.035,0.9111475905555232
1117,0.5368586086791872,0.9518252160529501,0.4149666073737629,"Hajek(recency=5.0,delta=0.20)",Hajek,5.0,0.2,10,20,169,10000,,yes,0.035,0.9111475905555232
1118,0.5372109824495587,0.9600697853601269,0.4228588029105682,"Hajek(recency=5.0,delta=0.20)",Hajek,5.0,0.2,10,20,169,10000,,yes,0.035,0.9111475905555232
1119,0.5389398484326738,0.9471487517920714,0.4082089033593975,"Hajek(recency=5.0,delta=0.20)",Hajek,5.0,0.2,10,20,169,10000,,yes,0.035,0.9111475905555232
1120,0.5407797617442421,0.9633466842236944,0.42256692247945227,"Hajek(recency=5.0,delta=0.20)",Hajek,5.0,0.2,10,20,169,10000,,yes,0.035,0.9111475905555232
1121,0.5387598190013804,0.9646098692974316,0.4258500502960513,"Hajek(recency=5.0,delta=0.20)",Hajek,5.0,0.2,10,20,169,10000,,yes,0.035,0.9111475905555232
1122,0.542221368169375,0.9491174689513848,0.4068961007820098,"Hajek(recency=5.0,delta=0.20)",Hajek,5.0,0.2,10,20,169,10000,,yes,0.035,0.9111475905555232
1123,0.5398151628635836,0.9677289527041524,0.4279137898405688,"Hajek(recency=5.0,delta=0.20)",Hajek,5.0,0.2,10,20,169,10000,,yes,0.035,0.9111475905555232
1124,0.5364216398246017,0.9652883793816408,0.42886673955703913,"Hajek(recency=5.0,delta=0.20)",Hajek,5.0,0.2,10,20,169,10000,,yes,0.035,0.9111475905555232
1125,0.5363431330975308,0.9680712260166745,0.4317280929191437,"Hajek(recency=5.0,delta=0.20)",Hajek,5.0,0.2,10,20,169,10000,,yes,0.035,0.9111475905555232
1126,0.542873446203062,0.9630377050775222,0.4201642588744602,"Hajek(recency=5.0,delta=0.20)",Hajek,5.0,0.2,10,20,169,10000,,yes,0.035,0.9111475905555232
1127,0.5361990141681695,0.9629439789117904,0.4267449647436209,"Hajek(recency=5.0,delta=0.20)",Hajek,5.0,0.2,10,20,169,10000,,yes,0.035,0.9111475905555232
1128,0.5364338510655191,0.953429673897465,0.4169958228319459,"Hajek(recency=5.0,delta=0.20)",Hajek,5.0,0.2,10,20,169,10000,,yes,0.035,0.9111475905555232
1129,0.5384114149685658,0.9623089452055092,0.42389753023694343,"Hajek(recency=5.0,delta=0.20)",Hajek,5.0,0.2,10,20,169,10000,,yes,0.035,0.9111475905555232
1130,0.5365779913887413,0.9610797285558094,0.42450173716706807,"Hajek(recency=5.0,delta=0.20)",Hajek,5.0,0.2,10,20,169,10000,,yes,0.035,0.9111475905555232
1131,0.5355566129856564,0.9649502309028243,0.4293936179171679,"Hajek(recency=5.0,delta=0.20)",Hajek,5.0,0.2,10,20,169,10000,,yes,0.035,0.9111475905555232
1132,0.5420423235256796,0.9635825319521477,0.4215402084264681,"Hajek(recency=5.0,delta=0.20)",Hajek,5.0,0.2,10,20,169,10000,,yes,0.035,0.9111475905555232
1133,0.5395057317599944,0.9620266305084876,0.4225208987484932,"Hajek(recency=5.0,delta=0.20)",Hajek,5.0,0.2,10,20,169,10000,,yes,0.035,0.9111475905555232
1134,0.5397176395035107,0.9588175540118369,0.4190999145083262,"Hajek(recency=5.0,delta=0.20)",Hajek,5.0,0.2,10,20,169,10000,,yes,0.035,0.9111475905555232
1135,0.5344724021875003,0.9646247575530764,0.43015235536557617,"Hajek(recency=5.0,delta=0.20)",Hajek,5.0,0.2,10,20,169,10000,,yes,0.035,0.9111475905555232
1136,0.5343849276698792,0.9688063825149551,0.4344214548450759,"Hajek(recency=5.0,delta=0.20)",Hajek,5.0,0.2,10,20,169,10000,,yes,0.035,0.9111475905555232
1137,0.5374976324063189,0.9641579338296572,0.42666030142333833,"Hajek(recency=5.0,delta=0.20)",Hajek,5.0,0.2,10,20,169,10000,,yes,0.035,0.9111475905555232
1138,0.5380932921266592,0.9616542205511932,0.42356092842453397,"Hajek(recency=5.0,delta=0.20)",Hajek,5.0,0.2,10,20,169,10000,,yes,0.035,0.9111475905555232
1139,0.5351187112212796,0.9449420456764914,0.4098233344552118,"Hajek(recency=5.0,delta=0.20)",Hajek,5.0,0.2,10,20,169,10000,,yes,0.035,0.9111475905555232
1140,0.5361825161576158,0.9740755127389736,0.43789299658135783,"Hajek(recency=5.0,delta=0.20)",Hajek,5.0,0.2,10,20,169,10000,,yes,0.035,0.9111475905555232
1141,0.5416923064472163,0.9614459643084214,0.4197536578612051,"Hajek(recency=5.0,delta=0.20)",Hajek,5.0,0.2,10,20,169,10000,,yes,0.035,0.9111475905555232
1142,0.5393251785388012,0.9675088905509821,0.42818371201218086,"Hajek(recency=5.0,delta=0.20)",Hajek,5.0,0.2,10,20,169,10000,,yes,0.035,0.9111475905555232
1143,0.5377226417056452,0.9520995349185064,0.4143768932128612,"Hajek(recency=5.0,delta=0.20)",Hajek,5.0,0.2,10,20,169,10000,,yes,0.035,0.9111475905555232
1144,0.5390581079321343,0.9629597285048697,0.4239016205727354,"Hajek(recency=5.0,delta=0.20)",Hajek,5.0,0.2,10,20,169,10000,,yes,0.035,0.9111475905555232
1145,0.5434580896243429,0.9566867656393474,0.41322867601500446,"Hajek(recency=5.0,delta=0.20)",Hajek,5.0,0.2,10,20,169,10000,,yes,0.035,0.9111475905555232
1146,0.5349274183613866,0.9494284399177491,0.4145010215563625,"Hajek(recency=5.0,delta=0.20)",Hajek,5.0,0.2,10,20,169,10000,,yes,0.035,0.9111475905555232
1147,0.5379273498946764,0.9570326845835355,0.41910533468885913,"Hajek(recency=5.0,delta=0.20)",Hajek,5.0,0.2,10,20,169,10000,,yes,0.035,0.9111475905555232
1148,0.5396035082357176,0.9502599824660108,0.4106564742302933,"Hajek(recency=5.0,delta=0.20)",Hajek,5.0,0.2,10,20,169,10000,,yes,0.035,0.9111475905555232
1149,0.5394403227965618,0.9553021619048534,0.41586183910829155,"Hajek(recency=5.0,delta=0.20)",Hajek,5.0,0.2,10,20,169,10000,,yes,0.035,0.9111475905555232
1150,0.5432305959671524,0.9605627316581287,0.41733213569097627,"Hajek(recency=5.0,delta=0.20)",Hajek,5.0,0.2,10,20,169,10000,,yes,0.035,0.9111475905555232
1151,0.5387051466391598,0.9639287675786622,0.4252236209395024,"Hajek(recency=5.0,delta=0.20)",Hajek,5.0,0.2,10,20,169,10000,,yes,0.035,0.9111475905555232
1152,0.539806653018138,0.9592580569245055,0.4194514039063675,"Hajek(recency=5.0,delta=0.20)",Hajek,5.0,0.2,10,20,169,10000,,yes,0.035,0.9111475905555232
1153,0.5372328275862129,0.9539341525593357,0.41670132497312273,"Hajek(recency=5.0,delta=0.20)",Hajek,5.0,0.2,10,20,169,10000,,yes,0.035,0.9111475905555232
1154,0.5361528707202294,0.9590843793814641,0.42293150866123463,"Hajek(recency=5.0,delta=0.20)",Hajek,5.0,0.2,10,20,169,10000,,yes,0.035,0.9111475905555232
1155,0.5411300221752132,0.9575489462915641,0.41641892411635084,"Hajek(recency=5.0,delta=0.20)",Hajek,5.0,0.2,10,20,169,10000,,yes,0.035,0.9111475905555232
1156,0.5324338570095467,0.9595475252524343,0.42711366824288755,"Hajek(recency=5.0,delta=0.20)",Hajek,5.0,0.2,10,20,169,10000,,yes,0.035,0.9111475905555232
1157,0.5389287766652151,0.9594857650017252,0.4205569883365101,"Hajek(recency=5.0,delta=0.20)",Hajek,5.0,0.2,10,20,169,10000,,yes,0.035,0.9111475905555232
1158,0.5371254369502108,0.952455588753382,0.41533015180317123,"Hajek(recency=5.0,delta=0.20)",Hajek,5.0,0.2,10,20,169,10000,,yes,0.035,0.9111475905555232
1159,0.538034957316051,0.9539791404672728,0.41594418315122184,"Hajek(recency=5.0,delta=0.20)",Hajek,5.0,0.2,10,20,169,10000,,yes,0.035,0.9111475905555232
1160,0.5371380059721081,0.9473244146620341,0.41018640868992595,"Hajek(recency=5.0,delta=0.20)",Hajek,5.0,0.2,10,20,169,10000,,yes,0.035,0.9111475905555232
1161,0.5375660147451249,0.9676685130256878,0.4301024982805629,"Hajek(recency=5.0,delta=0.20)",Hajek,5.0,0.2,10,20,169,10000,,yes,0.035,0.9111475905555232
1162,0.5416726000283599,0.9591319694715145,0.41745936944315454,"Hajek(recency=5.0,delta=0.20)",Hajek,5.0,0.2,10,20,169,10000,,yes,0.035,0.9111475905555232
1163,0.5367775297608718,0.9600052660526335,0.4232277362917617,"Hajek(recency=5.0,delta=0.20)",Hajek,5.0,0.2,10,20,169,10000,,yes,0.035,0.9111475905555232
1164,0.5351714540419422,0.963027712745688,0.4278562587037458,"Hajek(recency=5.0,delta=0.20)",Hajek,5.0,0.2,10,20,169,10000,,yes,0.035,0.9111475905555232
1165,0.53965718647278,0.9636062027442701,0.42394901627149006,"Hajek(recency=5.0,delta=0.20)",Hajek,5.0,0.2,10,20,169,10000,,yes,0.035,0.9111475905555232
1166,0.5334693178486971,0.9633823105145252,0.42991299266582805,"Hajek(recency=5.0,delta=0.20)",Hajek,5.0,0.2,10,20,169,10000,,yes,0.035,0.9111475905555232
1167,0.5373811016800591,0.9486431546279827,0.4112620529479235,"Hajek(recency=5.0,delta=0.20)",Hajek,5.0,0.2,10,20,169,10000,,yes,0.035,0.9111475905555232
1168,0.5375906081291678,0.954523861988171,0.41693325385900315,"Hajek(recency=5.0,delta=0.20)",Hajek,5.0,0.2,10,20,169,10000,,yes,0.035,0.9111475905555232
1169,0.5349781252230019,0.9584920803909162,0.42351395516791424,"Hajek(recency=5.0,delta=0.20)",Hajek,5.0,0.2,10,20,169,10000,,yes,0.035,0.9111475905555232
1170,0.5389785896307729,0.9542936880712856,0.4153150984405126,"Hajek(recency=5.0,delta=0.20)",Hajek,5.0,0.2,10,20,169,10000,,yes,0.035,0.9111475905555232
1171,0.5367890534373139,0.9581063366892247,0.42131728325191087,"Hajek(recency=5.0,delta=0.20)",Hajek,5.0,0.2,10,20,169,10000,,yes,0.035,0.9111475905555232
1172,0.5373790323287739,0.9546129489266094,0.4172339165978355,"Hajek(recency=5.0,delta=0.20)",Hajek,5.0,0.2,10,20,169,10000,,yes,0.035,0.9111475905555232
1173,0.5348538146813662,0.9605177544629758,0.42566393978160966,"Hajek(recency=5.0,delta=0.20)",Hajek,5.0,0.2,10,20,169,10000,,yes,0.035,0.9111475905555232
1174,0.536862983643216,0.9620749580036235,0.4252119743604075,"Hajek(recency=5.0,delta=0.20)",Hajek,5.0,0.2,10,20,169,10000,,yes,0.035,0.9111475905555232
1175,0.5359479674619932,0.9574134396588834,0.4214654721968901,"Hajek(recency=5.0,delta=0.20)",Hajek,5.0,0.2,10,20,169,10000,,yes,0.035,0.9111475905555232
1176,0.5416700898549148,0.9600083175065209,0.4183382276516061,"Hajek(recency=5.0,delta=0.20)",Hajek,5.0,0.2,10,20,169,10000,,yes,0.035,0.9111475905555232
1177,0.5381874195853368,0.9633548673877664,0.42516744780242965,"Hajek(recency=5.0,delta=0.20)",Hajek,5.0,0.2,10,20,169,10000,,yes,0.035,0.9111475905555232
1178,0.5331945638633612,0.9589004483101327,0.4257058844467715,"Hajek(recency=5.0,delta=0.20)",Hajek,5.0,0.2,10,20,169,10000,,yes,0.035,0.9111475905555232
1179,0.5385661797339202,0.960924079529807,0.4223578997958868,"Hajek(recency=5.0,delta=0.20)",Hajek,5.0,0.2,10,20,169,10000,,yes,0.035,0.9111475905555232
1180,0.5335038306526634,0.9686569152992034,0.43515308464654,"Hajek(recency=5.0,delta=0.20)",Hajek,5.0,0.2,10,20,169,10000,,yes,0.035,0.9111475905555232
1181,0.5393200082038189,0.9674554174537577,0.42813540924993887,"Hajek(recency=5.0,delta=0.20)",Hajek,5.0,0.2,10,20,169,10000,,yes,0.035,0.9111475905555232
1182,0.5361288254994073,0.9601839804823808,0.4240551549829735,"Hajek(recency=5.0,delta=0.20)",Hajek,5.0,0.2,10,20,169,10000,,yes,0.035,0.9111475905555232
1183,0.5370828115821934,0.9627585360950663,0.42567572451287294,"Hajek(recency=5.0,delta=0.20)",Hajek,5.0,0.2,10,20,169,10000,,yes,0.035,0.9111475905555232
1184,0.5364142070404995,0.9642327273464044,0.42781852030590495,"Hajek(recency=5.0,delta=0.20)",Hajek,5.0,0.2,10,20,169,10000,,yes,0.035,0.9111475905555232
1185,0.5347026388615612,0.9504622971403716,0.41575965827881034,"Hajek(recency=5.0,delta=0.20)",Hajek,5.0,0.2,10,20,169,10000,,yes,0.035,0.9111475905555232
1186,0.5381314096656322,0.9488390708192659,0.41070766115363366,"Hajek(recency=5.0,delta=0.20)",Hajek,5.0,0.2,10,20,169,10000,,yes,0.035,0.9111475905555232
1187,0.5377376806062255,0.9604655391723902,0.4227278585661647,"Hajek(recency=5.0,delta=0.20)",Hajek,5.0,0.2,10,20,169,10000,,yes,0.035,0.9111475905555232
1188,0.5371453802453973,0.9542817845973581,0.41713640435196087,"Hajek(recency=5.0,delta=0.20)",Hajek,5.0,0.2,10,20,169,10000,,yes,0.035,0.9111475905555232
1189,0.5368679878415352,0.9642661576295595,0.42739816978802425,"Hajek(recency=5.0,delta=0.20)",Hajek,5.0,0.2,10,20,169,10000,,yes,0.035,0.9111475905555232
1190,0.5388319536346238,0.9643648581881465,0.4255329045535228,"Hajek(recency=5.0,delta=0.20)",Hajek,5.0,0.2,10,20,169,10000,,yes,0.035,0.9111475905555232
1191,0.5370552396562893,0.957950889741699,0.42089565008540963,"Hajek(recency=5.0,delta=0.20)",Hajek,5.0,0.2,10,20,169,10000,,yes,0.035,0.9111475905555232
1192,0.5374439416999932,0.9547221474955242,0.417278205795531,"Hajek(recency=5.0,delta=0.20)",Hajek,5.0,0.2,10,20,169,10000,,yes,0.035,0.9111475905555232
1193,0.53532590688436,0.959668786049415,0.424342879165055,"Hajek(recency=5.0,delta=0.20)",Hajek,5.0,0.2,10,20,169,10000,,yes,0.035,0.9111475905555232
1194,0.5421820371389131,0.9521084810124816,0.40992644387356847,"Hajek(recency=5.0,delta=0.20)",Hajek,5.0,0.2,10,20,169,10000,,yes,0.035,0.9111475905555232
1195,0.5368634763128156,0.9626373650412557,0.42577388872844013,"Hajek(recency=5.0,delta=0.20)",Hajek,5.0,0.2,10,20,169,10000,,yes,0.035,0.9111475905555232
1196,0.538494451586838,0.9592049977940798,0.4207105462072418,"Hajek(recency=5.0,delta=0.20)",Hajek,5.0,0.2,10,20,169,10000,,yes,0.035,0.9111475905555232
1197,0.5383904988396351,0.9483923408483634,0.41000184200872836,"Hajek(recency=5.0,delta=0.20)",Hajek,5.0,0.2,10,20,169,10000,,yes,0.035,0.9111475905555232
1198,0.5355667925400085,0.9558674248521165,0.420300632312108,"Hajek(recency=5.0,delta=0.20)",Hajek,5.0,0.2,10,20,169,10000,,yes,0.035,0.9111475905555232
1199,0.5382227966345756,0.9555122358681967,0.41728943923362105,"Hajek(recency=5.0,delta=0.20)",Hajek,5.0,0.2,10,20,169,10000,,yes,0.035,0.9111475905555232
1200,0.53996272561865,0.9553187212456997,0.4153559956270497,"Hajek(recency=5.0,delta=0.20)",Hajek,5.0,0.2,10,20,169,10000,,yes,0.035,0.9111475905555232
1201,0.5404169219304715,0.9677887609527851,0.42737183902231357,"Hajek(recency=5.0,delta=0.20)",Hajek,5.0,0.2,10,20,169,10000,,yes,0.035,0.9111475905555232
1202,0.5376050749237938,0.973182229647222,0.4355771547234282,"Hajek(recency=5.0,delta=0.20)",Hajek,5.0,0.2,10,20,169,10000,,yes,0.035,0.9111475905555232
1203,0.5409179618209109,0.9592159077326627,0.41829794591175185,"Hajek(recency=5.0,delta=0.20)",Hajek,5.0,0.2,10,20,169,10000,,yes,0.035,0.9111475905555232
1204,0.5376268172754319,0.9655532355664416,0.42792641829100964,"Hajek(recency=5.0,delta=0.20)",Hajek,5.0,0.2,10,20,169,10000,,yes,0.035,0.9111475905555232
1205,0.5399603132587936,0.9672036343653029,0.4272433211065093,"Hajek(recency=5.0,delta=0.20)",Hajek,5.0,0.2,10,20,169,10000,,yes,0.035,0.9111475905555232
1206,0.5362153011345169,0.9526618409952995,0.4164465398607826,"Hajek(recency=5.0,delta=0.20)",Hajek,5.0,0.2,10,20,169,10000,,yes,0.035,0.9111475905555232
1207,0.537509730807475,0.9561505535612826,0.41864082275380765,"Hajek(recency=5.0,delta=0.20)",Hajek,5.0,0.2,10,20,169,10000,,yes,0.035,0.9111475905555232
1208,0.540107368957216,0.9529012190208502,0.4127938500636342,"Hajek(recency=5.0,delta=0.20)",Hajek,5.0,0.2,10,20,169,10000,,yes,0.035,0.9111475905555232
1209,0.5378007993843611,0.9580323465538273,0.4202315471694662,"Hajek(recency=5.0,delta=0.20)",Hajek,5.0,0.2,10,20,169,10000,,yes,0.035,0.9111475905555232
1210,0.5381640673947351,0.9652637745396075,0.42709970714487244,"Hajek(recency=5.0,delta=0.20)",Hajek,5.0,0.2,10,20,169,10000,,yes,0.035,0.9111475905555232
1211,0.5355229503219481,0.9496540041115895,0.41413105378964143,"Hajek(recency=5.0,delta=0.20)",Hajek,5.0,0.2,10,20,169,10000,,yes,0.035,0.9111475905555232
1212,0.5388841547399011,0.9712027578512934,0.43231860311139225,"Hajek(recency=5.0,delta=0.20)",Hajek,5.0,0.2,10,20,169,10000,,yes,0.035,0.9111475905555232
1213,0.5425489389174877,0.9757497271860852,0.43320078826859754,"Hajek(recency=5.0,delta=0.20)",Hajek,5.0,0.2,10,20,169,10000,,yes,0.035,0.9111475905555232
1214,0.5379422349690267,0.9540908031453113,0.41614856817628454,"Hajek(recency=5.0,delta=0.20)",Hajek,5.0,0.2,10,20,169,10000,,yes,0.035,0.9111475905555232
1215,0.5357243327869444,0.9481804042059165,0.4124560714189721,"Hajek(recency=5.0,delta=0.20)",Hajek,5.0,0.2,10,20,169,10000,,yes,0.035,0.9111475905555232
1216,0.5385822583929738,0.9649856339820259,0.42640337558905206,"Hajek(recency=5.0,delta=0.20)",Hajek,5.0,0.2,10,20,169,10000,,yes,0.035,0.9111475905555232
1217,0.5410066836680448,0.9644635681185556,0.4234568844505108,"Hajek(recency=5.0,delta=0.20)",Hajek,5.0,0.2,10,20,169,10000,,yes,0.035,0.9111475905555232
1218,0.53697317555401,0.9691324748990884,0.43215929934507835,"Hajek(recency=5.0,delta=0.20)",Hajek,5.0,0.2,10,20,169,10000,,yes,0.035,0.9111475905555232
1219,0.5399248240846832,0.9598052532541282,0.419880429169445,"Hajek(recency=5.0,delta=0.20)",Hajek,5.0,0.2,10,20,169,10000,,yes,0.035,0.9111475905555232
1220,0.538870255746508,0.9760550510648704,0.4371847953183624,"Hajek(recency=5.0,delta=0.20)",Hajek,5.0,0.2,10,20,169,10000,,yes,0.035,0.9111475905555232
1221,0.5340383024778667,0.9444635029259266,0.41042520044805997,"Hajek(recency=5.0,delta=0.20)",Hajek,5.0,0.2,10,20,169,10000,,yes,0.035,0.9111475905555232
1222,0.5333790763888908,0.9586381583822716,0.4252590819933808,"Hajek(recency=5.0,delta=0.20)",Hajek,5.0,0.2,10,20,169,10000,,yes,0.035,0.9111475905555232
1223,0.5310277084158213,0.9575163092777245,0.4264886008619032,"Hajek(recency=5.0,delta=0.20)",Hajek,5.0,0.2,10,20,169,10000,,yes,0.035,0.9111475905555232
1224,0.5399917028913427,0.9727089780407023,0.43271727514935965,"Hajek(recency=5.0,delta=0.20)",Hajek,5.0,0.2,10,20,169,10000,,yes,0.035,0.9111475905555232
1225,0.5363749936134563,0.9574970717933196,0.42112207817986325,"Hajek(recency=5.0,delta=0.20)",Hajek,5.0,0.2,10,20,169,10000,,yes,0.035,0.9111475905555232
1226,0.5398499239607178,0.9662278579789255,0.42637793401820767,"Hajek(recency=5.0,delta=0.20)",Hajek,5.0,0.2,10,20,169,10000,,yes,0.035,0.9111475905555232
1227,0.5362594262163635,0.9635735341903106,0.4273141079739471,"Hajek(recency=5.0,delta=0.20)",Hajek,5.0,0.2,10,20,169,10000,,yes,0.035,0.9111475905555232
1228,0.532857841059858,0.9658942411032695,0.4330364000434115,"Hajek(recency=5.0,delta=0.20)",Hajek,5.0,0.2,10,20,169,10000,,yes,0.035,0.9111475905555232
1229,0.5344009778019263,0.9623066494481318,0.4279056716462055,"Hajek(recency=5.0,delta=0.20)",Hajek,5.0,0.2,10,20,169,10000,,yes,0.035,0.9111475905555232
1230,0.5380607945524282,0.957268969257849,0.4192081747054208,"Hajek(recency=5.0,delta=0.20)",Hajek,5.0,0.2,10,20,169,10000,,yes,0.035,0.9111475905555232
1231,0.5449490058733575,0.959131146528315,0.4141821406549575,"Hajek(recency=5.0,delta=0.20)",Hajek,5.0,0.2,10,20,169,10000,,yes,0.035,0.9111475905555232
1232,0.5401254491065376,0.9566202286546268,0.4164947795480892,"Hajek(recency=5.0,delta=0.20)",Hajek,5.0,0.2,10,20,169,10000,,yes,0.035,0.9111475905555232
1233,0.5427183543242605,0.9743383360491848,0.43161998172492433,"Hajek(recency=5.0,delta=0.20)",Hajek,5.0,0.2,10,20,169,10000,,yes,0.035,0.9111475905555232
1234,0.5388633996506014,0.9659767379327043,0.42711333828210296,"Hajek(recency=5.0,delta=0.20)",Hajek,5.0,0.2,10,20,169,10000,,yes,0.035,0.9111475905555232
1235,0.5368623770410149,0.957662904000064,0.4208005269590491,"Hajek(recency=5.0,delta=0.20)",Hajek,5.0,0.2,10,20,169,10000,,yes,0.035,0.9111475905555232
1236,0.5422830364023576,0.9650586052171225,0.42277556881476486,"Hajek(recency=5.0,delta=0.20)",Hajek,5.0,0.2,10,20,169,10000,,yes,0.035,0.9111475905555232
1237,0.5374736943791729,0.9598414947584213,0.42236780037924837,"Hajek(recency=5.0,delta=0.20)",Hajek,5.0,0.2,10,20,169,10000,,yes,0.035,0.9111475905555232
1238,0.5449203078320418,0.9741649099431032,0.4292446021110614,"Hajek(recency=5.0,delta=0.20)",Hajek,5.0,0.2,10,20,169,10000,,yes,0.035,0.9111475905555232
1239,0.5375873975803428,0.9610167234824897,0.4234293259021469,"Hajek(recency=5.0,delta=0.20)",Hajek,5.0,0.2,10,20,169,10000,,yes,0.035,0.9111475905555232
1240,0.5369595605935058,0.9651666192656768,0.428207058672171,"Hajek(recency=5.0,delta=0.20)",Hajek,5.0,0.2,10,20,169,10000,,yes,0.035,0.9111475905555232
1241,0.5348542952523595,0.9621513275279931,0.42729703227563365,"Hajek(recency=5.0,delta=0.20)",Hajek,5.0,0.2,10,20,169,10000,,yes,0.035,0.9111475905555232
1242,0.5383127137877194,0.950476667974605,0.41216395418688556,"Hajek(recency=5.0,delta=0.20)",Hajek,5.0,0.2,10,20,169,10000,,yes,0.035,0.9111475905555232
1243,0.5387357199987433,0.9645515613981314,0.4258158413993881,"Hajek(recency=5.0,delta=0.20)",Hajek,5.0,0.2,10,20,169,10000,,yes,0.035,0.9111475905555232
1244,0.5389087475877015,0.9580231481044567,0.4191144005167552,"Hajek(recency=5.0,delta=0.20)",Hajek,5.0,0.2,10,20,169,10000,,yes,0.035,0.9111475905555232
1245,0.5383118824703179,0.9587717343850616,0.42045985191474367,"Hajek(recency=5.0,delta=0.20)",Hajek,5.0,0.2,10,20,169,10000,,yes,0.035,0.9111475905555232
1246,0.5355137919859002,0.9593361343308738,0.4238223423449736,"Hajek(recency=5.0,delta=0.20)",Hajek,5.0,0.2,10,20,169,10000,,yes,0.035,0.9111475905555232
1247,0.5391070631507326,0.9630291839740733,0.4239221208233407,"Hajek(recency=5.0,delta=0.20)",Hajek,5.0,0.2,10,20,169,10000,,yes,0.035,0.9111475905555232
1248,0.5376484697587781,0.9721672492529049,0.43451877949412676,"Hajek(recency=5.0,delta=0.20)",Hajek,5.0,0.2,10,20,169,10000,,yes,0.035,0.9111475905555232
1249,0.5420899564939727,0.9572062313984722,0.4151162749044994,"Hajek(recency=5.0,delta=0.20)",Hajek,5.0,0.2,10,20,169,10000,,yes,0.035,0.9111475905555232
1250,0.5355024161711177,0.9543612871688918,0.4188588709977741,"Hajek(recency=5.0,delta=0.20)",Hajek,5.0,0.2,10,20,169,10000,,yes,0.035,0.9111475905555232
1251,0.5369769290743857,0.9518775468860246,0.4149006178116389,"Hajek(recency=5.0,delta=0.20)",Hajek,5.0,0.2,10,20,169,10000,,yes,0.035,0.9111475905555232
1252,0.5390912021827619,0.960656472542782,0.4215652703600201,"Hajek(recency=5.0,delta=0.20)",Hajek,5.0,0.2,10,20,169,10000,,yes,0.035,0.9111475905555232
1253,0.5365131383851929,0.9598924254402412,0.42337928705504835,"Hajek(recency=5.0,delta=0.20)",Hajek,5.0,0.2,10,20,169,10000,,yes,0.035,0.9111475905555232
1254,0.5379814704598667,0.9639833200487172,0.42600184958885057,"Hajek(recency=5.0,delta=0.20)",Hajek,5.0,0.2,10,20,169,10000,,yes,0.035,0.9111475905555232
1255,0.5345503033727352,0.9434138544211363,0.4088635510484011,"Hajek(recency=5.0,delta=0.20)",Hajek,5.0,0.2,10,20,169,10000,,yes,0.035,0.9111475905555232
1256,0.5395641642650856,0.9562825966730845,0.4167184324079989,"Hajek(recency=5.0,delta=0.20)",Hajek,5.0,0.2,10,20,169,10000,,yes,0.035,0.9111475905555232
1257,0.5388487718929986,0.9614934525871593,0.4226446806941607,"Hajek(recency=5.0,delta=0.20)",Hajek,5.0,0.2,10,20,169,10000,,yes,0.035,0.9111475905555232
1258,0.5391958434957641,0.95459867375568,0.41540283025991587,"Hajek(recency=5.0,delta=0.20)",Hajek,5.0,0.2,10,20,169,10000,,yes,0.035,0.9111475905555232
1259,0.5368364898099441,0.9628253959300016,0.42598890612005746,"Hajek(recency=5.0,delta=0.20)",Hajek,5.0,0.2,10,20,169,10000,,yes,0.035,0.9111475905555232
1260,0.5368265373620523,0.9535944403834801,0.41676790302142774,"Hajek(recency=5.0,delta=0.20)",Hajek,5.0,0.2,10,20,169,10000,,yes,0.035,0.9111475905555232
1261,0.538600514144316,0.9615870383040687,0.4229865241597527,"Hajek(recency=5.0,delta=0.20)",Hajek,5.0,0.2,10,20,169,10000,,yes,0.035,0.9111475905555232
1262,0.5366878555569381,0.9540142540656308,0.4173263985086927,"Hajek(recency=5.0,delta=0.20)",Hajek,5.0,0.2,10,20,169,10000,,yes,0.035,0.9111475905555232
1263,0.5342239858401489,0.9627812588635599,0.42855727302341107,"Hajek(recency=5.0,delta=0.20)",Hajek,5.0,0.2,10,20,169,10000,,yes,0.035,0.9111475905555232
1264,0.537978281002453,0.9548948662775457,0.4169165852750927,"Hajek(recency=5.0,delta=0.20)",Hajek,5.0,0.2,10,20,169,10000,,yes,0.035,0.9111475905555232
1265,0.5382763068982417,0.9650662635061603,0.42678995660791863,"Hajek(recency=5.0,delta=0.20)",Hajek,5.0,0.2,10,20,169,10000,,yes,0.035,0.9111475905555232
1266,0.5397102573234331,0.9538931325666566,0.4141828752432235,"Hajek(recency=5.0,delta=0.20)",Hajek,5.0,0.2,10,20,169,10000,,yes,0.035,0.9111475905555232
1267,0.5397319045656044,0.9606561973757782,0.42092429281017385,"Hajek(recency=5.0,delta=0.20)",Hajek,5.0,0.2,10,20,169,10000,,yes,0.035,0.9111475905555232
1268,0.5347880841891409,0.9639015754062293,0.4291134912170884,"Hajek(recency=5.0,delta=0.20)",Hajek,5.0,0.2,10,20,169,10000,,yes,0.035,0.9111475905555232
1269,0.533532115711736,0.955968192736117,0.422436077024381,"Hajek(recency=5.0,delta=0.20)",Hajek,5.0,0.2,10,20,169,10000,,yes,0.035,0.9111475905555232
1270,0.536120173003197,0.9564655838659705,0.42034541086277344,"Hajek(recency=5.0,delta=0.20)",Hajek,5.0,0.2,10,20,169,10000,,yes,0.035,0.9111475905555232
1271,0.5401598133073631,0.9618886181173638,0.42172880481000075,"Hajek(recency=5.0,delta=0.20)",Hajek,5.0,0.2,10,20,169,10000,,yes,0.035,0.9111475905555232
1272,0.5400170985318659,0.964151903797349,0.4241348052654832,"Hajek(recency=5.0,delta=0.20)",Hajek,5.0,0.2,10,20,169,10000,,yes,0.035,0.9111475905555232
1273,0.5371971224724368,0.9583225936545138,0.421125471182077,"Hajek(recency=5.0,delta=0.20)",Hajek,5.0,0.2,10,20,169,10000,,yes,0.035,0.9111475905555232
1274,0.5402411641544196,0.9651807623852656,0.42493959823084604,"Hajek(recency=5.0,delta=0.20)",Hajek,5.0,0.2,10,20,169,10000,,yes,0.035,0.9111475905555232
1275,0.5397730669780456,0.9629039210929735,0.4231308541149279,"Hajek(recency=5.0,delta=0.20)",Hajek,5.0,0.2,10,20,169,10000,,yes,0.035,0.9111475905555232
1276,0.5373076040262182,0.9591971552714799,0.4218895512452616,"Hajek(recency=5.0,delta=0.20)",Hajek,5.0,0.2,10,20,169,10000,,yes,0.035,0.9111475905555232
1277,0.5393484884817714,0.9680016183961745,0.4286531299144031,"Hajek(recency=5.0,delta=0.20)",Hajek,5.0,0.2,10,20,169,10000,,yes,0.035,0.9111475905555232
1278,0.5407442096648521,0.9517033532769966,0.4109591436121445,"Hajek(recency=5.0,delta=0.20)",Hajek,5.0,0.2,10,20,169,10000,,yes,0.035,0.9111475905555232
1279,0.5328503862146484,0.9599420880634316,0.4270917018487832,"Hajek(recency=5.0,delta=0.20)",Hajek,5.0,0.2,10,20,169,10000,,yes,0.035,0.9111475905555232
1280,0.5365731299925839,0.9566430612663898,0.4200699312738059,"Hajek(recency=5.0,delta=0.20)",Hajek,5.0,0.2,10,20,169,10000,,yes,0.035,0.9111475905555232
1281,0.5381070673766832,0.9526944041198624,0.41458733674317916,"Hajek(recency=5.0,delta=0.20)",Hajek,5.0,0.2,10,20,169,10000,,yes,0.035,0.9111475905555232
1282,0.5359975993065197,0.9617654270462078,0.42576782773968813,"Hajek(recency=5.0,delta=0.20)",Hajek,5.0,0.2,10,20,169,10000,,yes,0.035,0.9111475905555232
1283,0.5393894045183251,0.9502625833100257,0.4108731787917006,"Hajek(recency=5.0,delta=0.20)",Hajek,5.0,0.2,10,20,169,10000,,yes,0.035,0.9111475905555232
1284,0.5356277289546781,0.9597490522385838,0.4241213232839056,"Hajek(recency=5.0,delta=0.20)",Hajek,5.0,0.2,10,20,169,10000,,yes,0.035,0.9111475905555232
1285,0.5375223776075824,0.9576494819159558,0.4201271043083734,"Hajek(recency=5.0,delta=0.20)",Hajek,5.0,0.2,10,20,169,10000,,yes,0.035,0.9111475905555232
1286,0.5416466503385996,0.9648373773377295,0.42319072699912985,"Hajek(recency=5.0,delta=0.20)",Hajek,5.0,0.2,10,20,169,10000,,yes,0.035,0.9111475905555232
1287,0.5352336143590338,0.9545677680249318,0.419334153665898,"Hajek(recency=5.0,delta=0.20)",Hajek,5.0,0.2,10,20,169,10000,,yes,0.035,0.9111475905555232
1288,0.5347890387127209,0.9539069920161225,0.4191179533034016,"Hajek(recency=5.0,delta=0.20)",Hajek,5.0,0.2,10,20,169,10000,,yes,0.035,0.9111475905555232
1289,0.5352134083261334,0.9480600720507755,0.41284666372464207,"Hajek(recency=5.0,delta=0.20)",Hajek,5.0,0.2,10,20,169,10000,,yes,0.035,0.9111475905555232
1290,0.5349563993391089,0.9578532848565647,0.42289688551745586,"Hajek(recency=5.0,delta=0.20)",Hajek,5.0,0.2,10,20,169,10000,,yes,0.035,0.9111475905555232
1291,0.537583917565972,0.9640457699837697,0.42646185241779766,"Hajek(recency=5.0,delta=0.20)",Hajek,5.0,0.2,10,20,169,10000,,yes,0.035,0.9111475905555232
1292,0.5363748592300908,0.9547113465888849,0.41833648735879414,"Hajek(recency=5.0,delta=0.20)",Hajek,5.0,0.2,10,20,169,10000,,yes,0.035,0.9111475905555232
1293,0.5344140708046387,0.9598125422517418,0.4253984714471032,"Hajek(recency=5.0,delta=0.20)",Hajek,5.0,0.2,10,20,169,10000,,yes,0.035,0.9111475905555232
1294,0.5392880898254474,0.964944878211269,0.42565678838582155,"Hajek(recency=5.0,delta=0.20)",Hajek,5.0,0.2,10,20,169,10000,,yes,0.035,0.9111475905555232
1295,0.5377407258147109,0.9556395977791803,0.4178988719644694,"Hajek(recency=5.0,delta=0.20)",Hajek,5.0,0.2,10,20,169,10000,,yes,0.035,0.9111475905555232
1296,0.5367880940653792,0.9659855666499306,0.42919747258455143,"Hajek(recency=5.0,delta=0.20)",Hajek,5.0,0.2,10,20,169,10000,,yes,0.035,0.9111475905555232
1297,0.5373817099985483,0.9566979027016039,0.41931619270305565,"Hajek(recency=5.0,delta=0.20)",Hajek,5.0,0.2,10,20,169,10000,,yes,0.035,0.9111475905555232
1298,0.5386912979405148,0.960244233389544,0.42155293544902916,"Hajek(recency=5.0,delta=0.20)",Hajek,5.0,0.2,10,20,169,10000,,yes,0.035,0.9111475905555232
1299,0.5337642210229161,0.9534246911885883,0.4196604701656722,"Hajek(recency=5.0,delta=0.20)",Hajek,5.0,0.2,10,20,169,10000,,yes,0.035,0.9111475905555232
1300,0.5312608645755746,0.9562714669176772,0.42501060234210253,"Hajek(recency=5.0,delta=0.20)",Hajek,5.0,0.2,10,20,169,10000,,yes,0.035,0.9111475905555232
1301,0.5401786714734521,0.9597150129675551,0.419536341494103,"Hajek(recency=5.0,delta=0.20)",Hajek,5.0,0.2,10,20,169,10000,,yes,0.035,0.9111475905555232
1302,0.5397736561421393,0.964884324570926,0.42511066842878664,"Hajek(recency=5.0,delta=0.20)",Hajek,5.0,0.2,10,20,169,10000,,yes,0.035,0.9111475905555232
1303,0.5407445721290508,0.9733777442862777,0.43263317215722685,"Hajek(recency=5.0,delta=0.20)",Hajek,5.0,0.2,10,20,169,10000,,yes,0.035,0.9111475905555232
1304,0.5386754517278672,0.9582810892634992,0.41960563753563196,"Hajek(recency=5.0,delta=0.20)",Hajek,5.0,0.2,10,20,169,10000,,yes,0.035,0.9111475905555232
1305,0.5353064814088436,0.9622023502195449,0.4268958688107013,"Hajek(recency=5.0,delta=0.20)",Hajek,5.0,0.2,10,20,169,10000,,yes,0.035,0.9111475905555232
1306,0.5376455634781575,0.9660008091062843,0.42835524562812677,"Hajek(recency=5.0,delta=0.20)",Hajek,5.0,0.2,10,20,169,10000,,yes,0.035,0.9111475905555232
1307,0.543101155904584,0.961180460992143,0.4180793050875591,"Hajek(recency=5.0,delta=0.20)",Hajek,5.0,0.2,10,20,169,10000,,yes,0.035,0.9111475905555232
1308,0.5401786402419105,0.9549479116367624,0.41476927139485187,"Hajek(recency=5.0,delta=0.20)",Hajek,5.0,0.2,10,20,169,10000,,yes,0.035,0.9111475905555232
1309,0.5409501983174669,0.9480266285378958,0.40707643022042883,"Hajek(recency=5.0,delta=0.20)",Hajek,5.0,0.2,10,20,169,10000,,yes,0.035,0.9111475905555232
1310,0.5372407597246834,0.9513703657052919,0.41412960598060844,"Hajek(recency=5.0,delta=0.20)",Hajek,5.0,0.2,10,20,169,10000,,yes,0.035,0.9111475905555232
1311,0.5377466252602604,0.9602947867354354,0.42254816147517504,"Hajek(recency=5.0,delta=0.20)",Hajek,5.0,0.2,10,20,169,10000,,yes,0.035,0.9111475905555232
1312,0.534254038029057,0.951774721448446,0.41752068341938897,"Hajek(recency=5.0,delta=0.20)",Hajek,5.0,0.2,10,20,169,10000,,yes,0.035,0.9111475905555232
1313,0.537786853149205,0.9609485033006698,0.4231616501514648,"Hajek(recency=5.0,delta=0.20)",Hajek,5.0,0.2,10,20,169,10000,,yes,0.035,0.9111475905555232
1314,0.5390514201376763,0.956826560142994,0.4177751400053178,"Hajek(recency=5.0,delta=0.20)",Hajek,5.0,0.2,10,20,169,10000,,yes,0.035,0.9111475905555232
1315,0.5327891778578253,0.9588059452669561,0.42601676740913075,"Hajek(recency=5.0,delta=0.20)",Hajek,5.0,0.2,10,20,169,10000,,yes,0.035,0.9111475905555232
1316,0.5358350071029853,0.9576141932804765,0.4217791861774912,"Hajek(recency=5.0,delta=0.20)",Hajek,5.0,0.2,10,20,169,10000,,yes,0.035,0.9111475905555232
1317,0.540552262279466,0.957848161695706,0.41729589941624,"Hajek(recency=5.0,delta=0.20)",Hajek,5.0,0.2,10,20,169,10000,,yes,0.035,0.9111475905555232
1318,0.5418149260263425,0.9667698383574376,0.42495491233109506,"Hajek(recency=5.0,delta=0.20)",Hajek,5.0,0.2,10,20,169,10000,,yes,0.035,0.9111475905555232
1319,0.5336041653829229,0.9579951453268966,0.4243909799439737,"Hajek(recency=5.0,delta=0.20)",Hajek,5.0,0.2,10,20,169,10000,,yes,0.035,0.9111475905555232
1320,0.5359357089244322,0.9533870383615614,0.41745132943712915,"Hajek(recency=5.0,delta=0.20)",Hajek,5.0,0.2,10,20,169,10000,,yes,0.035,0.9111475905555232
1321,0.5404259870940565,0.9623455031737658,0.42191951607970923,"Hajek(recency=5.0,delta=0.20)",Hajek,5.0,0.2,10,20,169,10000,,yes,0.035,0.9111475905555232
1322,0.5361023183516949,0.939266508077561,0.4031641897258661,"Hajek(recency=5.0,delta=0.20)",Hajek,5.0,0.2,10,20,169,10000,,yes,0.035,0.9111475905555232
1323,0.5431718624522719,0.9590442716015104,0.4158724091492385,"Hajek(recency=5.0,delta=0.20)",Hajek,5.0,0.2,10,20,169,10000,,yes,0.035,0.9111475905555232
1324,0.536015688629122,0.9610118790179095,0.42499619038878755,"Hajek(recency=5.0,delta=0.20)",Hajek,5.0,0.2,10,20,169,10000,,yes,0.035,0.9111475905555232
1325,0.5338691251340012,0.9547001315691453,0.42083100643514415,"Hajek(recency=5.0,delta=0.20)",Hajek,5.0,0.2,10,20,169,10000,,yes,0.035,0.9111475905555232
1326,0.5429230298939328,0.9597501563900963,0.4168271264961635,"Hajek(recency=5.0,delta=0.20)",Hajek,5.0,0.2,10,20,169,10000,,yes,0.035,0.9111475905555232
1327,0.5358525111101388,0.959215408140815,0.4233628970306762,"Hajek(recency=5.0,delta=0.20)",Hajek,5.0,0.2,10,20,169,10000,,yes,0.035,0.9111475905555232
1328,0.534831695003545,0.9426880922090597,0.4078563972055147,"Hajek(recency=5.0,delta=0.20)",Hajek,5.0,0.2,10,20,169,10000,,yes,0.035,0.9111475905555232
1329,0.5372988117664009,0.9541558224093808,0.41685701064297986,"Hajek(recency=5.0,delta=0.20)",Hajek,5.0,0.2,10,20,169,10000,,yes,0.035,0.9111475905555232
1330,0.5331358515386755,0.9531971166113447,0.42006126507266917,"Hajek(recency=5.0,delta=0.20)",Hajek,5.0,0.2,10,20,169,10000,,yes,0.035,0.9111475905555232
1331,0.5342144793508613,0.9587376190268777,0.4245231396760164,"Hajek(recency=5.0,delta=0.20)",Hajek,5.0,0.2,10,20,169,10000,,yes,0.035,0.9111475905555232
1332,0.5309267147822178,0.9510257526238594,0.4200990378416416,"Hajek(recency=5.0,delta=0.20)",Hajek,5.0,0.2,10,20,169,10000,,yes,0.035,0.9111475905555232
1333,0.5377580118873545,0.9644692283554556,0.42671121646810106,"Hajek(recency=5.0,delta=0.20)",Hajek,5.0,0.2,10,20,169,10000,,yes,0.035,0.9111475905555232
1334,0.5354757186101538,0.9564998248243732,0.4210241062142195,"Hajek(recency=5.0,delta=0.20)",Hajek,5.0,0.2,10,20,169,10000,,yes,0.035,0.9111475905555232
1335,0.5370864900541279,0.9618652447275032,0.42477875467337534,"Hajek(recency=5.0,delta=0.20)",Hajek,5.0,0.2,10,20,169,10000,,yes,0.035,0.9111475905555232
1336,0.5423316506229675,0.9678349700156368,0.4255033193926693,"Hajek(recency=5.0,delta=0.20)",Hajek,5.0,0.2,10,20,169,10000,,yes,0.035,0.9111475905555232
1337,0.5368606136365037,0.9426117650835885,0.40575115144708473,"Hajek(recency=5.0,delta=0.20)",Hajek,5.0,0.2,10,20,169,10000,,yes,0.035,0.9111475905555232
1338,0.5379423696057389,0.9603381148818331,0.42239574527609414,"Hajek(recency=5.0,delta=0.20)",Hajek,5.0,0.2,10,20,169,10000,,yes,0.035,0.9111475905555232
1339,0.5367838317014028,0.9564781808186641,0.41969434911726133,"Hajek(recency=5.0,delta=0.20)",Hajek,5.0,0.2,10,20,169,10000,,yes,0.035,0.9111475905555232
1340,0.5357118026461748,0.957736207087846,0.4220244044416712,"Hajek(recency=5.0,delta=0.20)",Hajek,5.0,0.2,10,20,169,10000,,yes,0.035,0.9111475905555232
1341,0.5365629802536842,0.9604374183992029,0.42387443814551873,"Hajek(recency=5.0,delta=0.20)",Hajek,5.0,0.2,10,20,169,10000,,yes,0.035,0.9111475905555232
1342,0.535979805145323,0.9677680485946496,0.43178824344932665,"Hajek(recency=5.0,delta=0.20)",Hajek,5.0,0.2,10,20,169,10000,,yes,0.035,0.9111475905555232
1343,0.5362436041783631,0.9647036610417213,0.4284600568633582,"Hajek(recency=5.0,delta=0.20)",Hajek,5.0,0.2,10,20,169,10000,,yes,0.035,0.9111475905555232
1344,0.5372011979676554,0.9584335465270489,0.4212323485593935,"Hajek(recency=5.0,delta=0.20)",Hajek,5.0,0.2,10,20,169,10000,,yes,0.035,0.9111475905555232
1345,0.5380627628048339,0.9652398862577384,0.4271771234529045,"Hajek(recency=5.0,delta=0.20)",Hajek,5.0,0.2,10,20,169,10000,,yes,0.035,0.9111475905555232
1346,0.5378885862065896,0.9581713806393872,0.4202827944327976,"Hajek(recency=5.0,delta=0.20)",Hajek,5.0,0.2,10,20,169,10000,,yes,0.035,0.9111475905555232
1347,0.537798637919037,0.9555036333207951,0.4177049954017581,"Hajek(recency=5.0,delta=0.20)",Hajek,5.0,0.2,10,20,169,10000,,yes,0.035,0.9111475905555232
1348,0.5371276319088543,0.9488830317475726,0.41175539983871834,"Hajek(recency=5.0,delta=0.20)",Hajek,5.0,0.2,10,20,169,10000,,yes,0.035,0.9111475905555232
1349,0.5380208948038654,0.9666216831053279,0.42860078830146253,"Hajek(recency=5.0,delta=0.20)",Hajek,5.0,0.2,10,20,169,10000,,yes,0.035,0.9111475905555232
1350,0.539192555744007,0.96153662267362,0.4223440669296129,"Hajek(recency=5.0,delta=0.20)",Hajek,5.0,0.2,10,20,169,10000,,yes,0.035,0.9111475905555232
1351,0.5362321832045246,0.9472775315533847,0.4110453483488601,"Hajek(recency=5.0,delta=0.20)",Hajek,5.0,0.2,10,20,169,10000,,yes,0.035,0.9111475905555232
1352,0.5392019156699666,0.9621760721556883,0.4229741564857218,"Hajek(recency=5.0,delta=0.20)",Hajek,5.0,0.2,10,20,169,10000,,yes,0.035,0.9111475905555232
1353,0.5336548161336123,0.9467273935636094,0.41307257742999703,"Hajek(recency=5.0,delta=0.20)",Hajek,5.0,0.2,10,20,169,10000,,yes,0.035,0.9111475905555232
1354,0.5363294401491235,0.9593349602214213,0.42300552007229775,"Hajek(recency=5.0,delta=0.20)",Hajek,5.0,0.2,10,20,169,10000,,yes,0.035,0.9111475905555232
1355,0.5365772172593818,0.9573991580709454,0.42082194081156366,"Hajek(recency=5.0,delta=0.20)",Hajek,5.0,0.2,10,20,169,10000,,yes,0.035,0.9111475905555232
1356,0.5370641347762807,0.9647723342133874,0.4277081994371067,"Hajek(recency=5.0,delta=0.20)",Hajek,5.0,0.2,10,20,169,10000,,yes,0.035,0.9111475905555232
1357,0.5405205296629952,0.9496108261342552,0.40909029647125994,"Hajek(recency=5.0,delta=0.20)",Hajek,5.0,0.2,10,20,169,10000,,yes,0.035,0.9111475905555232
1358,0.5353409007381089,0.9478345172860836,0.4124936165479747,"Hajek(recency=5.0,delta=0.20)",Hajek,5.0,0.2,10,20,169,10000,,yes,0.035,0.9111475905555232
1359,0.5404200602515373,0.9607952678799568,0.4203752076284195,"Hajek(recency=5.0,delta=0.20)",Hajek,5.0,0.2,10,20,169,10000,,yes,0.035,0.9111475905555232
1360,0.5373152146094037,0.952627255463281,0.4153120408538773,"Hajek(recency=5.0,delta=0.20)",Hajek,5.0,0.2,10,20,169,10000,,yes,0.035,0.9111475905555232
1361,0.5378093519710334,0.9472230964616124,0.409413744490579,"Hajek(recency=5.0,delta=0.20)",Hajek,5.0,0.2,10,20,169,10000,,yes,0.035,0.9111475905555232
1362,0.5380629281254931,0.9666602855710553,0.42859735744556227,"Hajek(recency=5.0,delta=0.20)",Hajek,5.0,0.2,10,20,169,10000,,yes,0.035,0.9111475905555232
1363,0.5368307963028363,0.9551948061427478,0.4183640098399115,"Hajek(recency=5.0,delta=0.20)",Hajek,5.0,0.2,10,20,169,10000,,yes,0.035,0.9111475905555232
1364,0.5437805458474361,0.970641244874895,0.42686069902745893,"Hajek(recency=5.0,delta=0.20)",Hajek,5.0,0.2,10,20,169,10000,,yes,0.035,0.9111475905555232
1365,0.5325240267603293,0.9546899121370351,0.42216588537670585,"Hajek(recency=5.0,delta=0.20)",Hajek,5.0,0.2,10,20,169,10000,,yes,0.035,0.9111475905555232
1366,0.540947576940501,0.9696524548476807,0.4287048779071797,"Hajek(recency=5.0,delta=0.20)",Hajek,5.0,0.2,10,20,169,10000,,yes,0.035,0.9111475905555232
1367,0.5307343090421447,0.96587312694639,0.43513881790424536,"Hajek(recency=5.0,delta=0.20)",Hajek,5.0,0.2,10,20,169,10000,,yes,0.035,0.9111475905555232
1368,0.5349838665843525,0.9576804456134501,0.42269657902909763,"Hajek(recency=5.0,delta=0.20)",Hajek,5.0,0.2,10,20,169,10000,,yes,0.035,0.9111475905555232
1369,0.5412380930690499,0.9564902320529588,0.4152521389839089,"Hajek(recency=5.0,delta=0.20)",Hajek,5.0,0.2,10,20,169,10000,,yes,0.035,0.9111475905555232
1370,0.5435284913963416,0.9665471680619796,0.42301867666563797,"Hajek(recency=5.0,delta=0.20)",Hajek,5.0,0.2,10,20,169,10000,,yes,0.035,0.9111475905555232
1371,0.538776877045627,0.9699912909506598,0.4312144139050328,"Hajek(recency=5.0,delta=0.20)",Hajek,5.0,0.2,10,20,169,10000,,yes,0.035,0.9111475905555232
1372,0.5376006708576335,0.953655154638792,0.4160544837811585,"Hajek(recency=5.0,delta=0.20)",Hajek,5.0,0.2,10,20,169,10000,,yes,0.035,0.9111475905555232
1373,0.5335652553134546,0.9579501792441782,0.4243849239307237,"Hajek(recency=5.0,delta=0.20)",Hajek,5.0,0.2,10,20,169,10000,,yes,0.035,0.9111475905555232
1374,0.5390902055119732,0.9583035873596587,0.41921338184768553,"Hajek(recency=5.0,delta=0.20)",Hajek,5.0,0.2,10,20,169,10000,,yes,0.035,0.9111475905555232
1375,0.5381129585966131,0.9612214735831398,0.4231085149865267,"Hajek(recency=5.0,delta=0.20)",Hajek,5.0,0.2,10,20,169,10000,,yes,0.035,0.9111475905555232
1376,0.540594870705719,0.957241021529811,0.41664615082409207,"Hajek(recency=5.0,delta=0.20)",Hajek,5.0,0.2,10,20,169,10000,,yes,0.035,0.9111475905555232
1377,0.5342654569905487,0.9680895171815214,0.43382406019097264,"Hajek(recency=5.0,delta=0.20)",Hajek,5.0,0.2,10,20,169,10000,,yes,0.035,0.9111475905555232
1378,0.5315296021596873,0.9639233681532653,0.43239376599357804,"Hajek(recency=5.0,delta=0.20)",Hajek,5.0,0.2,10,20,169,10000,,yes,0.035,0.9111475905555232
1379,0.5389786368837136,0.9587702651827921,0.41979162829907846,"Hajek(recency=5.0,delta=0.20)",Hajek,5.0,0.2,10,20,169,10000,,yes,0.035,0.9111475905555232
1380,0.5357859916573185,0.9682491302823607,0.43246313862504215,"Hajek(recency=5.0,delta=0.20)",Hajek,5.0,0.2,10,20,169,10000,,yes,0.035,0.9111475905555232
1381,0.5376044218987276,0.9535426072555546,0.41593818535682703,"Hajek(recency=5.0,delta=0.20)",Hajek,5.0,0.2,10,20,169,10000,,yes,0.035,0.9111475905555232
1382,0.5374694491289141,0.9565250628471806,0.4190556137182665,"Hajek(recency=5.0,delta=0.20)",Hajek,5.0,0.2,10,20,169,10000,,yes,0.035,0.9111475905555232
1383,0.5387035156141023,0.9625229167000047,0.4238194010859023,"Hajek(recency=5.0,delta=0.20)",Hajek,5.0,0.2,10,20,169,10000,,yes,0.035,0.9111475905555232
1384,0.5346226737736451,0.9486373123804251,0.41401463860678,"Hajek(recency=5.0,delta=0.20)",Hajek,5.0,0.2,10,20,169,10000,,yes,0.035,0.9111475905555232
1385,0.5392570989825852,0.9664670728146071,0.42720997383202186,"Hajek(recency=5.0,delta=0.20)",Hajek,5.0,0.2,10,20,169,10000,,yes,0.035,0.9111475905555232
1386,0.535703102208489,0.9592592205767433,0.42355611836825424,"Hajek(recency=5.0,delta=0.20)",Hajek,5.0,0.2,10,20,169,10000,,yes,0.035,0.9111475905555232
1387,0.5345456551589614,0.9602856648391047,0.42574000968014336,"Hajek(recency=5.0,delta=0.20)",Hajek,5.0,0.2,10,20,169,10000,,yes,0.035,0.9111475905555232
1388,0.5380608770040085,0.9583320752741212,0.4202711982701127,"Hajek(recency=5.0,delta=0.20)",Hajek,5.0,0.2,10,20,169,10000,,yes,0.035,0.9111475905555232
1389,0.5388900300288565,0.9555881690580111,0.41669813902915465,"Hajek(recency=5.0,delta=0.20)",Hajek,5.0,0.2,10,20,169,10000,,yes,0.035,0.9111475905555232
1390,0.5354718335422205,0.9492352349825097,0.4137634014402892,"Hajek(recency=5.0,delta=0.20)",Hajek,5.0,0.2,10,20,169,10000,,yes,0.035,0.9111475905555232
1391,0.5355933288589119,0.9643042232769657,0.4287108944180539,"Hajek(recency=5.0,delta=0.20)",Hajek,5.0,0.2,10,20,169,10000,,yes,0.035,0.9111475905555232
1392,0.5382549455499887,0.9641627397618031,0.42590779421181446,"Hajek(recency=5.0,delta=0.20)",Hajek,5.0,0.2,10,20,169,10000,,yes,0.035,0.9111475905555232
1393,0.5388841369981793,0.9473017605069022,0.4084176235087229,"Hajek(recency=5.0,delta=0.20)",Hajek,5.0,0.2,10,20,169,10000,,yes,0.035,0.9111475905555232
1394,0.5397569904144753,0.9640323745447091,0.4242753841302338,"Hajek(recency=5.0,delta=0.20)",Hajek,5.0,0.2,10,20,169,10000,,yes,0.035,0.9111475905555232
1395,0.5381365212972417,0.9696151503830073,0.4314786290857656,"Hajek(recency=5.0,delta=0.20)",Hajek,5.0,0.2,10,20,169,10000,,yes,0.035,0.9111475905555232
1396,0.5378716331529939,0.9597887171577761,0.42191708400478223,"Hajek(recency=5.0,delta=0.20)",Hajek,5.0,0.2,10,20,169,10000,,yes,0.035,0.9111475905555232
1397,0.5399279909124034,0.9631671567670448,0.4232391658546414,"Hajek(recency=5.0,delta=0.20)",Hajek,5.0,0.2,10,20,169,10000,,yes,0.035,0.9111475905555232
1398,0.5360772367533677,0.9665847517116439,0.4305075149582762,"Hajek(recency=5.0,delta=0.20)",Hajek,5.0,0.2,10,20,169,10000,,yes,0.035,0.9111475905555232
1399,0.536640443224344,0.9515739201185879,0.41493347689424387,"Hajek(recency=5.0,delta=0.20)",Hajek,5.0,0.2,10,20,169,10000,,yes,0.035,0.9111475905555232
1400,0.541004061872231,0.9582230449689298,0.4172189830966988,"Hajek(recency=5.0,delta=0.20)",Hajek,5.0,0.2,10,20,169,10000,,yes,0.035,0.9111475905555232
1401,0.5408244921407372,0.9601971491343166,0.4193726569935794,"Hajek(recency=5.0,delta=0.20)",Hajek,5.0,0.2,10,20,169,10000,,yes,0.035,0.9111475905555232
1402,0.5366934843959742,0.9656109910925731,0.4289175066965989,"Hajek(recency=5.0,delta=0.20)",Hajek,5.0,0.2,10,20,169,10000,,yes,0.035,0.9111475905555232
1403,0.5388173926026901,0.9684277298504305,0.42961033724774034,"Hajek(recency=5.0,delta=0.20)",Hajek,5.0,0.2,10,20,169,10000,,yes,0.035,0.9111475905555232
1404,0.5336667945756771,0.9486546338134009,0.41498783923772375,"Hajek(recency=5.0,delta=0.20)",Hajek,5.0,0.2,10,20,169,10000,,yes,0.035,0.9111475905555232
1405,0.5328679695476082,0.9709461223443876,0.4380781527967794,"Hajek(recency=5.0,delta=0.20)",Hajek,5.0,0.2,10,20,169,10000,,yes,0.035,0.9111475905555232
1406,0.5334413028898628,0.9620469508190311,0.42860564792916833,"Hajek(recency=5.0,delta=0.20)",Hajek,5.0,0.2,10,20,169,10000,,yes,0.035,0.9111475905555232
1407,0.533907251359335,0.9536615496009376,0.4197542982416026,"Hajek(recency=5.0,delta=0.20)",Hajek,5.0,0.2,10,20,169,10000,,yes,0.035,0.9111475905555232
1408,0.5372318681267748,0.9587749149580646,0.42154304683128974,"Hajek(recency=5.0,delta=0.20)",Hajek,5.0,0.2,10,20,169,10000,,yes,0.035,0.9111475905555232
1409,0.5385914273300717,0.9584040802323016,0.4198126529022299,"Hajek(recency=5.0,delta=0.20)",Hajek,5.0,0.2,10,20,169,10000,,yes,0.035,0.9111475905555232
1410,0.5400219791657714,0.9705581649600905,0.43053618579431907,"Hajek(recency=5.0,delta=0.20)",Hajek,5.0,0.2,10,20,169,10000,,yes,0.035,0.9111475905555232
1411,0.543125824021053,0.965921802299941,0.42279597827888793,"Hajek(recency=5.0,delta=0.20)",Hajek,5.0,0.2,10,20,169,10000,,yes,0.035,0.9111475905555232
1412,0.5370506791845958,0.9596248094547557,0.4225741302701599,"Hajek(recency=5.0,delta=0.20)",Hajek,5.0,0.2,10,20,169,10000,,yes,0.035,0.9111475905555232
1413,0.5409459642581685,0.9584775093709514,0.4175315451127829,"Hajek(recency=5.0,delta=0.20)",Hajek,5.0,0.2,10,20,169,10000,,yes,0.035,0.9111475905555232
1414,0.5444506829841499,0.9601301736856912,0.4156794907015413,"Hajek(recency=5.0,delta=0.20)",Hajek,5.0,0.2,10,20,169,10000,,yes,0.035,0.9111475905555232
1415,0.5393804469125667,0.9511180203904779,0.4117375734779112,"Hajek(recency=5.0,delta=0.20)",Hajek,5.0,0.2,10,20,169,10000,,yes,0.035,0.9111475905555232
1416,0.5401742359568641,0.9667998927793766,0.4266256568225125,"Hajek(recency=5.0,delta=0.20)",Hajek,5.0,0.2,10,20,169,10000,,yes,0.035,0.9111475905555232
1417,0.5370428010379638,0.9588976389387381,0.4218548379007744,"Hajek(recency=5.0,delta=0.20)",Hajek,5.0,0.2,10,20,169,10000,,yes,0.035,0.9111475905555232
1418,0.5394140571490951,0.9621953764974656,0.4227813193483705,"Hajek(recency=5.0,delta=0.20)",Hajek,5.0,0.2,10,20,169,10000,,yes,0.035,0.9111475905555232
1419,0.5374986480140744,0.9655375805233702,0.4280389325092958,"Hajek(recency=5.0,delta=0.20)",Hajek,5.0,0.2,10,20,169,10000,,yes,0.035,0.9111475905555232
1420,0.5337531980696953,0.965101623865809,0.43134842579611365,"Hajek(recency=5.0,delta=0.20)",Hajek,5.0,0.2,10,20,169,10000,,yes,0.035,0.9111475905555232
1421,0.5376721785280628,0.9735050978072073,0.43583291927914447,"Hajek(recency=5.0,delta=0.20)",Hajek,5.0,0.2,10,20,169,10000,,yes,0.035,0.9111475905555232
1422,0.5375772375650116,0.957964516093972,0.4203872785289604,"Hajek(recency=5.0,delta=0.20)",Hajek,5.0,0.2,10,20,169,10000,,yes,0.035,0.9111475905555232
1423,0.5387901593935652,0.9668576941795376,0.42806753478597237,"Hajek(recency=5.0,delta=0.20)",Hajek,5.0,0.2,10,20,169,10000,,yes,0.035,0.9111475905555232
1424,0.5393924405405238,0.9639543360251431,0.4245618954846193,"Hajek(recency=5.0,delta=0.20)",Hajek,5.0,0.2,10,20,169,10000,,yes,0.035,0.9111475905555232
1425,0.53572965380268,0.9604814204368669,0.4247517666341869,"Hajek(recency=5.0,delta=0.20)",Hajek,5.0,0.2,10,20,169,10000,,yes,0.035,0.9111475905555232
1426,0.539720903031961,0.9587249438831842,0.4190040408512232,"Hajek(recency=5.0,delta=0.20)",Hajek,5.0,0.2,10,20,169,10000,,yes,0.035,0.9111475905555232
1427,0.5292455914176214,0.9542698156534795,0.42502422423585806,"Hajek(recency=5.0,delta=0.20)",Hajek,5.0,0.2,10,20,169,10000,,yes,0.035,0.9111475905555232
1428,0.5388984835687698,0.9623512731783399,0.4234527896095701,"Hajek(recency=5.0,delta=0.20)",Hajek,5.0,0.2,10,20,169,10000,,yes,0.035,0.9111475905555232
1429,0.5408264466376598,0.9543572272699449,0.4135307806322851,"Hajek(recency=5.0,delta=0.20)",Hajek,5.0,0.2,10,20,169,10000,,yes,0.035,0.9111475905555232
1430,0.5373349428776776,0.9479763585015046,0.41064141562382706,"Hajek(recency=5.0,delta=0.20)",Hajek,5.0,0.2,10,20,169,10000,,yes,0.035,0.9111475905555232
1431,0.54453365499412,0.9658845457152796,0.4213508907211596,"Hajek(recency=5.0,delta=0.20)",Hajek,5.0,0.2,10,20,169,10000,,yes,0.035,0.9111475905555232
1432,0.5393602125617852,0.958123291006101,0.4187630784443158,"Hajek(recency=5.0,delta=0.20)",Hajek,5.0,0.2,10,20,169,10000,,yes,0.035,0.9111475905555232
1433,0.5354256064617946,0.9609915466567396,0.425565940194945,"Hajek(recency=5.0,delta=0.20)",Hajek,5.0,0.2,10,20,169,10000,,yes,0.035,0.9111475905555232
1434,0.5421363184074773,0.9557381899041022,0.41360187149662486,"Hajek(recency=5.0,delta=0.20)",Hajek,5.0,0.2,10,20,169,10000,,yes,0.035,0.9111475905555232
1435,0.54155045015772,0.9625717238406222,0.4210212736829022,"Hajek(recency=5.0,delta=0.20)",Hajek,5.0,0.2,10,20,169,10000,,yes,0.035,0.9111475905555232
1436,0.5370320484271207,0.9640476246864048,0.4270155762592841,"Hajek(recency=5.0,delta=0.20)",Hajek,5.0,0.2,10,20,169,10000,,yes,0.035,0.9111475905555232
1437,0.536774721541853,0.9592614543864569,0.4224867328446039,"Hajek(recency=5.0,delta=0.20)",Hajek,5.0,0.2,10,20,169,10000,,yes,0.035,0.9111475905555232
1438,0.5391916647824123,0.9674577771187072,0.42826611233629486,"Hajek(recency=5.0,delta=0.20)",Hajek,5.0,0.2,10,20,169,10000,,yes,0.035,0.9111475905555232
1439,0.5317941058554585,0.9616385998281483,0.42984449397268976,"Hajek(recency=5.0,delta=0.20)",Hajek,5.0,0.2,10,20,169,10000,,yes,0.035,0.9111475905555232
1440,0.5339689545540445,0.9561338342732912,0.42216487971924677,"Hajek(recency=5.0,delta=0.20)",Hajek,5.0,0.2,10,20,169,10000,,yes,0.035,0.9111475905555232
1441,0.5410816455725385,0.9692370595660593,0.42815541399352086,"Hajek(recency=5.0,delta=0.20)",Hajek,5.0,0.2,10,20,169,10000,,yes,0.035,0.9111475905555232
1442,0.5357084881132163,0.9484764663735648,0.4127679782603485,"Hajek(recency=5.0,delta=0.20)",Hajek,5.0,0.2,10,20,169,10000,,yes,0.035,0.9111475905555232
1443,0.5433828952002537,0.9508371496048719,0.40745425440461813,"Hajek(recency=5.0,delta=0.20)",Hajek,5.0,0.2,10,20,169,10000,,yes,0.035,0.9111475905555232
1444,0.5404566573684186,0.9529384887202917,0.4124818313518731,"Hajek(recency=5.0,delta=0.20)",Hajek,5.0,0.2,10,20,169,10000,,yes,0.035,0.9111475905555232
1445,0.541072952247702,0.9662601933284377,0.4251872410807357,"Hajek(recency=5.0,delta=0.20)",Hajek,5.0,0.2,10,20,169,10000,,yes,0.035,0.9111475905555232
1446,0.5370464526223162,0.9552502587802104,0.4182038061578942,"Hajek(recency=5.0,delta=0.20)",Hajek,5.0,0.2,10,20,169,10000,,yes,0.035,0.9111475905555232
1447,0.534869295547724,0.9708066208855575,0.43593732533783347,"Hajek(recency=5.0,delta=0.20)",Hajek,5.0,0.2,10,20,169,10000,,yes,0.035,0.9111475905555232
1448,0.5299151690694375,0.967995780928043,0.4380806118586055,"Hajek(recency=5.0,delta=0.20)",Hajek,5.0,0.2,10,20,169,10000,,yes,0.035,0.9111475905555232
1449,0.5388560531125798,0.9581133669716312,0.4192573138590514,"Hajek(recency=5.0,delta=0.20)",Hajek,5.0,0.2,10,20,169,10000,,yes,0.035,0.9111475905555232
1450,0.5394429669811306,0.959938065132591,0.42049509815146036,"Hajek(recency=5.0,delta=0.20)",Hajek,5.0,0.2,10,20,169,10000,,yes,0.035,0.9111475905555232
1451,0.5384367036795565,0.9650908403048112,0.42665413662525464,"Hajek(recency=5.0,delta=0.20)",Hajek,5.0,0.2,10,20,169,10000,,yes,0.035,0.9111475905555232
1452,0.5395212199284463,0.9639404414268536,0.4244192214984074,"Hajek(recency=5.0,delta=0.20)",Hajek,5.0,0.2,10,20,169,10000,,yes,0.035,0.9111475905555232
1453,0.5352158800363165,0.9607252955932052,0.4255094155568887,"Hajek(recency=5.0,delta=0.20)",Hajek,5.0,0.2,10,20,169,10000,,yes,0.035,0.9111475905555232
1454,0.5375910780064157,0.9628634162823168,0.42527233827590105,"Hajek(recency=5.0,delta=0.20)",Hajek,5.0,0.2,10,20,169,10000,,yes,0.035,0.9111475905555232
1455,0.5409165383108175,0.952682510222485,0.4117659719116674,"Hajek(recency=5.0,delta=0.20)",Hajek,5.0,0.2,10,20,169,10000,,yes,0.035,0.9111475905555232
1456,0.5417940697581322,0.9614492669623154,0.4196551972041832,"Hajek(recency=5.0,delta=0.20)",Hajek,5.0,0.2,10,20,169,10000,,yes,0.035,0.9111475905555232
1457,0.5369719355248301,0.9564706676304692,0.41949873210563904,"Hajek(recency=5.0,delta=0.20)",Hajek,5.0,0.2,10,20,169,10000,,yes,0.035,0.9111475905555232
1458,0.5368127548629543,0.9597754116346685,0.4229626567717142,"Hajek(recency=5.0,delta=0.20)",Hajek,5.0,0.2,10,20,169,10000,,yes,0.035,0.9111475905555232
1459,0.5402979793205682,0.9612737802521357,0.4209758009315675,"Hajek(recency=5.0,delta=0.20)",Hajek,5.0,0.2,10,20,169,10000,,yes,0.035,0.9111475905555232
1460,0.5337569148293609,0.9633913754063849,0.4296344605770239,"Hajek(recency=5.0,delta=0.20)",Hajek,5.0,0.2,10,20,169,10000,,yes,0.035,0.9111475905555232
1461,0.5378292968750933,0.9577940121716362,0.4199647152965429,"Hajek(recency=5.0,delta=0.20)",Hajek,5.0,0.2,10,20,169,10000,,yes,0.035,0.9111475905555232
1462,0.5411297078949968,0.9520539089050043,0.4109242010100075,"Hajek(recency=5.0,delta=0.20)",Hajek,5.0,0.2,10,20,169,10000,,yes,0.035,0.9111475905555232
1463,0.537977351157059,0.9649536749108341,0.42697632375377503,"Hajek(recency=5.0,delta=0.20)",Hajek,5.0,0.2,10,20,169,10000,,yes,0.035,0.9111475905555232
1464,0.5416042675005741,0.9637470640518717,0.4221427965512976,"Hajek(recency=5.0,delta=0.20)",Hajek,5.0,0.2,10,20,169,10000,,yes,0.035,0.9111475905555232
1465,0.5367743116892336,0.9591723434832687,0.4223980317940351,"Hajek(recency=5.0,delta=0.20)",Hajek,5.0,0.2,10,20,169,10000,,yes,0.035,0.9111475905555232
1466,0.5380753059082192,0.976647232444576,0.4385719265363568,"Hajek(recency=5.0,delta=0.20)",Hajek,5.0,0.2,10,20,169,10000,,yes,0.035,0.9111475905555232
1467,0.5361759872931696,0.9619390354163032,0.4257630481231336,"Hajek(recency=5.0,delta=0.20)",Hajek,5.0,0.2,10,20,169,10000,,yes,0.035,0.9111475905555232
1468,0.5368254363334051,0.9667958993616025,0.4299704630281974,"Hajek(recency=5.0,delta=0.20)",Hajek,5.0,0.2,10,20,169,10000,,yes,0.035,0.9111475905555232
1469,0.5384574061496911,0.9648217549379308,0.4263643487882397,"Hajek(recency=5.0,delta=0.20)",Hajek,5.0,0.2,10,20,169,10000,,yes,0.035,0.9111475905555232
1470,0.5348267145672218,0.9674523742197061,0.43262565965248434,"Hajek(recency=5.0,delta=0.20)",Hajek,5.0,0.2,10,20,169,10000,,yes,0.035,0.9111475905555232
1471,0.5389308305035013,0.96274815088053,0.4238173203770287,"Hajek(recency=5.0,delta=0.20)",Hajek,5.0,0.2,10,20,169,10000,,yes,0.035,0.9111475905555232
1472,0.5337578521542273,0.9409858485943624,0.4072279964401351,"Hajek(recency=5.0,delta=0.20)",Hajek,5.0,0.2,10,20,169,10000,,yes,0.035,0.9111475905555232
1473,0.5366764669284619,0.9604357534794451,0.42375928655098316,"Hajek(recency=5.0,delta=0.20)",Hajek,5.0,0.2,10,20,169,10000,,yes,0.035,0.9111475905555232
1474,0.5405697900638283,0.9638895899438874,0.4233197998800591,"Hajek(recency=5.0,delta=0.20)",Hajek,5.0,0.2,10,20,169,10000,,yes,0.035,0.9111475905555232
1475,0.5417448351294556,0.9532414598764958,0.4114966247470402,"Hajek(recency=5.0,delta=0.20)",Hajek,5.0,0.2,10,20,169,10000,,yes,0.035,0.9111475905555232
1476,0.535831595385005,0.9681350469172342,0.43230345153222915,"Hajek(recency=5.0,delta=0.20)",Hajek,5.0,0.2,10,20,169,10000,,yes,0.035,0.9111475905555232
1477,0.5398591289508515,0.9581575882038286,0.41829845925297704,"Hajek(recency=5.0,delta=0.20)",Hajek,5.0,0.2,10,20,169,10000,,yes,0.035,0.9111475905555232
1478,0.5440688680068245,0.9711484856441174,0.42707961763729285,"Hajek(recency=5.0,delta=0.20)",Hajek,5.0,0.2,10,20,169,10000,,yes,0.035,0.9111475905555232
1479,0.5406433271316031,0.9607843315946323,0.42014100446302916,"Hajek(recency=5.0,delta=0.20)",Hajek,5.0,0.2,10,20,169,10000,,yes,0.035,0.9111475905555232
1480,0.5343238611462632,0.9558742127447487,0.42155035159848553,"Hajek(recency=5.0,delta=0.20)",Hajek,5.0,0.2,10,20,169,10000,,yes,0.035,0.9111475905555232
1481,0.5397478716817196,0.9567909424560941,0.4170430707743745,"Hajek(recency=5.0,delta=0.20)",Hajek,5.0,0.2,10,20,169,10000,,yes,0.035,0.9111475905555232
1482,0.5333177707858163,0.9601499522734702,0.4268321814876539,"Hajek(recency=5.0,delta=0.20)",Hajek,5.0,0.2,10,20,169,10000,,yes,0.035,0.9111475905555232
1483,0.5400290776946746,0.9700299632363898,0.4300008855417152,"Hajek(recency=5.0,delta=0.20)",Hajek,5.0,0.2,10,20,169,10000,,yes,0.035,0.9111475905555232
1484,0.5387688294491444,0.9579541817399368,0.41918535229079246,"Hajek(recency=5.0,delta=0.20)",Hajek,5.0,0.2,10,20,169,10000,,yes,0.035,0.9111475905555232
1485,0.5376874123681693,0.9516374154925179,0.4139500031243486,"Hajek(recency=5.0,delta=0.20)",Hajek,5.0,0.2,10,20,169,10000,,yes,0.035,0.9111475905555232
1486,0.5348502308831625,0.9612147573857445,0.42636452650258194,"Hajek(recency=5.0,delta=0.20)",Hajek,5.0,0.2,10,20,169,10000,,yes,0.035,0.9111475905555232
1487,0.5375401606708349,0.9538155881347737,0.41627542746393886,"Hajek(recency=5.0,delta=0.20)",Hajek,5.0,0.2,10,20,169,10000,,yes,0.035,0.9111475905555232
1488,0.537825855788516,0.9579772828401002,0.42015142705158415,"Hajek(recency=5.0,delta=0.20)",Hajek,5.0,0.2,10,20,169,10000,,yes,0.035,0.9111475905555232
1489,0.5356647876446234,0.9618334745892614,0.42616868694463794,"Hajek(recency=5.0,delta=0.20)",Hajek,5.0,0.2,10,20,169,10000,,yes,0.035,0.9111475905555232
1490,0.5359372263391832,0.9666329462447765,0.4306957199055933,"Hajek(recency=5.0,delta=0.20)",Hajek,5.0,0.2,10,20,169,10000,,yes,0.035,0.9111475905555232
1491,0.5377345631508987,0.9513251315110312,0.4135905683601324,"Hajek(recency=5.0,delta=0.20)",Hajek,5.0,0.2,10,20,169,10000,,yes,0.035,0.9111475905555232
1492,0.5350683378942824,0.9512276573316674,0.41615931943738493,"Hajek(recency=5.0,delta=0.20)",Hajek,5.0,0.2,10,20,169,10000,,yes,0.035,0.9111475905555232
1493,0.5353951996393982,0.955823072552203,0.4204278729128048,"Hajek(recency=5.0,delta=0.20)",Hajek,5.0,0.2,10,20,169,10000,,yes,0.035,0.9111475905555232
1494,0.5411251649437028,0.9456968718081217,0.4045717068644189,"Hajek(recency=5.0,delta=0.20)",Hajek,5.0,0.2,10,20,169,10000,,yes,0.035,0.9111475905555232
1495,0.5351494593708278,0.9585041206617492,0.42335466129092136,"Hajek(recency=5.0,delta=0.20)",Hajek,5.0,0.2,10,20,169,10000,,yes,0.035,0.9111475905555232
1496,0.5407273923040815,0.9519921450013548,0.41126475269727325,"Hajek(recency=5.0,delta=0.20)",Hajek,5.0,0.2,10,20,169,10000,,yes,0.035,0.9111475905555232
1497,0.5387104129634825,0.9566601096819151,0.4179496967184325,"Hajek(recency=5.0,delta=0.20)",Hajek,5.0,0.2,10,20,169,10000,,yes,0.035,0.9111475905555232
1498,0.5314074782435724,0.9444786172406487,0.41307113899707637,"Hajek(recency=5.0,delta=0.20)",Hajek,5.0,0.2,10,20,169,10000,,yes,0.035,0.9111475905555232
1499,0.5372010329059729,0.952108919251123,0.4149078863451501,"Hajek(recency=5.0,delta=0.20)",Hajek,5.0,0.2,10,20,169,10000,,yes,0.035,0.9111475905555232
1500,0.5378936885940987,0.9489875795891345,0.4110938909950358,"Hajek(recency=5.0,delta=0.20)",Hajek,5.0,0.2,10,20,169,10000,,yes,0.035,0.9111475905555232
1501,0.5316957461759912,0.9719951498647122,0.440299403688721,"Hajek(recency=5.0,delta=0.20)",Hajek,5.0,0.2,10,20,169,10000,,yes,0.035,0.9111475905555232
1502,0.5356066631278706,0.9611157888150884,0.42550912568721777,"Hajek(recency=5.0,delta=0.20)",Hajek,5.0,0.2,10,20,169,10000,,yes,0.035,0.9111475905555232
1503,0.5408622472507095,0.9675250009989586,0.426662753748249,"Hajek(recency=5.0,delta=0.20)",Hajek,5.0,0.2,10,20,169,10000,,yes,0.035,0.9111475905555232
1504,0.536438647748203,0.9558469507969714,0.4194083030487683,"Hajek(recency=5.0,delta=0.20)",Hajek,5.0,0.2,10,20,169,10000,,yes,0.035,0.9111475905555232
1505,0.5432849507332651,0.9556547775304357,0.4123698267971706,"Hajek(recency=5.0,delta=0.20)",Hajek,5.0,0.2,10,20,169,10000,,yes,0.035,0.9111475905555232
1506,0.5377474320966349,0.9699354070098497,0.4321879749132148,"Hajek(recency=5.0,delta=0.20)",Hajek,5.0,0.2,10,20,169,10000,,yes,0.035,0.9111475905555232
1507,0.5373229893612926,0.9509152548286474,0.4135922654673547,"Hajek(recency=5.0,delta=0.20)",Hajek,5.0,0.2,10,20,169,10000,,yes,0.035,0.9111475905555232
1508,0.5396446208447702,0.9524341560267016,0.4127895351819314,"Hajek(recency=5.0,delta=0.20)",Hajek,5.0,0.2,10,20,169,10000,,yes,0.035,0.9111475905555232
1509,0.5376962837096245,0.9554259143851399,0.4177296306755154,"Hajek(recency=5.0,delta=0.20)",Hajek,5.0,0.2,10,20,169,10000,,yes,0.035,0.9111475905555232
1510,0.5390880073182517,0.955192218987289,0.4161042116690373,"Hajek(recency=5.0,delta=0.20)",Hajek,5.0,0.2,10,20,169,10000,,yes,0.035,0.9111475905555232
1511,0.5403559976296197,0.9626275429070417,0.42227154527742194,"Hajek(recency=5.0,delta=0.20)",Hajek,5.0,0.2,10,20,169,10000,,yes,0.035,0.9111475905555232
1512,0.5381503388460006,0.9721469874997606,0.43399664865376,"Hajek(recency=5.0,delta=0.20)",Hajek,5.0,0.2,10,20,169,10000,,yes,0.035,0.9111475905555232
1513,0.5396318341219984,0.9564151771589657,0.4167833430369673,"Hajek(recency=5.0,delta=0.20)",Hajek,5.0,0.2,10,20,169,10000,,yes,0.035,0.9111475905555232
1514,0.5416245528191991,0.9652451404754723,0.4236205876562732,"Hajek(recency=5.0,delta=0.20)",Hajek,5.0,0.2,10,20,169,10000,,yes,0.035,0.9111475905555232
1515,0.5370917129082048,0.9639337053696844,0.4268419924614796,"Hajek(recency=5.0,delta=0.20)",Hajek,5.0,0.2,10,20,169,10000,,yes,0.035,0.9111475905555232
1516,0.5368163452081882,0.9643731046654307,0.4275567594572425,"Hajek(recency=5.0,delta=0.20)",Hajek,5.0,0.2,10,20,169,10000,,yes,0.035,0.9111475905555232
1517,0.5373524342512273,0.9512612814071519,0.4139088471559247,"Hajek(recency=5.0,delta=0.20)",Hajek,5.0,0.2,10,20,169,10000,,yes,0.035,0.9111475905555232
1518,0.5404059700832988,0.9592324631141935,0.4188264930308947,"Hajek(recency=5.0,delta=0.20)",Hajek,5.0,0.2,10,20,169,10000,,yes,0.035,0.9111475905555232
1519,0.5396585974260294,0.9800274031077231,0.4403688056816937,"Hajek(recency=5.0,delta=0.20)",Hajek,5.0,0.2,10,20,169,10000,,yes,0.035,0.9111475905555232
1520,0.5373514408711252,0.95670101402769,0.41934957315656485,"Hajek(recency=5.0,delta=0.20)",Hajek,5.0,0.2,10,20,169,10000,,yes,0.035,0.9111475905555232
1521,0.5412330348802443,0.9559259570942522,0.4146929222140079,"Hajek(recency=5.0,delta=0.20)",Hajek,5.0,0.2,10,20,169,10000,,yes,0.035,0.9111475905555232
1522,0.5390210143968365,0.9587235532973232,0.4197025389004867,"Hajek(recency=5.0,delta=0.20)",Hajek,5.0,0.2,10,20,169,10000,,yes,0.035,0.9111475905555232
1523,0.5328960993476175,0.9512605424327827,0.4183644430851652,"Hajek(recency=5.0,delta=0.20)",Hajek,5.0,0.2,10,20,169,10000,,yes,0.035,0.9111475905555232
1524,0.5386177182036739,0.9636592148608996,0.4250414966572257,"Hajek(recency=5.0,delta=0.20)",Hajek,5.0,0.2,10,20,169,10000,,yes,0.035,0.9111475905555232
1525,0.5361453318838594,0.972164683996571,0.4360193521127116,"Hajek(recency=5.0,delta=0.20)",Hajek,5.0,0.2,10,20,169,10000,,yes,0.035,0.9111475905555232
1526,0.537445208784635,0.9663596769456407,0.42891446816100576,"Hajek(recency=5.0,delta=0.20)",Hajek,5.0,0.2,10,20,169,10000,,yes,0.035,0.9111475905555232
1527,0.5386884415398429,0.9609348071583476,0.4222463656185047,"Hajek(recency=5.0,delta=0.20)",Hajek,5.0,0.2,10,20,169,10000,,yes,0.035,0.9111475905555232
1528,0.5431524573333444,0.9679307337384687,0.42477827640512433,"Hajek(recency=5.0,delta=0.20)",Hajek,5.0,0.2,10,20,169,10000,,yes,0.035,0.9111475905555232
1529,0.5343819108306874,0.9638399904972702,0.4294580796665828,"Hajek(recency=5.0,delta=0.20)",Hajek,5.0,0.2,10,20,169,10000,,yes,0.035,0.9111475905555232
1530,0.535951108607063,0.9633281330739651,0.4273770244669022,"Hajek(recency=5.0,delta=0.20)",Hajek,5.0,0.2,10,20,169,10000,,yes,0.035,0.9111475905555232
1531,0.5420944358246506,0.9627210502810216,0.42062661445637106,"Hajek(recency=5.0,delta=0.20)",Hajek,5.0,0.2,10,20,169,10000,,yes,0.035,0.9111475905555232
1532,0.542931818343435,0.9579110489498021,0.4149792306063671,"Hajek(recency=5.0,delta=0.20)",Hajek,5.0,0.2,10,20,169,10000,,yes,0.035,0.9111475905555232
1533,0.5357109340108711,0.956864075379003,0.42115314136813187,"Hajek(recency=5.0,delta=0.20)",Hajek,5.0,0.2,10,20,169,10000,,yes,0.035,0.9111475905555232
1534,0.5326810398243347,0.9528188738354042,0.4201378340110695,"Hajek(recency=5.0,delta=0.20)",Hajek,5.0,0.2,10,20,169,10000,,yes,0.035,0.9111475905555232
1535,0.540013682925175,0.9583871606240809,0.41837347769890587,"Hajek(recency=5.0,delta=0.20)",Hajek,5.0,0.2,10,20,169,10000,,yes,0.035,0.9111475905555232
1536,0.542062207692693,0.9576625396654924,0.41560033197279944,"Hajek(recency=5.0,delta=0.20)",Hajek,5.0,0.2,10,20,169,10000,,yes,0.035,0.9111475905555232
1537,0.5334827679233356,0.9670339812982769,0.4335512133749413,"Hajek(recency=5.0,delta=0.20)",Hajek,5.0,0.2,10,20,169,10000,,yes,0.035,0.9111475905555232
1538,0.533044595785392,0.9579528717969344,0.42490827601154246,"Hajek(recency=5.0,delta=0.20)",Hajek,5.0,0.2,10,20,169,10000,,yes,0.035,0.9111475905555232
1539,0.5380866204891764,0.9468009540705467,0.4087143335813702,"Hajek(recency=5.0,delta=0.20)",Hajek,5.0,0.2,10,20,169,10000,,yes,0.035,0.9111475905555232
1540,0.5343575491567556,0.9503727004048498,0.4160151512480942,"Hajek(recency=5.0,delta=0.20)",Hajek,5.0,0.2,10,20,169,10000,,yes,0.035,0.9111475905555232
1541,0.5428077299053019,0.9570880809269101,0.4142803510216082,"Hajek(recency=5.0,delta=0.20)",Hajek,5.0,0.2,10,20,169,10000,,yes,0.035,0.9111475905555232
1542,0.544833398730589,0.9691081601923508,0.4242747614617618,"Hajek(recency=5.0,delta=0.20)",Hajek,5.0,0.2,10,20,169,10000,,yes,0.035,0.9111475905555232
1543,0.538559261899443,0.9510563638685547,0.4124971019691117,"Hajek(recency=5.0,delta=0.20)",Hajek,5.0,0.2,10,20,169,10000,,yes,0.035,0.9111475905555232
1544,0.5320122516356415,0.9477338618159189,0.4157216101802774,"Hajek(recency=5.0,delta=0.20)",Hajek,5.0,0.2,10,20,169,10000,,yes,0.035,0.9111475905555232
1545,0.540074466659461,0.970321953961139,0.43024748730167794,"Hajek(recency=5.0,delta=0.20)",Hajek,5.0,0.2,10,20,169,10000,,yes,0.035,0.9111475905555232
1546,0.5338660552996443,0.9520433368607341,0.4181772815610898,"Hajek(recency=5.0,delta=0.20)",Hajek,5.0,0.2,10,20,169,10000,,yes,0.035,0.9111475905555232
1547,0.5387222519990119,0.9521551629703975,0.41343291097138557,"Hajek(recency=5.0,delta=0.20)",Hajek,5.0,0.2,10,20,169,10000,,yes,0.035,0.9111475905555232
1548,0.5422672252505141,0.9613832775640624,0.4191160523135483,"Hajek(recency=5.0,delta=0.20)",Hajek,5.0,0.2,10,20,169,10000,,yes,0.035,0.9111475905555232
1549,0.5364711307057147,0.9608591271409761,0.42438799643526137,"Hajek(recency=5.0,delta=0.20)",Hajek,5.0,0.2,10,20,169,10000,,yes,0.035,0.9111475905555232
1550,0.535698633508299,0.9627435829460099,0.4270449494377109,"Hajek(recency=5.0,delta=0.20)",Hajek,5.0,0.2,10,20,169,10000,,yes,0.035,0.9111475905555232
1551,0.538176594292726,0.9665213570496046,0.4283447627568786,"Hajek(recency=5.0,delta=0.20)",Hajek,5.0,0.2,10,20,169,10000,,yes,0.035,0.9111475905555232
1552,0.5382061144625214,0.9623503637776887,0.42414424931516725,"Hajek(recency=5.0,delta=0.20)",Hajek,5.0,0.2,10,20,169,10000,,yes,0.035,0.9111475905555232
1553,0.5391961865644037,0.9572039688868738,0.41800778232247005,"Hajek(recency=5.0,delta=0.20)",Hajek,5.0,0.2,10,20,169,10000,,yes,0.035,0.9111475905555232
1554,0.5352146343804074,0.9645839413174973,0.42936930693708986,"Hajek(recency=5.0,delta=0.20)",Hajek,5.0,0.2,10,20,169,10000,,yes,0.035,0.9111475905555232
1555,0.5371426870377751,0.9693825911126832,0.4322399040749081,"Hajek(recency=5.0,delta=0.20)",Hajek,5.0,0.2,10,20,169,10000,,yes,0.035,0.9111475905555232
1556,0.5361796825262133,0.9552459484146663,0.41906626588845297,"Hajek(recency=5.0,delta=0.20)",Hajek,5.0,0.2,10,20,169,10000,,yes,0.035,0.9111475905555232
1557,0.5364392012193719,0.9659152483714138,0.4294760471520419,"Hajek(recency=5.0,delta=0.20)",Hajek,5.0,0.2,10,20,169,10000,,yes,0.035,0.9111475905555232
1558,0.5389646771510653,0.9643108617185645,0.4253461845674992,"Hajek(recency=5.0,delta=0.20)",Hajek,5.0,0.2,10,20,169,10000,,yes,0.035,0.9111475905555232
1559,0.5380081690882753,0.9637358217244202,0.42572765263614487,"Hajek(recency=5.0,delta=0.20)",Hajek,5.0,0.2,10,20,169,10000,,yes,0.035,0.9111475905555232
1560,0.5360800381815135,0.966763271460922,0.4306832332794085,"Hajek(recency=5.0,delta=0.20)",Hajek,5.0,0.2,10,20,169,10000,,yes,0.035,0.9111475905555232
1561,0.5432091155978822,0.9460425301403526,0.40283341454247035,"Hajek(recency=5.0,delta=0.20)",Hajek,5.0,0.2,10,20,169,10000,,yes,0.035,0.9111475905555232
1562,0.5410105006913846,0.9663658170651037,0.42535531637371915,"Hajek(recency=5.0,delta=0.20)",Hajek,5.0,0.2,10,20,169,10000,,yes,0.035,0.9111475905555232
1563,0.5370404989014331,0.9582715741909575,0.4212310752895244,"Hajek(recency=5.0,delta=0.20)",Hajek,5.0,0.2,10,20,169,10000,,yes,0.035,0.9111475905555232
1564,0.537581941535887,0.9604482910524944,0.4228663495166074,"Hajek(recency=5.0,delta=0.20)",Hajek,5.0,0.2,10,20,169,10000,,yes,0.035,0.9111475905555232
1565,0.5363988743727668,0.968770134231571,0.4323712598588042,"Hajek(recency=5.0,delta=0.20)",Hajek,5.0,0.2,10,20,169,10000,,yes,0.035,0.9111475905555232
1566,0.5363309576396188,0.9597208099917214,0.4233898523521026,"Hajek(recency=5.0,delta=0.20)",Hajek,5.0,0.2,10,20,169,10000,,yes,0.035,0.9111475905555232
1567,0.5339400868269419,0.9507403671518393,0.41680028032489735,"Hajek(recency=5.0,delta=0.20)",Hajek,5.0,0.2,10,20,169,10000,,yes,0.035,0.9111475905555232
1568,0.5360502652057857,0.9612388452736457,0.42518858006786,"Hajek(recency=5.0,delta=0.20)",Hajek,5.0,0.2,10,20,169,10000,,yes,0.035,0.9111475905555232
1569,0.5404235537465345,0.967141975680914,0.4267184219343795,"Hajek(recency=5.0,delta=0.20)",Hajek,5.0,0.2,10,20,169,10000,,yes,0.035,0.9111475905555232
1570,0.541545855056638,0.9651693658651276,0.4236235108084896,"Hajek(recency=5.0,delta=0.20)",Hajek,5.0,0.2,10,20,169,10000,,yes,0.035,0.9111475905555232
1571,0.5369142641006024,0.9623365609868567,0.4254222968862543,"Hajek(recency=5.0,delta=0.20)",Hajek,5.0,0.2,10,20,169,10000,,yes,0.035,0.9111475905555232
1572,0.5428942097069209,0.9586723421298035,0.41577813242288253,"Hajek(recency=5.0,delta=0.20)",Hajek,5.0,0.2,10,20,169,10000,,yes,0.035,0.9111475905555232
1573,0.5340323502729389,0.9524106868877881,0.41837833661484913,"Hajek(recency=5.0,delta=0.20)",Hajek,5.0,0.2,10,20,169,10000,,yes,0.035,0.9111475905555232
1574,0.5379503436327491,0.9430419134741579,0.4050915698414088,"Hajek(recency=5.0,delta=0.20)",Hajek,5.0,0.2,10,20,169,10000,,yes,0.035,0.9111475905555232
1575,0.5425834377675334,0.9637882764339883,0.421204838666455,"Hajek(recency=5.0,delta=0.20)",Hajek,5.0,0.2,10,20,169,10000,,yes,0.035,0.9111475905555232
1576,0.5350566846324277,0.964239584478902,0.4291828998464743,"Hajek(recency=5.0,delta=0.20)",Hajek,5.0,0.2,10,20,169,10000,,yes,0.035,0.9111475905555232
1577,0.5402261616784726,0.9570744472228172,0.4168482855443446,"Hajek(recency=5.0,delta=0.20)",Hajek,5.0,0.2,10,20,169,10000,,yes,0.035,0.9111475905555232
1578,0.5358183729379936,0.9613860822223624,0.4255677092843688,"Hajek(recency=5.0,delta=0.20)",Hajek,5.0,0.2,10,20,169,10000,,yes,0.035,0.9111475905555232
1579,0.5339079477631677,0.9505381076784104,0.41663015991524266,"Hajek(recency=5.0,delta=0.20)",Hajek,5.0,0.2,10,20,169,10000,,yes,0.035,0.9111475905555232
1580,0.5343033415928483,0.9579530374599327,0.42364969586708434,"Hajek(recency=5.0,delta=0.20)",Hajek,5.0,0.2,10,20,169,10000,,yes,0.035,0.9111475905555232
1581,0.5323318869091415,0.9526527261034773,0.4203208391943358,"Hajek(recency=5.0,delta=0.20)",Hajek,5.0,0.2,10,20,169,10000,,yes,0.035,0.9111475905555232
1582,0.5344490603523536,0.9503875613516074,0.4159385009992538,"Hajek(recency=5.0,delta=0.20)",Hajek,5.0,0.2,10,20,169,10000,,yes,0.035,0.9111475905555232
1583,0.5360289785298682,0.953989616755584,0.41796063822571583,"Hajek(recency=5.0,delta=0.20)",Hajek,5.0,0.2,10,20,169,10000,,yes,0.035,0.9111475905555232
1584,0.5406900010697638,0.9740386580437106,0.43334865697394676,"Hajek(recency=5.0,delta=0.20)",Hajek,5.0,0.2,10,20,169,10000,,yes,0.035,0.9111475905555232
1585,0.5385618735194562,0.9556259946647496,0.41706412114529345,"Hajek(recency=5.0,delta=0.20)",Hajek,5.0,0.2,10,20,169,10000,,yes,0.035,0.9111475905555232
1586,0.5366832277265889,0.9629481185502592,0.42626489082367025,"Hajek(recency=5.0,delta=0.20)",Hajek,5.0,0.2,10,20,169,10000,,yes,0.035,0.9111475905555232
1587,0.54285988512598,0.9631697798276476,0.4203098947016676,"Hajek(recency=5.0,delta=0.20)",Hajek,5.0,0.2,10,20,169,10000,,yes,0.035,0.9111475905555232
1588,0.5373871633223662,0.967172476243202,0.42978531292083577,"Hajek(recency=5.0,delta=0.20)",Hajek,5.0,0.2,10,20,169,10000,,yes,0.035,0.9111475905555232
1589,0.5399625597212288,0.970268984734844,0.43030642501361527,"Hajek(recency=5.0,delta=0.20)",Hajek,5.0,0.2,10,20,169,10000,,yes,0.035,0.9111475905555232
1590,0.5342518611665492,0.9558111973157005,0.4215593361491513,"Hajek(recency=5.0,delta=0.20)",Hajek,5.0,0.2,10,20,169,10000,,yes,0.035,0.9111475905555232
1591,0.5372676849011676,0.9770584112087528,0.4397907263075852,"Hajek(recency=5.0,delta=0.20)",Hajek,5.0,0.2,10,20,169,10000,,yes,0.035,0.9111475905555232
1592,0.5357288228483932,0.9616104562300118,0.42588163338161866,"Hajek(recency=5.0,delta=0.20)",Hajek,5.0,0.2,10,20,169,10000,,yes,0.035,0.9111475905555232
1593,0.5399827901639341,0.9719534329735618,0.4319706428096277,"Hajek(recency=5.0,delta=0.20)",Hajek,5.0,0.2,10,20,169,10000,,yes,0.035,0.9111475905555232
1594,0.5383803069936915,0.9578488089051437,0.41946850191145213,"Hajek(recency=5.0,delta=0.20)",Hajek,5.0,0.2,10,20,169,10000,,yes,0.035,0.9111475905555232
1595,0.5402435091353329,0.9635958558363211,0.4233523467009882,"Hajek(recency=5.0,delta=0.20)",Hajek,5.0,0.2,10,20,169,10000,,yes,0.035,0.9111475905555232
1596,0.5383964131568585,0.9583601379397622,0.41996372478290367,"Hajek(recency=5.0,delta=0.20)",Hajek,5.0,0.2,10,20,169,10000,,yes,0.035,0.9111475905555232
1597,0.537399496290417,0.9585294769435377,0.4211299806531208,"Hajek(recency=5.0,delta=0.20)",Hajek,5.0,0.2,10,20,169,10000,,yes,0.035,0.9111475905555232
1598,0.5366943573648795,0.9584382306855166,0.4217438733206371,"Hajek(recency=5.0,delta=0.20)",Hajek,5.0,0.2,10,20,169,10000,,yes,0.035,0.9111475905555232
1599,0.539208746407288,0.9616467617621226,0.4224380153548346,"Hajek(recency=5.0,delta=0.20)",Hajek,5.0,0.2,10,20,169,10000,,yes,0.035,0.9111475905555232
1600,0.5412730020962875,0.9495256895179948,0.4082526874217073,"Hajek(recency=5.0,delta=0.20)",Hajek,5.0,0.2,10,20,169,10000,,yes,0.035,0.9111475905555232
1601,0.5416815157466918,0.9697416873408989,0.4280601715942072,"Hajek(recency=5.0,delta=0.20)",Hajek,5.0,0.2,10,20,169,10000,,yes,0.035,0.9111475905555232
1602,0.5346884679140742,0.9628663854598877,0.42817791754581347,"Hajek(recency=5.0,delta=0.20)",Hajek,5.0,0.2,10,20,169,10000,,yes,0.035,0.9111475905555232
1603,0.5338176519888841,0.9485028908695636,0.41468523888067954,"Hajek(recency=5.0,delta=0.20)",Hajek,5.0,0.2,10,20,169,10000,,yes,0.035,0.9111475905555232
1604,0.5322389117679132,0.9634272485946737,0.4311883368267605,"Hajek(recency=5.0,delta=0.20)",Hajek,5.0,0.2,10,20,169,10000,,yes,0.035,0.9111475905555232
1605,0.5370991393865824,0.9528781976301142,0.4157790582435318,"Hajek(recency=5.0,delta=0.20)",Hajek,5.0,0.2,10,20,169,10000,,yes,0.035,0.9111475905555232
1606,0.5385210885810827,0.9500818062012185,0.4115607176201358,"Hajek(recency=5.0,delta=0.20)",Hajek,5.0,0.2,10,20,169,10000,,yes,0.035,0.9111475905555232
1607,0.5407678404581404,0.9665585437100191,0.42579070325187873,"Hajek(recency=5.0,delta=0.20)",Hajek,5.0,0.2,10,20,169,10000,,yes,0.035,0.9111475905555232
1608,0.5414807582098313,0.9657537521982567,0.42427299398842533,"Hajek(recency=5.0,delta=0.20)",Hajek,5.0,0.2,10,20,169,10000,,yes,0.035,0.9111475905555232
1609,0.5416160948157275,0.9585847870917205,0.416968692275993,"Hajek(recency=5.0,delta=0.20)",Hajek,5.0,0.2,10,20,169,10000,,yes,0.035,0.9111475905555232
1610,0.538703412784594,0.9573575041868758,0.4186540914022818,"Hajek(recency=5.0,delta=0.20)",Hajek,5.0,0.2,10,20,169,10000,,yes,0.035,0.9111475905555232
1611,0.5355160347828923,0.9706330020309939,0.43511696724810156,"Hajek(recency=5.0,delta=0.20)",Hajek,5.0,0.2,10,20,169,10000,,yes,0.035,0.9111475905555232
1612,0.5377525914498411,0.9681937113170457,0.43044111986720457,"Hajek(recency=5.0,delta=0.20)",Hajek,5.0,0.2,10,20,169,10000,,yes,0.035,0.9111475905555232
1613,0.5400026699579644,0.96459160882307,0.4245889388651056,"Hajek(recency=5.0,delta=0.20)",Hajek,5.0,0.2,10,20,169,10000,,yes,0.035,0.9111475905555232
1614,0.5396581793945587,0.9551129666379976,0.41545478724343887,"Hajek(recency=5.0,delta=0.20)",Hajek,5.0,0.2,10,20,169,10000,,yes,0.035,0.9111475905555232
1615,0.5406042048142888,0.9738409575902814,0.4332367527759926,"Hajek(recency=5.0,delta=0.20)",Hajek,5.0,0.2,10,20,169,10000,,yes,0.035,0.9111475905555232
1616,0.5326932489969471,0.9582863866023431,0.42559313760539597,"Hajek(recency=5.0,delta=0.20)",Hajek,5.0,0.2,10,20,169,10000,,yes,0.035,0.9111475905555232
1617,0.5384845591674363,0.9560943345644024,0.4176097753969661,"Hajek(recency=5.0,delta=0.20)",Hajek,5.0,0.2,10,20,169,10000,,yes,0.035,0.9111475905555232
1618,0.5375037047062308,0.9633847087994056,0.42588100409317486,"Hajek(recency=5.0,delta=0.20)",Hajek,5.0,0.2,10,20,169,10000,,yes,0.035,0.9111475905555232
1619,0.5399368778619268,0.9585868074539571,0.4186499295920303,"Hajek(recency=5.0,delta=0.20)",Hajek,5.0,0.2,10,20,169,10000,,yes,0.035,0.9111475905555232
1620,0.5362169733309526,0.9580803732909142,0.4218633999599616,"Hajek(recency=5.0,delta=0.20)",Hajek,5.0,0.2,10,20,169,10000,,yes,0.035,0.9111475905555232
1621,0.5384622851225747,0.9662425139053468,0.4277802287827721,"Hajek(recency=5.0,delta=0.20)",Hajek,5.0,0.2,10,20,169,10000,,yes,0.035,0.9111475905555232
1622,0.5342921562813523,0.9520852190482425,0.4177930627668902,"Hajek(recency=5.0,delta=0.20)",Hajek,5.0,0.2,10,20,169,10000,,yes,0.035,0.9111475905555232
1623,0.5403593713886833,0.9648234989389762,0.42446412755029295,"Hajek(recency=5.0,delta=0.20)",Hajek,5.0,0.2,10,20,169,10000,,yes,0.035,0.9111475905555232
1624,0.5412088340159492,0.957073935213995,0.41586510119804576,"Hajek(recency=5.0,delta=0.20)",Hajek,5.0,0.2,10,20,169,10000,,yes,0.035,0.9111475905555232
1625,0.5320362018178214,0.9535302805641234,0.42149407874630196,"Hajek(recency=5.0,delta=0.20)",Hajek,5.0,0.2,10,20,169,10000,,yes,0.035,0.9111475905555232
1626,0.5360356311502824,0.9522021129895856,0.41616648183930316,"Hajek(recency=5.0,delta=0.20)",Hajek,5.0,0.2,10,20,169,10000,,yes,0.035,0.9111475905555232
1627,0.5381300792095611,0.9698159085883639,0.43168582937880273,"Hajek(recency=5.0,delta=0.20)",Hajek,5.0,0.2,10,20,169,10000,,yes,0.035,0.9111475905555232
1628,0.5332789434367085,0.9592190919631414,0.4259401485264329,"Hajek(recency=5.0,delta=0.20)",Hajek,5.0,0.2,10,20,169,10000,,yes,0.035,0.9111475905555232
1629,0.5365431178560159,0.9528282402230719,0.41628512236705595,"Hajek(recency=5.0,delta=0.20)",Hajek,5.0,0.2,10,20,169,10000,,yes,0.035,0.9111475905555232
1630,0.5355655969449187,0.9710514424959981,0.4354858455510794,"Hajek(recency=5.0,delta=0.20)",Hajek,5.0,0.2,10,20,169,10000,,yes,0.035,0.9111475905555232
1631,0.5356368670093997,0.9585403923864767,0.422903525377077,"Hajek(recency=5.0,delta=0.20)",Hajek,5.0,0.2,10,20,169,10000,,yes,0.035,0.9111475905555232
1632,0.5396978342581749,0.9492432709378379,0.40954543667966303,"Hajek(recency=5.0,delta=0.20)",Hajek,5.0,0.2,10,20,169,10000,,yes,0.035,0.9111475905555232
1633,0.5365259131762394,0.9633111095422403,0.4267851963660009,"Hajek(recency=5.0,delta=0.20)",Hajek,5.0,0.2,10,20,169,10000,,yes,0.035,0.9111475905555232
1634,0.5342164726278001,0.9665331590554893,0.43231668642768917,"Hajek(recency=5.0,delta=0.20)",Hajek,5.0,0.2,10,20,169,10000,,yes,0.035,0.9111475905555232
1635,0.5385904359431055,0.9498276704896429,0.4112372345465374,"Hajek(recency=5.0,delta=0.20)",Hajek,5.0,0.2,10,20,169,10000,,yes,0.035,0.9111475905555232
1636,0.540817358442834,0.9589209217365504,0.41810356329371645,"Hajek(recency=5.0,delta=0.20)",Hajek,5.0,0.2,10,20,169,10000,,yes,0.035,0.9111475905555232
1637,0.5380626832739378,0.9617262945353935,0.4236636112614557,"Hajek(recency=5.0,delta=0.20)",Hajek,5.0,0.2,10,20,169,10000,,yes,0.035,0.9111475905555232
1638,0.53623669356953,0.9567149835484549,0.4204782899789249,"Hajek(recency=5.0,delta=0.20)",Hajek,5.0,0.2,10,20,169,10000,,yes,0.035,0.9111475905555232
1639,0.529928015005367,0.9502462374722471,0.4203182224668801,"Hajek(recency=5.0,delta=0.20)",Hajek,5.0,0.2,10,20,169,10000,,yes,0.035,0.9111475905555232
1640,0.5393031016492551,0.9617396323771319,0.4224365307278768,"Hajek(recency=5.0,delta=0.20)",Hajek,5.0,0.2,10,20,169,10000,,yes,0.035,0.9111475905555232
1641,0.5340011204073439,0.9566691565367291,0.4226680361293852,"Hajek(recency=5.0,delta=0.20)",Hajek,5.0,0.2,10,20,169,10000,,yes,0.035,0.9111475905555232
1642,0.5355232445558955,0.961479286618668,0.4259560420627725,"Hajek(recency=5.0,delta=0.20)",Hajek,5.0,0.2,10,20,169,10000,,yes,0.035,0.9111475905555232
1643,0.53746228033837,0.9551397469325323,0.4176774665941624,"Hajek(recency=5.0,delta=0.20)",Hajek,5.0,0.2,10,20,169,10000,,yes,0.035,0.9111475905555232
1644,0.5401362732506547,0.9622035052089006,0.4220672319582459,"Hajek(recency=5.0,delta=0.20)",Hajek,5.0,0.2,10,20,169,10000,,yes,0.035,0.9111475905555232
1645,0.5391742016893379,0.9587430335847938,0.4195688318954559,"Hajek(recency=5.0,delta=0.20)",Hajek,5.0,0.2,10,20,169,10000,,yes,0.035,0.9111475905555232
1646,0.53378765647273,0.958033301488816,0.4242456450160861,"Hajek(recency=5.0,delta=0.20)",Hajek,5.0,0.2,10,20,169,10000,,yes,0.035,0.9111475905555232
1647,0.5328629762242706,0.9587300367478363,0.4258670605235657,"Hajek(recency=5.0,delta=0.20)",Hajek,5.0,0.2,10,20,169,10000,,yes,0.035,0.9111475905555232
1648,0.5389926699546892,0.9579699199119807,0.41897724995729146,"Hajek(recency=5.0,delta=0.20)",Hajek,5.0,0.2,10,20,169,10000,,yes,0.035,0.9111475905555232
1649,0.5397017800408579,0.9577546733211459,0.41805289328028805,"Hajek(recency=5.0,delta=0.20)",Hajek,5.0,0.2,10,20,169,10000,,yes,0.035,0.9111475905555232
1650,0.5385478764473174,0.9527206826580544,0.41417280621073704,"Hajek(recency=5.0,delta=0.20)",Hajek,5.0,0.2,10,20,169,10000,,yes,0.035,0.9111475905555232
1651,0.5396471906050219,0.9556920574143787,0.4160448668093568,"Hajek(recency=5.0,delta=0.20)",Hajek,5.0,0.2,10,20,169,10000,,yes,0.035,0.9111475905555232
1652,0.5373180915975726,0.9621598731853692,0.4248417815877966,"Hajek(recency=5.0,delta=0.20)",Hajek,5.0,0.2,10,20,169,10000,,yes,0.035,0.9111475905555232
1653,0.5358524383937328,0.9477932529812755,0.4119408145875427,"Hajek(recency=5.0,delta=0.20)",Hajek,5.0,0.2,10,20,169,10000,,yes,0.035,0.9111475905555232
1654,0.5356541739448871,0.9618318263559457,0.42617765241105854,"Hajek(recency=5.0,delta=0.20)",Hajek,5.0,0.2,10,20,169,10000,,yes,0.035,0.9111475905555232
1655,0.5361302656610077,0.9501186510359828,0.41398838537497507,"Hajek(recency=5.0,delta=0.20)",Hajek,5.0,0.2,10,20,169,10000,,yes,0.035,0.9111475905555232
1656,0.539355539294482,0.959128004832007,0.419772465537525,"Hajek(recency=5.0,delta=0.20)",Hajek,5.0,0.2,10,20,169,10000,,yes,0.035,0.9111475905555232
1657,0.5407361631166204,0.9562906892458357,0.4155545261292153,"Hajek(recency=5.0,delta=0.20)",Hajek,5.0,0.2,10,20,169,10000,,yes,0.035,0.9111475905555232
1658,0.5394992724711998,0.9675474034674825,0.4280481309962827,"Hajek(recency=5.0,delta=0.20)",Hajek,5.0,0.2,10,20,169,10000,,yes,0.035,0.9111475905555232
1659,0.532596893576018,0.9574746895086079,0.4248777959325899,"Hajek(recency=5.0,delta=0.20)",Hajek,5.0,0.2,10,20,169,10000,,yes,0.035,0.9111475905555232
1660,0.5425531529529919,0.9645907133856013,0.4220375604326094,"Hajek(recency=5.0,delta=0.20)",Hajek,5.0,0.2,10,20,169,10000,,yes,0.035,0.9111475905555232
1661,0.5352420801798986,0.9531755311676614,0.4179334509877628,"Hajek(recency=5.0,delta=0.20)",Hajek,5.0,0.2,10,20,169,10000,,yes,0.035,0.9111475905555232
1662,0.5380235055295943,0.9513513515464969,0.41332784601690253,"Hajek(recency=5.0,delta=0.20)",Hajek,5.0,0.2,10,20,169,10000,,yes,0.035,0.9111475905555232
1663,0.5339693113182956,0.9567348587839505,0.42276554746565487,"Hajek(recency=5.0,delta=0.20)",Hajek,5.0,0.2,10,20,169,10000,,yes,0.035,0.9111475905555232
1664,0.5343123997745203,0.950294511733073,0.4159821119585527,"Hajek(recency=5.0,delta=0.20)",Hajek,5.0,0.2,10,20,169,10000,,yes,0.035,0.9111475905555232
1665,0.5403473976024157,0.965912566127399,0.4255651685249833,"Hajek(recency=5.0,delta=0.20)",Hajek,5.0,0.2,10,20,169,10000,,yes,0.035,0.9111475905555232
1666,0.5321774191177647,0.9542770259669364,0.4220996068491717,"Hajek(recency=5.0,delta=0.20)",Hajek,5.0,0.2,10,20,169,10000,,yes,0.035,0.9111475905555232
1667,0.5423232922998126,0.95895440685375,0.4166311145539374,"Hajek(recency=5.0,delta=0.20)",Hajek,5.0,0.2,10,20,169,10000,,yes,0.035,0.9111475905555232
1668,0.5357406966169486,0.9528360957458047,0.4170953991288562,"Hajek(recency=5.0,delta=0.20)",Hajek,5.0,0.2,10,20,169,10000,,yes,0.035,0.9111475905555232
1669,0.5381325984476032,0.9589969014421399,0.4208643029945367,"Hajek(recency=5.0,delta=0.20)",Hajek,5.0,0.2,10,20,169,10000,,yes,0.035,0.9111475905555232
1670,0.5340710341067484,0.9557004138403623,0.4216293797336139,"Hajek(recency=5.0,delta=0.20)",Hajek,5.0,0.2,10,20,169,10000,,yes,0.035,0.9111475905555232
1671,0.540291941497374,0.9572844333589682,0.41699249186159415,"Hajek(recency=5.0,delta=0.20)",Hajek,5.0,0.2,10,20,169,10000,,yes,0.035,0.9111475905555232
1672,0.5407238990404796,0.9767431235652486,0.43601922452476904,"Hajek(recency=5.0,delta=0.20)",Hajek,5.0,0.2,10,20,169,10000,,yes,0.035,0.9111475905555232
1673,0.5389284586047327,0.9636230524734034,0.4246945938686707,"Hajek(recency=5.0,delta=0.20)",Hajek,5.0,0.2,10,20,169,10000,,yes,0.035,0.9111475905555232
1674,0.53553988883127,0.9590708156725087,0.4235309268412387,"Hajek(recency=5.0,delta=0.20)",Hajek,5.0,0.2,10,20,169,10000,,yes,0.035,0.9111475905555232
1675,0.5377309211994576,0.9762666411536408,0.43853571995418317,"Hajek(recency=5.0,delta=0.20)",Hajek,5.0,0.2,10,20,169,10000,,yes,0.035,0.9111475905555232
1676,0.5309818259770752,0.9543529247693389,0.42337109879226364,"Hajek(recency=5.0,delta=0.20)",Hajek,5.0,0.2,10,20,169,10000,,yes,0.035,0.9111475905555232
1677,0.5365073410138317,0.960464274809081,0.42395693379524935,"Hajek(recency=5.0,delta=0.20)",Hajek,5.0,0.2,10,20,169,10000,,yes,0.035,0.9111475905555232
1678,0.5358279597409508,0.9516698102145466,0.4158418504735958,"Hajek(recency=5.0,delta=0.20)",Hajek,5.0,0.2,10,20,169,10000,,yes,0.035,0.9111475905555232
1679,0.5403108645299489,0.9615569018278842,0.4212460372979353,"Hajek(recency=5.0,delta=0.20)",Hajek,5.0,0.2,10,20,169,10000,,yes,0.035,0.9111475905555232
1680,0.5407215503821471,0.9564405596431819,0.4157190092610348,"Hajek(recency=5.0,delta=0.20)",Hajek,5.0,0.2,10,20,169,10000,,yes,0.035,0.9111475905555232
1681,0.5358292789944124,0.96552671620904,0.4296974372146276,"Hajek(recency=5.0,delta=0.20)",Hajek,5.0,0.2,10,20,169,10000,,yes,0.035,0.9111475905555232
1682,0.5373575970565279,0.9581334485947663,0.4207758515382385,"Hajek(recency=5.0,delta=0.20)",Hajek,5.0,0.2,10,20,169,10000,,yes,0.035,0.9111475905555232
1683,0.5385770446154295,0.9544352976346595,0.41585825301922996,"Hajek(recency=5.0,delta=0.20)",Hajek,5.0,0.2,10,20,169,10000,,yes,0.035,0.9111475905555232
1684,0.5378188742006045,0.9652586710012938,0.42743979680068933,"Hajek(recency=5.0,delta=0.20)",Hajek,5.0,0.2,10,20,169,10000,,yes,0.035,0.9111475905555232
1685,0.5390805795787775,0.9647014534503675,0.42562087387159,"Hajek(recency=5.0,delta=0.20)",Hajek,5.0,0.2,10,20,169,10000,,yes,0.035,0.9111475905555232
1686,0.5401562060221636,0.9597383724399291,0.41958216641776547,"Hajek(recency=5.0,delta=0.20)",Hajek,5.0,0.2,10,20,169,10000,,yes,0.035,0.9111475905555232
1687,0.5413139000478935,0.9666747389977597,0.4253608389498662,"Hajek(recency=5.0,delta=0.20)",Hajek,5.0,0.2,10,20,169,10000,,yes,0.035,0.9111475905555232
1688,0.5353701884614496,0.966381275305247,0.4310110868437974,"Hajek(recency=5.0,delta=0.20)",Hajek,5.0,0.2,10,20,169,10000,,yes,0.035,0.9111475905555232
1689,0.5400702256451054,0.9656553880326086,0.4255851623875032,"Hajek(recency=5.0,delta=0.20)",Hajek,5.0,0.2,10,20,169,10000,,yes,0.035,0.9111475905555232
1690,0.5369448247146349,0.9694788245752748,0.4325339998606399,"Hajek(recency=5.0,delta=0.20)",Hajek,5.0,0.2,10,20,169,10000,,yes,0.035,0.9111475905555232
1691,0.5347747695898465,0.9517279141748789,0.4169531445850324,"Hajek(recency=5.0,delta=0.20)",Hajek,5.0,0.2,10,20,169,10000,,yes,0.035,0.9111475905555232
1692,0.5390480477336133,0.9547742030971026,0.41572615536348934,"Hajek(recency=5.0,delta=0.20)",Hajek,5.0,0.2,10,20,169,10000,,yes,0.035,0.9111475905555232
1693,0.5418612605405257,0.9691707205235718,0.42730945998304604,"Hajek(recency=5.0,delta=0.20)",Hajek,5.0,0.2,10,20,169,10000,,yes,0.035,0.9111475905555232
1694,0.5387131054983736,0.9643890421163014,0.4256759366179278,"Hajek(recency=5.0,delta=0.20)",Hajek,5.0,0.2,10,20,169,10000,,yes,0.035,0.9111475905555232
1695,0.5393748631952802,0.9504831048567498,0.41110824166146964,"Hajek(recency=5.0,delta=0.20)",Hajek,5.0,0.2,10,20,169,10000,,yes,0.035,0.9111475905555232
1696,0.5375263170300071,0.9588950379688191,0.42136872093881206,"Hajek(recency=5.0,delta=0.20)",Hajek,5.0,0.2,10,20,169,10000,,yes,0.035,0.9111475905555232
1697,0.535743976690092,0.9587777673487894,0.4230337906586974,"Hajek(recency=5.0,delta=0.20)",Hajek,5.0,0.2,10,20,169,10000,,yes,0.035,0.9111475905555232
1698,0.5388055853695576,0.9604786138586404,0.42167302848908284,"Hajek(recency=5.0,delta=0.20)",Hajek,5.0,0.2,10,20,169,10000,,yes,0.035,0.9111475905555232
1699,0.5377220912817182,0.9669261032153562,0.429204011933638,"Hajek(recency=5.0,delta=0.20)",Hajek,5.0,0.2,10,20,169,10000,,yes,0.035,0.9111475905555232
1700,0.5312294555965125,0.9599703725960038,0.42874091699949135,"Hajek(recency=5.0,delta=0.20)",Hajek,5.0,0.2,10,20,169,10000,,yes,0.035,0.9111475905555232
1701,0.5331352391809724,0.9515402723717137,0.4184050331907413,"Hajek(recency=5.0,delta=0.20)",Hajek,5.0,0.2,10,20,169,10000,,yes,0.035,0.9111475905555232
1702,0.5300103051358023,0.949757260975519,0.4197469558397168,"Hajek(recency=5.0,delta=0.20)",Hajek,5.0,0.2,10,20,169,10000,,yes,0.035,0.9111475905555232
1703,0.5377913618726811,0.9604205135486393,0.42262915167595827,"Hajek(recency=5.0,delta=0.20)",Hajek,5.0,0.2,10,20,169,10000,,yes,0.035,0.9111475905555232
1704,0.5416731665302521,0.9605724624204887,0.41889929589023656,"Hajek(recency=5.0,delta=0.20)",Hajek,5.0,0.2,10,20,169,10000,,yes,0.035,0.9111475905555232
1705,0.5378442002378561,0.9584041680600395,0.4205599678221834,"Hajek(recency=5.0,delta=0.20)",Hajek,5.0,0.2,10,20,169,10000,,yes,0.035,0.9111475905555232
1706,0.5373011352061844,0.9601814403979925,0.4228803051918081,"Hajek(recency=5.0,delta=0.20)",Hajek,5.0,0.2,10,20,169,10000,,yes,0.035,0.9111475905555232
1707,0.5365776901852922,0.9565924184453772,0.420014728260085,"Hajek(recency=5.0,delta=0.20)",Hajek,5.0,0.2,10,20,169,10000,,yes,0.035,0.9111475905555232
1708,0.5380002744442238,0.9539344201655329,0.41593414572130905,"Hajek(recency=5.0,delta=0.20)",Hajek,5.0,0.2,10,20,169,10000,,yes,0.035,0.9111475905555232
1709,0.542561153558437,0.9653834525483288,0.42282229898989176,"Hajek(recency=5.0,delta=0.20)",Hajek,5.0,0.2,10,20,169,10000,,yes,0.035,0.9111475905555232
1710,0.536875315289645,0.9565641791035758,0.4196888638139308,"Hajek(recency=5.0,delta=0.20)",Hajek,5.0,0.2,10,20,169,10000,,yes,0.035,0.9111475905555232
1711,0.5384109284900849,0.9551254045270743,0.4167144760369894,"Hajek(recency=5.0,delta=0.20)",Hajek,5.0,0.2,10,20,169,10000,,yes,0.035,0.9111475905555232
1712,0.5383433286374393,0.9597996875816919,0.4214563589442526,"Hajek(recency=5.0,delta=0.20)",Hajek,5.0,0.2,10,20,169,10000,,yes,0.035,0.9111475905555232
1713,0.538212574802255,0.9658857289078915,0.42767315410563644,"Hajek(recency=5.0,delta=0.20)",Hajek,5.0,0.2,10,20,169,10000,,yes,0.035,0.9111475905555232
1714,0.5361622924713669,0.9610722114663457,0.42490991899497876,"Hajek(recency=5.0,delta=0.20)",Hajek,5.0,0.2,10,20,169,10000,,yes,0.035,0.9111475905555232
1715,0.542067674512209,0.9612167333402704,0.4191490588280613,"Hajek(recency=5.0,delta=0.20)",Hajek,5.0,0.2,10,20,169,10000,,yes,0.035,0.9111475905555232
1716,0.5387204568316138,0.9647372221382756,0.42601676530666177,"Hajek(recency=5.0,delta=0.20)",Hajek,5.0,0.2,10,20,169,10000,,yes,0.035,0.9111475905555232
1717,0.5377829440792028,0.9527471195887461,0.41496417550954334,"Hajek(recency=5.0,delta=0.20)",Hajek,5.0,0.2,10,20,169,10000,,yes,0.035,0.9111475905555232
1718,0.5370040422746447,0.9507916672480715,0.4137876249734268,"Hajek(recency=5.0,delta=0.20)",Hajek,5.0,0.2,10,20,169,10000,,yes,0.035,0.9111475905555232
1719,0.5429217976826112,0.9598709667984405,0.41694916911582935,"Hajek(recency=5.0,delta=0.20)",Hajek,5.0,0.2,10,20,169,10000,,yes,0.035,0.9111475905555232
1720,0.5337695092657015,0.9772969410145456,0.443527431748844,"Hajek(recency=5.0,delta=0.20)",Hajek,5.0,0.2,10,20,169,10000,,yes,0.035,0.9111475905555232
1721,0.5338306927733557,0.9569523667139483,0.42312167394059264,"Hajek(recency=5.0,delta=0.20)",Hajek,5.0,0.2,10,20,169,10000,,yes,0.035,0.9111475905555232
1722,0.5379681780248953,0.959913151884024,0.42194497385912877,"Hajek(recency=5.0,delta=0.20)",Hajek,5.0,0.2,10,20,169,10000,,yes,0.035,0.9111475905555232
1723,0.5426153870797409,0.9623414731322117,0.41972608605247086,"Hajek(recency=5.0,delta=0.20)",Hajek,5.0,0.2,10,20,169,10000,,yes,0.035,0.9111475905555232
1724,0.5377548191397052,0.9591080219523983,0.42135320281269306,"Hajek(recency=5.0,delta=0.20)",Hajek,5.0,0.2,10,20,169,10000,,yes,0.035,0.9111475905555232
1725,0.5374667013410898,0.9605936386113471,0.4231269372702573,"Hajek(recency=5.0,delta=0.20)",Hajek,5.0,0.2,10,20,169,10000,,yes,0.035,0.9111475905555232
1726,0.5355980503502131,0.9616840302463905,0.42608597989617736,"Hajek(recency=5.0,delta=0.20)",Hajek,5.0,0.2,10,20,169,10000,,yes,0.035,0.9111475905555232
1727,0.5388866043305579,0.9683147273598661,0.4294281230293082,"Hajek(recency=5.0,delta=0.20)",Hajek,5.0,0.2,10,20,169,10000,,yes,0.035,0.9111475905555232
1728,0.5411223061138998,0.9656341978429087,0.42451189172900894,"Hajek(recency=5.0,delta=0.20)",Hajek,5.0,0.2,10,20,169,10000,,yes,0.035,0.9111475905555232
1729,0.5351310541441576,0.9559204844683924,0.42078943032423477,"Hajek(recency=5.0,delta=0.20)",Hajek,5.0,0.2,10,20,169,10000,,yes,0.035,0.9111475905555232
1730,0.5383175796857055,0.9550786595326201,0.4167610798469146,"Hajek(recency=5.0,delta=0.20)",Hajek,5.0,0.2,10,20,169,10000,,yes,0.035,0.9111475905555232
1731,0.5394616802232223,0.9567510297995676,0.41728934957634534,"Hajek(recency=5.0,delta=0.20)",Hajek,5.0,0.2,10,20,169,10000,,yes,0.035,0.9111475905555232
1732,0.5375007493402489,0.9552009031356524,0.4177001537954035,"Hajek(recency=5.0,delta=0.20)",Hajek,5.0,0.2,10,20,169,10000,,yes,0.035,0.9111475905555232
1733,0.5339172688052152,0.9529190142582058,0.4190017454529906,"Hajek(recency=5.0,delta=0.20)",Hajek,5.0,0.2,10,20,169,10000,,yes,0.035,0.9111475905555232
1734,0.5332162553304097,0.9575999188147025,0.4243836634842928,"Hajek(recency=5.0,delta=0.20)",Hajek,5.0,0.2,10,20,169,10000,,yes,0.035,0.9111475905555232
1735,0.5384831904410567,0.9600740918716545,0.42159090143059774,"Hajek(recency=5.0,delta=0.20)",Hajek,5.0,0.2,10,20,169,10000,,yes,0.035,0.9111475905555232
1736,0.5398512173688231,0.9508247002664768,0.4109734828976537,"Hajek(recency=5.0,delta=0.20)",Hajek,5.0,0.2,10,20,169,10000,,yes,0.035,0.9111475905555232
1737,0.535323218395461,0.9534552953827223,0.4181320769872613,"Hajek(recency=5.0,delta=0.20)",Hajek,5.0,0.2,10,20,169,10000,,yes,0.035,0.9111475905555232
1738,0.5351306363994088,0.9558670118816868,0.42073637548227794,"Hajek(recency=5.0,delta=0.20)",Hajek,5.0,0.2,10,20,169,10000,,yes,0.035,0.9111475905555232
1739,0.531961409851296,0.9536314288249874,0.4216700189736914,"Hajek(recency=5.0,delta=0.20)",Hajek,5.0,0.2,10,20,169,10000,,yes,0.035,0.9111475905555232
1740,0.5418291721499522,0.9707218831255157,0.4288927109755635,"Hajek(recency=5.0,delta=0.20)",Hajek,5.0,0.2,10,20,169,10000,,yes,0.035,0.9111475905555232
1741,0.5339265797718119,0.9564050860498418,0.42247850627802985,"Hajek(recency=5.0,delta=0.20)",Hajek,5.0,0.2,10,20,169,10000,,yes,0.035,0.9111475905555232
1742,0.5382227825311854,0.9439025872431472,0.40567980471196186,"Hajek(recency=5.0,delta=0.20)",Hajek,5.0,0.2,10,20,169,10000,,yes,0.035,0.9111475905555232
1743,0.5390824641302014,0.9605711554843199,0.4214886913541185,"Hajek(recency=5.0,delta=0.20)",Hajek,5.0,0.2,10,20,169,10000,,yes,0.035,0.9111475905555232
1744,0.5364698483304248,0.9615101344120632,0.42504028608163846,"Hajek(recency=5.0,delta=0.20)",Hajek,5.0,0.2,10,20,169,10000,,yes,0.035,0.9111475905555232
1745,0.5389566424691763,0.9593021449482712,0.42034550247909486,"Hajek(recency=5.0,delta=0.20)",Hajek,5.0,0.2,10,20,169,10000,,yes,0.035,0.9111475905555232
1746,0.5326689887579056,0.9587259091659414,0.4260569204080358,"Hajek(recency=5.0,delta=0.20)",Hajek,5.0,0.2,10,20,169,10000,,yes,0.035,0.9111475905555232
1747,0.5369512518858787,0.9702245705232146,0.433273318637336,"Hajek(recency=5.0,delta=0.20)",Hajek,5.0,0.2,10,20,169,10000,,yes,0.035,0.9111475905555232
1748,0.5403939908540791,0.9603408468350758,0.4199468559809967,"Hajek(recency=5.0,delta=0.20)",Hajek,5.0,0.2,10,20,169,10000,,yes,0.035,0.9111475905555232
1749,0.5338596838485716,0.9576082856590797,0.4237486018105081,"Hajek(recency=5.0,delta=0.20)",Hajek,5.0,0.2,10,20,169,10000,,yes,0.035,0.9111475905555232
1750,0.5380231545766446,0.9630764421561923,0.42505328757954763,"Hajek(recency=5.0,delta=0.20)",Hajek,5.0,0.2,10,20,169,10000,,yes,0.035,0.9111475905555232
1751,0.5372399235299505,0.9513137808595784,0.41407385732962787,"Hajek(recency=5.0,delta=0.20)",Hajek,5.0,0.2,10,20,169,10000,,yes,0.035,0.9111475905555232
1752,0.5317827665033167,0.9673830817587016,0.4356003152553849,"Hajek(recency=5.0,delta=0.20)",Hajek,5.0,0.2,10,20,169,10000,,yes,0.035,0.9111475905555232
1753,0.5396094889823528,0.9648278053295573,0.4252183163472044,"Hajek(recency=5.0,delta=0.20)",Hajek,5.0,0.2,10,20,169,10000,,yes,0.035,0.9111475905555232
1754,0.5378172122469657,0.9702525792912453,0.43243536704427965,"Hajek(recency=5.0,delta=0.20)",Hajek,5.0,0.2,10,20,169,10000,,yes,0.035,0.9111475905555232
1755,0.5346080380987877,0.9559339971503412,0.42132595905155357,"Hajek(recency=5.0,delta=0.20)",Hajek,5.0,0.2,10,20,169,10000,,yes,0.035,0.9111475905555232
1756,0.539416404770148,0.9608769955413003,0.4214605907711524,"Hajek(recency=5.0,delta=0.20)",Hajek,5.0,0.2,10,20,169,10000,,yes,0.035,0.9111475905555232
1757,0.5386893552822494,0.9595960913524965,0.4209067360702471,"Hajek(recency=5.0,delta=0.20)",Hajek,5.0,0.2,10,20,169,10000,,yes,0.035,0.9111475905555232
1758,0.5386321392226594,0.968124655116897,0.42949251589423765,"Hajek(recency=5.0,delta=0.20)",Hajek,5.0,0.2,10,20,169,10000,,yes,0.035,0.9111475905555232
1759,0.5377807174740896,0.9625881482187841,0.4248074307446945,"Hajek(recency=5.0,delta=0.20)",Hajek,5.0,0.2,10,20,169,10000,,yes,0.035,0.9111475905555232
1760,0.5398030651989648,0.9657631844321021,0.42596011923313726,"Hajek(recency=5.0,delta=0.20)",Hajek,5.0,0.2,10,20,169,10000,,yes,0.035,0.9111475905555232
1761,0.5350366590201882,0.9526996393121473,0.41766298029195914,"Hajek(recency=5.0,delta=0.20)",Hajek,5.0,0.2,10,20,169,10000,,yes,0.035,0.9111475905555232
1762,0.5365757919673988,0.9620747678043654,0.4254989758369666,"Hajek(recency=5.0,delta=0.20)",Hajek,5.0,0.2,10,20,169,10000,,yes,0.035,0.9111475905555232
1763,0.5352119755509541,0.9519700854530949,0.4167581099021408,"Hajek(recency=5.0,delta=0.20)",Hajek,5.0,0.2,10,20,169,10000,,yes,0.035,0.9111475905555232
1764,0.5366532475019908,0.9520796835948965,0.41542643609290564,"Hajek(recency=5.0,delta=0.20)",Hajek,5.0,0.2,10,20,169,10000,,yes,0.035,0.9111475905555232
1765,0.5383994709028483,0.9549030332236623,0.416503562320814,"Hajek(recency=5.0,delta=0.20)",Hajek,5.0,0.2,10,20,169,10000,,yes,0.035,0.9111475905555232
1766,0.531392687896003,0.9532493849372432,0.4218566970412402,"Hajek(recency=5.0,delta=0.20)",Hajek,5.0,0.2,10,20,169,10000,,yes,0.035,0.9111475905555232
1767,0.5329222916603094,0.9510416615047526,0.4181193698444432,"Hajek(recency=5.0,delta=0.20)",Hajek,5.0,0.2,10,20,169,10000,,yes,0.035,0.9111475905555232
1768,0.5340361790610358,0.9485544855287144,0.4145183064676785,"Hajek(recency=5.0,delta=0.20)",Hajek,5.0,0.2,10,20,169,10000,,yes,0.035,0.9111475905555232
1769,0.5382038419315867,0.9578343142488578,0.41963047231727113,"Hajek(recency=5.0,delta=0.20)",Hajek,5.0,0.2,10,20,169,10000,,yes,0.035,0.9111475905555232
1770,0.5411823334070897,0.9601842808237282,0.41900194741663854,"Hajek(recency=5.0,delta=0.20)",Hajek,5.0,0.2,10,20,169,10000,,yes,0.035,0.9111475905555232
1771,0.5415144143572717,0.9569184462400583,0.41540403188278663,"Hajek(recency=5.0,delta=0.20)",Hajek,5.0,0.2,10,20,169,10000,,yes,0.035,0.9111475905555232
1772,0.5334436380861551,0.9556581659601048,0.42221452787394964,"Hajek(recency=5.0,delta=0.20)",Hajek,5.0,0.2,10,20,169,10000,,yes,0.035,0.9111475905555232
1773,0.5425793276972756,0.96105514935335,0.41847582165607444,"Hajek(recency=5.0,delta=0.20)",Hajek,5.0,0.2,10,20,169,10000,,yes,0.035,0.9111475905555232
1774,0.5371715496816521,0.9502385839550297,0.41306703427337754,"Hajek(recency=5.0,delta=0.20)",Hajek,5.0,0.2,10,20,169,10000,,yes,0.035,0.9111475905555232
1775,0.5345008581082852,0.95563990011866,0.4211390420103748,"Hajek(recency=5.0,delta=0.20)",Hajek,5.0,0.2,10,20,169,10000,,yes,0.035,0.9111475905555232
1776,0.5387638935730814,0.9605385272699037,0.42177463369682233,"Hajek(recency=5.0,delta=0.20)",Hajek,5.0,0.2,10,20,169,10000,,yes,0.035,0.9111475905555232
1777,0.5391341814311698,0.9723782770949866,0.43324409566381683,"Hajek(recency=5.0,delta=0.20)",Hajek,5.0,0.2,10,20,169,10000,,yes,0.035,0.9111475905555232
1778,0.5338808496765496,0.962547299029596,0.42866644935304643,"Hajek(recency=5.0,delta=0.20)",Hajek,5.0,0.2,10,20,169,10000,,yes,0.035,0.9111475905555232
1779,0.5375931892385962,0.9576667769198166,0.4200735876812204,"Hajek(recency=5.0,delta=0.20)",Hajek,5.0,0.2,10,20,169,10000,,yes,0.035,0.9111475905555232
1780,0.5379020131374209,0.9650716850093628,0.4271696718719419,"Hajek(recency=5.0,delta=0.20)",Hajek,5.0,0.2,10,20,169,10000,,yes,0.035,0.9111475905555232
1781,0.5384120015535168,0.9529440826421088,0.4145320810885921,"Hajek(recency=5.0,delta=0.20)",Hajek,5.0,0.2,10,20,169,10000,,yes,0.035,0.9111475905555232
1782,0.5419186092042939,0.950791081045519,0.4088724718412251,"Hajek(recency=5.0,delta=0.20)",Hajek,5.0,0.2,10,20,169,10000,,yes,0.035,0.9111475905555232
1783,0.5391711922798884,0.959691750038008,0.4205205577581196,"Hajek(recency=5.0,delta=0.20)",Hajek,5.0,0.2,10,20,169,10000,,yes,0.035,0.9111475905555232
1784,0.5374235454478233,0.9612398092230993,0.4238162637752759,"Hajek(recency=5.0,delta=0.20)",Hajek,5.0,0.2,10,20,169,10000,,yes,0.035,0.9111475905555232
1785,0.5350424994067794,0.959248824873629,0.42420632546684955,"Hajek(recency=5.0,delta=0.20)",Hajek,5.0,0.2,10,20,169,10000,,yes,0.035,0.9111475905555232
1786,0.5449329417646984,0.9622298327119961,0.4172968909472977,"Hajek(recency=5.0,delta=0.20)",Hajek,5.0,0.2,10,20,169,10000,,yes,0.035,0.9111475905555232
1787,0.5374819277696652,0.9709033403468954,0.4334214125772302,"Hajek(recency=5.0,delta=0.20)",Hajek,5.0,0.2,10,20,169,10000,,yes,0.035,0.9111475905555232
1788,0.5337964357709287,0.9651787639974679,0.4313823282265392,"Hajek(recency=5.0,delta=0.20)",Hajek,5.0,0.2,10,20,169,10000,,yes,0.035,0.9111475905555232
1789,0.5357726992620911,0.9652108844521126,0.4294381851900214,"Hajek(recency=5.0,delta=0.20)",Hajek,5.0,0.2,10,20,169,10000,,yes,0.035,0.9111475905555232
1790,0.535853455685603,0.9639240579309347,0.42807060224533167,"Hajek(recency=5.0,delta=0.20)",Hajek,5.0,0.2,10,20,169,10000,,yes,0.035,0.9111475905555232
1791,0.5383669197055209,0.9580970041534397,0.4197300844479188,"Hajek(recency=5.0,delta=0.20)",Hajek,5.0,0.2,10,20,169,10000,,yes,0.035,0.9111475905555232
1792,0.5355768304144638,0.9722833626373208,0.43670653222285705,"Hajek(recency=5.0,delta=0.20)",Hajek,5.0,0.2,10,20,169,10000,,yes,0.035,0.9111475905555232
1793,0.5425691299058909,0.9736335647221783,0.4310644348162874,"Hajek(recency=5.0,delta=0.20)",Hajek,5.0,0.2,10,20,169,10000,,yes,0.035,0.9111475905555232
1794,0.5419055062482651,0.9538080556020334,0.41190254935376835,"Hajek(recency=5.0,delta=0.20)",Hajek,5.0,0.2,10,20,169,10000,,yes,0.035,0.9111475905555232
1795,0.5376178446468506,0.955494656977701,0.4178768123308504,"Hajek(recency=5.0,delta=0.20)",Hajek,5.0,0.2,10,20,169,10000,,yes,0.035,0.9111475905555232
1796,0.538426665956263,0.9611550521688876,0.42272838621262465,"Hajek(recency=5.0,delta=0.20)",Hajek,5.0,0.2,10,20,169,10000,,yes,0.035,0.9111475905555232
1797,0.53870125771644,0.95906254786543,0.42036129014899004,"Hajek(recency=5.0,delta=0.20)",Hajek,5.0,0.2,10,20,169,10000,,yes,0.035,0.9111475905555232
1798,0.5387017026180668,0.9565400341578485,0.41783833153978167,"Hajek(recency=5.0,delta=0.20)",Hajek,5.0,0.2,10,20,169,10000,,yes,0.035,0.9111475905555232
1799,0.5368470941847512,0.9691665913418404,0.43231949715708917,"Hajek(recency=5.0,delta=0.20)",Hajek,5.0,0.2,10,20,169,10000,,yes,0.035,0.9111475905555232
1800,0.5381044230772943,0.9624554313943948,0.4243510083171005,"Hajek(recency=5.0,delta=0.20)",Hajek,5.0,0.2,10,20,169,10000,,yes,0.035,0.9111475905555232
1801,0.5357276710078275,0.9553992812064466,0.4196716101986191,"Hajek(recency=5.0,delta=0.20)",Hajek,5.0,0.2,10,20,169,10000,,yes,0.035,0.9111475905555232
1802,0.535634771828322,0.9567529077840248,0.4211181359557028,"Hajek(recency=5.0,delta=0.20)",Hajek,5.0,0.2,10,20,169,10000,,yes,0.035,0.9111475905555232
1803,0.5351440548699976,0.9683569084575911,0.43321285358759354,"Hajek(recency=5.0,delta=0.20)",Hajek,5.0,0.2,10,20,169,10000,,yes,0.035,0.9111475905555232
1804,0.5363904891736906,0.9545794434584275,0.4181889542847369,"Hajek(recency=5.0,delta=0.20)",Hajek,5.0,0.2,10,20,169,10000,,yes,0.035,0.9111475905555232
1805,0.5360678078000323,0.9616962660079231,0.42562845820789086,"Hajek(recency=5.0,delta=0.20)",Hajek,5.0,0.2,10,20,169,10000,,yes,0.035,0.9111475905555232
1806,0.5427234956474173,0.9582967434667062,0.41557324781928895,"Hajek(recency=5.0,delta=0.20)",Hajek,5.0,0.2,10,20,169,10000,,yes,0.035,0.9111475905555232
1807,0.5444173862706637,0.9651804752930887,0.420763089022425,"Hajek(recency=5.0,delta=0.20)",Hajek,5.0,0.2,10,20,169,10000,,yes,0.035,0.9111475905555232
1808,0.5367658323159904,0.9618007459319639,0.42503491361597345,"Hajek(recency=5.0,delta=0.20)",Hajek,5.0,0.2,10,20,169,10000,,yes,0.035,0.9111475905555232
1809,0.5367183433797679,0.958527510626232,0.4218091672464641,"Hajek(recency=5.0,delta=0.20)",Hajek,5.0,0.2,10,20,169,10000,,yes,0.035,0.9111475905555232
1810,0.5361643780674685,0.9568463265812767,0.42068194851380813,"Hajek(recency=5.0,delta=0.20)",Hajek,5.0,0.2,10,20,169,10000,,yes,0.035,0.9111475905555232
1811,0.5359007562697718,0.9579542686916884,0.4220535124219166,"Hajek(recency=5.0,delta=0.20)",Hajek,5.0,0.2,10,20,169,10000,,yes,0.035,0.9111475905555232
1812,0.5338646097976916,0.9578743180911904,0.4240097082934988,"Hajek(recency=5.0,delta=0.20)",Hajek,5.0,0.2,10,20,169,10000,,yes,0.035,0.9111475905555232
1813,0.5406564489762951,0.9599180063713624,0.4192615573950673,"Hajek(recency=5.0,delta=0.20)",Hajek,5.0,0.2,10,20,169,10000,,yes,0.035,0.9111475905555232
1814,0.5337537596791955,0.9638460676532635,0.43009230797406806,"Hajek(recency=5.0,delta=0.20)",Hajek,5.0,0.2,10,20,169,10000,,yes,0.035,0.9111475905555232
1815,0.5384373958954632,0.9609931527601899,0.4225557568647267,"Hajek(recency=5.0,delta=0.20)",Hajek,5.0,0.2,10,20,169,10000,,yes,0.035,0.9111475905555232
1816,0.5319401829347971,0.945321298825764,0.41338111589096693,"Hajek(recency=5.0,delta=0.20)",Hajek,5.0,0.2,10,20,169,10000,,yes,0.035,0.9111475905555232
1817,0.539738638427604,0.9524094928231606,0.4126708543955566,"Hajek(recency=5.0,delta=0.20)",Hajek,5.0,0.2,10,20,169,10000,,yes,0.035,0.9111475905555232
1818,0.5331356409957823,0.9542382940356866,0.42110265303990435,"Hajek(recency=5.0,delta=0.20)",Hajek,5.0,0.2,10,20,169,10000,,yes,0.035,0.9111475905555232
1819,0.5374122518442705,0.952785879043183,0.41537362719891247,"Hajek(recency=5.0,delta=0.20)",Hajek,5.0,0.2,10,20,169,10000,,yes,0.035,0.9111475905555232
1820,0.5391223626885023,0.9609630300937291,0.42184066740522674,"Hajek(recency=5.0,delta=0.20)",Hajek,5.0,0.2,10,20,169,10000,,yes,0.035,0.9111475905555232
1821,0.5391590154338977,0.9612377344321275,0.4220787189982298,"Hajek(recency=5.0,delta=0.20)",Hajek,5.0,0.2,10,20,169,10000,,yes,0.035,0.9111475905555232
1822,0.5390068104435766,0.9638700613485638,0.4248632509049872,"Hajek(recency=5.0,delta=0.20)",Hajek,5.0,0.2,10,20,169,10000,,yes,0.035,0.9111475905555232
1823,0.5371930042837796,0.9761509076753222,0.4389579033915426,"Hajek(recency=5.0,delta=0.20)",Hajek,5.0,0.2,10,20,169,10000,,yes,0.035,0.9111475905555232
1824,0.5356200928512288,0.954177752028897,0.4185576591776682,"Hajek(recency=5.0,delta=0.20)",Hajek,5.0,0.2,10,20,169,10000,,yes,0.035,0.9111475905555232
1825,0.5395627483686205,0.9520019728292776,0.41243922446065706,"Hajek(recency=5.0,delta=0.20)",Hajek,5.0,0.2,10,20,169,10000,,yes,0.035,0.9111475905555232
1826,0.537956418619016,0.9536573403908063,0.4157009217717903,"Hajek(recency=5.0,delta=0.20)",Hajek,5.0,0.2,10,20,169,10000,,yes,0.035,0.9111475905555232
1827,0.5451146746766976,0.9573634100383042,0.41224873536160656,"Hajek(recency=5.0,delta=0.20)",Hajek,5.0,0.2,10,20,169,10000,,yes,0.035,0.9111475905555232
1828,0.5358979437047076,0.9645332319002532,0.42863528819554564,"Hajek(recency=5.0,delta=0.20)",Hajek,5.0,0.2,10,20,169,10000,,yes,0.035,0.9111475905555232
1829,0.5351831497679406,0.9600950140401578,0.4249118642722173,"Hajek(recency=5.0,delta=0.20)",Hajek,5.0,0.2,10,20,169,10000,,yes,0.035,0.9111475905555232
1830,0.5343283432052973,0.9551102613475604,0.42078191814226307,"Hajek(recency=5.0,delta=0.20)",Hajek,5.0,0.2,10,20,169,10000,,yes,0.035,0.9111475905555232
1831,0.5388970713615718,0.951851026138978,0.41295395477740615,"Hajek(recency=5.0,delta=0.20)",Hajek,5.0,0.2,10,20,169,10000,,yes,0.035,0.9111475905555232
1832,0.5365625414163636,0.962447683753128,0.42588514233676433,"Hajek(recency=5.0,delta=0.20)",Hajek,5.0,0.2,10,20,169,10000,,yes,0.035,0.9111475905555232
1833,0.5400343951435241,0.9645407202994338,0.4245063251559097,"Hajek(recency=5.0,delta=0.20)",Hajek,5.0,0.2,10,20,169,10000,,yes,0.035,0.9111475905555232
1834,0.5399234184483095,0.9634142534878825,0.42349083503957297,"Hajek(recency=5.0,delta=0.20)",Hajek,5.0,0.2,10,20,169,10000,,yes,0.035,0.9111475905555232
1835,0.5444244591379978,0.9637520292662973,0.4193275701282996,"Hajek(recency=5.0,delta=0.20)",Hajek,5.0,0.2,10,20,169,10000,,yes,0.035,0.9111475905555232
1836,0.5344457410658768,0.9519145098840984,0.4174687688182216,"Hajek(recency=5.0,delta=0.20)",Hajek,5.0,0.2,10,20,169,10000,,yes,0.035,0.9111475905555232
1837,0.5403843092840107,0.9602438303693603,0.41985952108534963,"Hajek(recency=5.0,delta=0.20)",Hajek,5.0,0.2,10,20,169,10000,,yes,0.035,0.9111475905555232
1838,0.5370920952871525,0.9544305511519514,0.4173384558647989,"Hajek(recency=5.0,delta=0.20)",Hajek,5.0,0.2,10,20,169,10000,,yes,0.035,0.9111475905555232
1839,0.5358995268822062,0.954422398433778,0.41852287155157175,"Hajek(recency=5.0,delta=0.20)",Hajek,5.0,0.2,10,20,169,10000,,yes,0.035,0.9111475905555232
1840,0.538230545125752,0.9651248865735453,0.42689434144779337,"Hajek(recency=5.0,delta=0.20)",Hajek,5.0,0.2,10,20,169,10000,,yes,0.035,0.9111475905555232
1841,0.5375875083027297,0.9588827687527475,0.42129526045001775,"Hajek(recency=5.0,delta=0.20)",Hajek,5.0,0.2,10,20,169,10000,,yes,0.035,0.9111475905555232
1842,0.5365027074437172,0.9567103411607836,0.4202076337170664,"Hajek(recency=5.0,delta=0.20)",Hajek,5.0,0.2,10,20,169,10000,,yes,0.035,0.9111475905555232
1843,0.5402039860175782,0.9481595403416487,0.4079555543240705,"Hajek(recency=5.0,delta=0.20)",Hajek,5.0,0.2,10,20,169,10000,,yes,0.035,0.9111475905555232
1844,0.5383781361966481,0.9669257097030205,0.4285475735063724,"Hajek(recency=5.0,delta=0.20)",Hajek,5.0,0.2,10,20,169,10000,,yes,0.035,0.9111475905555232
1845,0.5385478297001837,0.9490565359409617,0.41050870624077807,"Hajek(recency=5.0,delta=0.20)",Hajek,5.0,0.2,10,20,169,10000,,yes,0.035,0.9111475905555232
1846,0.5342744817780235,0.9488149393344284,0.4145404575564049,"Hajek(recency=5.0,delta=0.20)",Hajek,5.0,0.2,10,20,169,10000,,yes,0.035,0.9111475905555232
1847,0.5364162320706579,0.9651918518576814,0.4287756197870235,"Hajek(recency=5.0,delta=0.20)",Hajek,5.0,0.2,10,20,169,10000,,yes,0.035,0.9111475905555232
1848,0.535936723880129,0.9517585907073286,0.41582186682719957,"Hajek(recency=5.0,delta=0.20)",Hajek,5.0,0.2,10,20,169,10000,,yes,0.035,0.9111475905555232
1849,0.5387057311648084,0.9554254655871512,0.4167197344223429,"Hajek(recency=5.0,delta=0.20)",Hajek,5.0,0.2,10,20,169,10000,,yes,0.035,0.9111475905555232
1850,0.5384070875331766,0.9622638152561931,0.4238567277230165,"Hajek(recency=5.0,delta=0.20)",Hajek,5.0,0.2,10,20,169,10000,,yes,0.035,0.9111475905555232
1851,0.5370239386591492,0.9567680976415485,0.41974415898239925,"Hajek(recency=5.0,delta=0.20)",Hajek,5.0,0.2,10,20,169,10000,,yes,0.035,0.9111475905555232
1852,0.5373899880905868,0.9602372295047991,0.42284724141421226,"Hajek(recency=5.0,delta=0.20)",Hajek,5.0,0.2,10,20,169,10000,,yes,0.035,0.9111475905555232
1853,0.5379883662456,0.9639404754005625,0.4259521091549625,"Hajek(recency=5.0,delta=0.20)",Hajek,5.0,0.2,10,20,169,10000,,yes,0.035,0.9111475905555232
1854,0.5369438594871128,0.942629016899809,0.4056851574126963,"Hajek(recency=5.0,delta=0.20)",Hajek,5.0,0.2,10,20,169,10000,,yes,0.035,0.9111475905555232
1855,0.5390205728384511,0.9558579020632435,0.41683732922479244,"Hajek(recency=5.0,delta=0.20)",Hajek,5.0,0.2,10,20,169,10000,,yes,0.035,0.9111475905555232
1856,0.5365961702581936,0.9784348092988703,0.44183863904067666,"Hajek(recency=5.0,delta=0.20)",Hajek,5.0,0.2,10,20,169,10000,,yes,0.035,0.9111475905555232
1857,0.5391934910941382,0.9697794945403065,0.4305860034461684,"Hajek(recency=5.0,delta=0.20)",Hajek,5.0,0.2,10,20,169,10000,,yes,0.035,0.9111475905555232
1858,0.5351084767216739,0.9620602410681319,0.426951764346458,"Hajek(recency=5.0,delta=0.20)",Hajek,5.0,0.2,10,20,169,10000,,yes,0.035,0.9111475905555232
1859,0.5369879297339364,0.9611081509224141,0.4241202211884777,"Hajek(recency=5.0,delta=0.20)",Hajek,5.0,0.2,10,20,169,10000,,yes,0.035,0.9111475905555232
1860,0.5362621753982433,0.9584439287190615,0.4221817533208182,"Hajek(recency=5.0,delta=0.20)",Hajek,5.0,0.2,10,20,169,10000,,yes,0.035,0.9111475905555232
1861,0.5368633613366618,0.9691643292794091,0.4323009679427473,"Hajek(recency=5.0,delta=0.20)",Hajek,5.0,0.2,10,20,169,10000,,yes,0.035,0.9111475905555232
1862,0.537999644271224,0.963933448934649,0.425933804663425,"Hajek(recency=5.0,delta=0.20)",Hajek,5.0,0.2,10,20,169,10000,,yes,0.035,0.9111475905555232
1863,0.5366484548234713,0.9484689839384682,0.4118205291149969,"Hajek(recency=5.0,delta=0.20)",Hajek,5.0,0.2,10,20,169,10000,,yes,0.035,0.9111475905555232
1864,0.5393195567561835,0.9646289391617948,0.42530938240561134,"Hajek(recency=5.0,delta=0.20)",Hajek,5.0,0.2,10,20,169,10000,,yes,0.035,0.9111475905555232
1865,0.5403726334757629,0.961498118811685,0.4211254853359221,"Hajek(recency=5.0,delta=0.20)",Hajek,5.0,0.2,10,20,169,10000,,yes,0.035,0.9111475905555232
1866,0.5423492221409267,0.9608933391578754,0.4185441170169487,"Hajek(recency=5.0,delta=0.20)",Hajek,5.0,0.2,10,20,169,10000,,yes,0.035,0.9111475905555232
1867,0.540550093350508,0.9522192742696303,0.4116691809191223,"Hajek(recency=5.0,delta=0.20)",Hajek,5.0,0.2,10,20,169,10000,,yes,0.035,0.9111475905555232
1868,0.5381370336782144,0.967632088511314,0.4294950548330996,"Hajek(recency=5.0,delta=0.20)",Hajek,5.0,0.2,10,20,169,10000,,yes,0.035,0.9111475905555232
1869,0.5383131084776913,0.9575298180378299,0.41921670956013857,"Hajek(recency=5.0,delta=0.20)",Hajek,5.0,0.2,10,20,169,10000,,yes,0.035,0.9111475905555232
1870,0.5339954310483287,0.9574725536532458,0.4234771226049171,"Hajek(recency=5.0,delta=0.20)",Hajek,5.0,0.2,10,20,169,10000,,yes,0.035,0.9111475905555232
1871,0.5369719225921884,0.9569521963215791,0.41998027372939073,"Hajek(recency=5.0,delta=0.20)",Hajek,5.0,0.2,10,20,169,10000,,yes,0.035,0.9111475905555232
1872,0.5345853351942632,0.9670685810669778,0.4324832458727146,"Hajek(recency=5.0,delta=0.20)",Hajek,5.0,0.2,10,20,169,10000,,yes,0.035,0.9111475905555232
1873,0.538109050604825,0.9550020005736094,0.41689294996878445,"Hajek(recency=5.0,delta=0.20)",Hajek,5.0,0.2,10,20,169,10000,,yes,0.035,0.9111475905555232
1874,0.5375225021310776,0.966593418296125,0.42907091616504744,"Hajek(recency=5.0,delta=0.20)",Hajek,5.0,0.2,10,20,169,10000,,yes,0.035,0.9111475905555232
1875,0.5374814190191745,0.9563637954897476,0.41888237647057314,"Hajek(recency=5.0,delta=0.20)",Hajek,5.0,0.2,10,20,169,10000,,yes,0.035,0.9111475905555232
1876,0.5349002023540382,0.9417994492692234,0.4068992469151852,"Hajek(recency=5.0,delta=0.20)",Hajek,5.0,0.2,10,20,169,10000,,yes,0.035,0.9111475905555232
1877,0.5304201512176825,0.9701459279954596,0.43972577677777713,"Hajek(recency=5.0,delta=0.20)",Hajek,5.0,0.2,10,20,169,10000,,yes,0.035,0.9111475905555232
1878,0.5338304202472584,0.945528092506416,0.41169767225915765,"Hajek(recency=5.0,delta=0.20)",Hajek,5.0,0.2,10,20,169,10000,,yes,0.035,0.9111475905555232
1879,0.5343321773911739,0.9519717722527293,0.41763959486155544,"Hajek(recency=5.0,delta=0.20)",Hajek,5.0,0.2,10,20,169,10000,,yes,0.035,0.9111475905555232
1880,0.5442066880895877,0.9565756712314499,0.4123689831418622,"Hajek(recency=5.0,delta=0.20)",Hajek,5.0,0.2,10,20,169,10000,,yes,0.035,0.9111475905555232
1881,0.5345123425141166,0.9500644057320006,0.41555206321788396,"Hajek(recency=5.0,delta=0.20)",Hajek,5.0,0.2,10,20,169,10000,,yes,0.035,0.9111475905555232
1882,0.5409655714567255,0.9599149673138422,0.41894939585711666,"Hajek(recency=5.0,delta=0.20)",Hajek,5.0,0.2,10,20,169,10000,,yes,0.035,0.9111475905555232
1883,0.5381427989465963,0.9594536256143913,0.42131082666779496,"Hajek(recency=5.0,delta=0.20)",Hajek,5.0,0.2,10,20,169,10000,,yes,0.035,0.9111475905555232
1884,0.5374566998238942,0.9644058789274033,0.42694917910350905,"Hajek(recency=5.0,delta=0.20)",Hajek,5.0,0.2,10,20,169,10000,,yes,0.035,0.9111475905555232
1885,0.5361245367986506,0.9576905069528959,0.42156597015424535,"Hajek(recency=5.0,delta=0.20)",Hajek,5.0,0.2,10,20,169,10000,,yes,0.035,0.9111475905555232
1886,0.5338749794669274,0.9607354146842457,0.4268604352173183,"Hajek(recency=5.0,delta=0.20)",Hajek,5.0,0.2,10,20,169,10000,,yes,0.035,0.9111475905555232
1887,0.5337659510596081,0.9605324809776475,0.42676652991803943,"Hajek(recency=5.0,delta=0.20)",Hajek,5.0,0.2,10,20,169,10000,,yes,0.035,0.9111475905555232
1888,0.5368068629499022,0.9716268217677684,0.43481995881786617,"Hajek(recency=5.0,delta=0.20)",Hajek,5.0,0.2,10,20,169,10000,,yes,0.035,0.9111475905555232
1889,0.5401322606148038,0.9553957321189253,0.41526347150412146,"Hajek(recency=5.0,delta=0.20)",Hajek,5.0,0.2,10,20,169,10000,,yes,0.035,0.9111475905555232
1890,0.5362084542951936,0.9465495619183317,0.41034110762313813,"Hajek(recency=5.0,delta=0.20)",Hajek,5.0,0.2,10,20,169,10000,,yes,0.035,0.9111475905555232
1891,0.5380978179312458,0.9634363269377794,0.4253385090065336,"Hajek(recency=5.0,delta=0.20)",Hajek,5.0,0.2,10,20,169,10000,,yes,0.035,0.9111475905555232
1892,0.5350746217440159,0.9715057083574045,0.4364310866133886,"Hajek(recency=5.0,delta=0.20)",Hajek,5.0,0.2,10,20,169,10000,,yes,0.035,0.9111475905555232
1893,0.5398206586954697,0.9571652984732861,0.41734463977781644,"Hajek(recency=5.0,delta=0.20)",Hajek,5.0,0.2,10,20,169,10000,,yes,0.035,0.9111475905555232
1894,0.5382532250292479,0.9633346362182174,0.42508141118896947,"Hajek(recency=5.0,delta=0.20)",Hajek,5.0,0.2,10,20,169,10000,,yes,0.035,0.9111475905555232
1895,0.5364305089955337,0.9572548107579884,0.42082430176245467,"Hajek(recency=5.0,delta=0.20)",Hajek,5.0,0.2,10,20,169,10000,,yes,0.035,0.9111475905555232
1896,0.5366648780724367,0.9597294959561083,0.42306461788367167,"Hajek(recency=5.0,delta=0.20)",Hajek,5.0,0.2,10,20,169,10000,,yes,0.035,0.9111475905555232
1897,0.5351955667426808,0.9521097837888413,0.4169142170461605,"Hajek(recency=5.0,delta=0.20)",Hajek,5.0,0.2,10,20,169,10000,,yes,0.035,0.9111475905555232
1898,0.5389053344497813,0.9615438689094943,0.422638534459713,"Hajek(recency=5.0,delta=0.20)",Hajek,5.0,0.2,10,20,169,10000,,yes,0.035,0.9111475905555232
1899,0.5324457884560252,0.9605953888733094,0.4281496004172842,"Hajek(recency=5.0,delta=0.20)",Hajek,5.0,0.2,10,20,169,10000,,yes,0.035,0.9111475905555232
1900,0.5376963780048714,0.9685862340061614,0.43088985600129004,"Hajek(recency=5.0,delta=0.20)",Hajek,5.0,0.2,10,20,169,10000,,yes,0.035,0.9111475905555232
1901,0.535553582815959,0.9543730717527477,0.41881948893678866,"Hajek(recency=5.0,delta=0.20)",Hajek,5.0,0.2,10,20,169,10000,,yes,0.035,0.9111475905555232
1902,0.5403306677763833,0.9558529363813634,0.4155222686049801,"Hajek(recency=5.0,delta=0.20)",Hajek,5.0,0.2,10,20,169,10000,,yes,0.035,0.9111475905555232
1903,0.5414970809774143,0.9618799844759491,0.4203829034985348,"Hajek(recency=5.0,delta=0.20)",Hajek,5.0,0.2,10,20,169,10000,,yes,0.035,0.9111475905555232
1904,0.5388174781868623,0.958471834747741,0.4196543565608787,"Hajek(recency=5.0,delta=0.20)",Hajek,5.0,0.2,10,20,169,10000,,yes,0.035,0.9111475905555232
1905,0.5377091745478055,0.9692427652032295,0.43153359065542396,"Hajek(recency=5.0,delta=0.20)",Hajek,5.0,0.2,10,20,169,10000,,yes,0.035,0.9111475905555232
1906,0.5414595008751554,0.9590569999045736,0.41759749902941823,"Hajek(recency=5.0,delta=0.20)",Hajek,5.0,0.2,10,20,169,10000,,yes,0.035,0.9111475905555232
1907,0.5398525811635595,0.9592332615549268,0.41938068039136733,"Hajek(recency=5.0,delta=0.20)",Hajek,5.0,0.2,10,20,169,10000,,yes,0.035,0.9111475905555232
1908,0.534102860535377,0.9553412321795908,0.42123837164421374,"Hajek(recency=5.0,delta=0.20)",Hajek,5.0,0.2,10,20,169,10000,,yes,0.035,0.9111475905555232
1909,0.5340316204581143,0.9555696782463728,0.4215380577882586,"Hajek(recency=5.0,delta=0.20)",Hajek,5.0,0.2,10,20,169,10000,,yes,0.035,0.9111475905555232
1910,0.5360925528173212,0.9479091992390571,0.411816646421736,"Hajek(recency=5.0,delta=0.20)",Hajek,5.0,0.2,10,20,169,10000,,yes,0.035,0.9111475905555232
1911,0.5408048193249697,0.9608057514580888,0.42000093213311906,"Hajek(recency=5.0,delta=0.20)",Hajek,5.0,0.2,10,20,169,10000,,yes,0.035,0.9111475905555232
1912,0.5401756231248552,0.9570404055311112,0.416864782406256,"Hajek(recency=5.0,delta=0.20)",Hajek,5.0,0.2,10,20,169,10000,,yes,0.035,0.9111475905555232
1913,0.5351146092190832,0.9571112403406452,0.42199663112156205,"Hajek(recency=5.0,delta=0.20)",Hajek,5.0,0.2,10,20,169,10000,,yes,0.035,0.9111475905555232
1914,0.535413750058897,0.9606084254328194,0.4251946753739224,"Hajek(recency=5.0,delta=0.20)",Hajek,5.0,0.2,10,20,169,10000,,yes,0.035,0.9111475905555232
1915,0.5378006534832718,0.9644334154178706,0.42663276193459887,"Hajek(recency=5.0,delta=0.20)",Hajek,5.0,0.2,10,20,169,10000,,yes,0.035,0.9111475905555232
1916,0.5400654460605073,0.9705792525879404,0.4305138065274331,"Hajek(recency=5.0,delta=0.20)",Hajek,5.0,0.2,10,20,169,10000,,yes,0.035,0.9111475905555232
1917,0.5376315495692243,0.9599330242338089,0.42230147466458456,"Hajek(recency=5.0,delta=0.20)",Hajek,5.0,0.2,10,20,169,10000,,yes,0.035,0.9111475905555232
1918,0.5372705754818504,0.9570897110326095,0.4198191355507591,"Hajek(recency=5.0,delta=0.20)",Hajek,5.0,0.2,10,20,169,10000,,yes,0.035,0.9111475905555232
1919,0.5381065081969528,0.9568545920787518,0.41874808388179896,"Hajek(recency=5.0,delta=0.20)",Hajek,5.0,0.2,10,20,169,10000,,yes,0.035,0.9111475905555232
1920,0.5371187629394029,0.9693520490558015,0.43223328611639866,"Hajek(recency=5.0,delta=0.20)",Hajek,5.0,0.2,10,20,169,10000,,yes,0.035,0.9111475905555232
1921,0.5382555356416109,0.9577358719536935,0.4194803363120826,"Hajek(recency=5.0,delta=0.20)",Hajek,5.0,0.2,10,20,169,10000,,yes,0.035,0.9111475905555232
1922,0.5392578919574178,0.9626696250788627,0.42341173312144487,"Hajek(recency=5.0,delta=0.20)",Hajek,5.0,0.2,10,20,169,10000,,yes,0.035,0.9111475905555232
1923,0.5335134096914826,0.9556514863499327,0.42213807665845005,"Hajek(recency=5.0,delta=0.20)",Hajek,5.0,0.2,10,20,169,10000,,yes,0.035,0.9111475905555232
1924,0.5361405198336405,0.9673283304547323,0.4311878106210918,"Hajek(recency=5.0,delta=0.20)",Hajek,5.0,0.2,10,20,169,10000,,yes,0.035,0.9111475905555232
1925,0.5368142605456321,0.9556436073466815,0.41882934680104944,"Hajek(recency=5.0,delta=0.20)",Hajek,5.0,0.2,10,20,169,10000,,yes,0.035,0.9111475905555232
1926,0.5372348081047346,0.9617608663066127,0.42452605820187816,"Hajek(recency=5.0,delta=0.20)",Hajek,5.0,0.2,10,20,169,10000,,yes,0.035,0.9111475905555232
1927,0.5379228805086986,0.9508159600365924,0.4128930795278938,"Hajek(recency=5.0,delta=0.20)",Hajek,5.0,0.2,10,20,169,10000,,yes,0.035,0.9111475905555232
1928,0.5368793553395891,0.9530312796652378,0.41615192432564874,"Hajek(recency=5.0,delta=0.20)",Hajek,5.0,0.2,10,20,169,10000,,yes,0.035,0.9111475905555232
1929,0.5382073826249802,0.9616991457060128,0.42349176308103254,"Hajek(recency=5.0,delta=0.20)",Hajek,5.0,0.2,10,20,169,10000,,yes,0.035,0.9111475905555232
1930,0.5360280544209556,0.9635362656642299,0.4275082112432743,"Hajek(recency=5.0,delta=0.20)",Hajek,5.0,0.2,10,20,169,10000,,yes,0.035,0.9111475905555232
1931,0.5412095512865499,0.9529682311186399,0.41175867983209,"Hajek(recency=5.0,delta=0.20)",Hajek,5.0,0.2,10,20,169,10000,,yes,0.035,0.9111475905555232
1932,0.5384357201832458,0.9541993527354627,0.41576363255221693,"Hajek(recency=5.0,delta=0.20)",Hajek,5.0,0.2,10,20,169,10000,,yes,0.035,0.9111475905555232
1933,0.537328101672911,0.9602709480733611,0.4229428464004501,"Hajek(recency=5.0,delta=0.20)",Hajek,5.0,0.2,10,20,169,10000,,yes,0.035,0.9111475905555232
1934,0.538547999429632,0.9639206687648498,0.4253726693352178,"Hajek(recency=5.0,delta=0.20)",Hajek,5.0,0.2,10,20,169,10000,,yes,0.035,0.9111475905555232
1935,0.5351132598621667,0.9636883501557191,0.42857509029355234,"Hajek(recency=5.0,delta=0.20)",Hajek,5.0,0.2,10,20,169,10000,,yes,0.035,0.9111475905555232
1936,0.5353551873566359,0.9508784841940083,0.41552329683737244,"Hajek(recency=5.0,delta=0.20)",Hajek,5.0,0.2,10,20,169,10000,,yes,0.035,0.9111475905555232
1937,0.5367354942936333,0.9560731112261343,0.41933761693250093,"Hajek(recency=5.0,delta=0.20)",Hajek,5.0,0.2,10,20,169,10000,,yes,0.035,0.9111475905555232
1938,0.5381493820226073,0.9654060518594566,0.4272566698368493,"Hajek(recency=5.0,delta=0.20)",Hajek,5.0,0.2,10,20,169,10000,,yes,0.035,0.9111475905555232
1939,0.540109271730647,0.9600584802776102,0.41994920854696316,"Hajek(recency=5.0,delta=0.20)",Hajek,5.0,0.2,10,20,169,10000,,yes,0.035,0.9111475905555232
1940,0.5346718538962055,0.9554962838779771,0.4208244299817716,"Hajek(recency=5.0,delta=0.20)",Hajek,5.0,0.2,10,20,169,10000,,yes,0.035,0.9111475905555232
1941,0.5365750412304138,0.9509654223398996,0.4143903811094858,"Hajek(recency=5.0,delta=0.20)",Hajek,5.0,0.2,10,20,169,10000,,yes,0.035,0.9111475905555232
1942,0.5385861274051879,0.9657021755313403,0.42711604812615245,"Hajek(recency=5.0,delta=0.20)",Hajek,5.0,0.2,10,20,169,10000,,yes,0.035,0.9111475905555232
1943,0.5397874075071641,0.956581084446503,0.4167936769393389,"Hajek(recency=5.0,delta=0.20)",Hajek,5.0,0.2,10,20,169,10000,,yes,0.035,0.9111475905555232
1944,0.5369456356359534,0.9590598704956952,0.42211423485974175,"Hajek(recency=5.0,delta=0.20)",Hajek,5.0,0.2,10,20,169,10000,,yes,0.035,0.9111475905555232
1945,0.5369928024593534,0.9418571703234008,0.40486436786404734,"Hajek(recency=5.0,delta=0.20)",Hajek,5.0,0.2,10,20,169,10000,,yes,0.035,0.9111475905555232
1946,0.5369157583361864,0.9622751851402404,0.4253594268040539,"Hajek(recency=5.0,delta=0.20)",Hajek,5.0,0.2,10,20,169,10000,,yes,0.035,0.9111475905555232
1947,0.5406103831244484,0.9537393312309199,0.4131289481064715,"Hajek(recency=5.0,delta=0.20)",Hajek,5.0,0.2,10,20,169,10000,,yes,0.035,0.9111475905555232
1948,0.5364280937851365,0.9664225731489675,0.42999447936383106,"Hajek(recency=5.0,delta=0.20)",Hajek,5.0,0.2,10,20,169,10000,,yes,0.035,0.9111475905555232
1949,0.5389468521575028,0.9562255704154028,0.41727871825789997,"Hajek(recency=5.0,delta=0.20)",Hajek,5.0,0.2,10,20,169,10000,,yes,0.035,0.9111475905555232
1950,0.5358875698685034,0.9684364772801809,0.4325489074116775,"Hajek(recency=5.0,delta=0.20)",Hajek,5.0,0.2,10,20,169,10000,,yes,0.035,0.9111475905555232
1951,0.5350438369237801,0.9660801649351082,0.4310363280113281,"Hajek(recency=5.0,delta=0.20)",Hajek,5.0,0.2,10,20,169,10000,,yes,0.035,0.9111475905555232
1952,0.5382432793205569,0.9594505305762745,0.42120725125571756,"Hajek(recency=5.0,delta=0.20)",Hajek,5.0,0.2,10,20,169,10000,,yes,0.035,0.9111475905555232
1953,0.5373743751665673,0.9557910794665754,0.4184167043000081,"Hajek(recency=5.0,delta=0.20)",Hajek,5.0,0.2,10,20,169,10000,,yes,0.035,0.9111475905555232
1954,0.5371165599310588,0.9537154585022164,0.4165988985711576,"Hajek(recency=5.0,delta=0.20)",Hajek,5.0,0.2,10,20,169,10000,,yes,0.035,0.9111475905555232
1955,0.5365250256010067,0.953799164973172,0.4172741393721653,"Hajek(recency=5.0,delta=0.20)",Hajek,5.0,0.2,10,20,169,10000,,yes,0.035,0.9111475905555232
1956,0.5330506343365297,0.9616543332665811,0.42860369893005146,"Hajek(recency=5.0,delta=0.20)",Hajek,5.0,0.2,10,20,169,10000,,yes,0.035,0.9111475905555232
1957,0.5411011894212345,0.9558945305138314,0.4147933410925969,"Hajek(recency=5.0,delta=0.20)",Hajek,5.0,0.2,10,20,169,10000,,yes,0.035,0.9111475905555232
1958,0.5353081997471268,0.9627837262349435,0.4274755264878166,"Hajek(recency=5.0,delta=0.20)",Hajek,5.0,0.2,10,20,169,10000,,yes,0.035,0.9111475905555232
1959,0.5400582653941686,0.9639730835278019,0.4239148181336333,"Hajek(recency=5.0,delta=0.20)",Hajek,5.0,0.2,10,20,169,10000,,yes,0.035,0.9111475905555232
1960,0.541894464651446,0.9614154485418708,0.4195209838904248,"Hajek(recency=5.0,delta=0.20)",Hajek,5.0,0.2,10,20,169,10000,,yes,0.035,0.9111475905555232
1961,0.5346774198514694,0.9649774519212976,0.43030003206982814,"Hajek(recency=5.0,delta=0.20)",Hajek,5.0,0.2,10,20,169,10000,,yes,0.035,0.9111475905555232
1962,0.5395599681887053,0.9574335649188599,0.41787359673015456,"Hajek(recency=5.0,delta=0.20)",Hajek,5.0,0.2,10,20,169,10000,,yes,0.035,0.9111475905555232
1963,0.5382073402334119,0.9497661282305512,0.4115587879971393,"Hajek(recency=5.0,delta=0.20)",Hajek,5.0,0.2,10,20,169,10000,,yes,0.035,0.9111475905555232
1964,0.5371010277937632,0.9492940579098814,0.4121930301161182,"Hajek(recency=5.0,delta=0.20)",Hajek,5.0,0.2,10,20,169,10000,,yes,0.035,0.9111475905555232
1965,0.5331566457787003,0.9582316167535763,0.425074970974876,"Hajek(recency=5.0,delta=0.20)",Hajek,5.0,0.2,10,20,169,10000,,yes,0.035,0.9111475905555232
1966,0.5344486372884295,0.9547309468821732,0.4202823095937437,"Hajek(recency=5.0,delta=0.20)",Hajek,5.0,0.2,10,20,169,10000,,yes,0.035,0.9111475905555232
1967,0.5414770921515475,0.9683840728833498,0.42690698073180233,"Hajek(recency=5.0,delta=0.20)",Hajek,5.0,0.2,10,20,169,10000,,yes,0.035,0.9111475905555232
1968,0.5392383507145914,0.9560374272181078,0.41679907650351644,"Hajek(recency=5.0,delta=0.20)",Hajek,5.0,0.2,10,20,169,10000,,yes,0.035,0.9111475905555232
1969,0.5362525840264663,0.966159832715731,0.4299072486892648,"Hajek(recency=5.0,delta=0.20)",Hajek,5.0,0.2,10,20,169,10000,,yes,0.035,0.9111475905555232
1970,0.5396552413900126,0.9557185849733182,0.41606334358330554,"Hajek(recency=5.0,delta=0.20)",Hajek,5.0,0.2,10,20,169,10000,,yes,0.035,0.9111475905555232
1971,0.5390087664042237,0.9543993844025432,0.41539061799831956,"Hajek(recency=5.0,delta=0.20)",Hajek,5.0,0.2,10,20,169,10000,,yes,0.035,0.9111475905555232
1972,0.5401349983950954,0.9602211229638165,0.4200861245687211,"Hajek(recency=5.0,delta=0.20)",Hajek,5.0,0.2,10,20,169,10000,,yes,0.035,0.9111475905555232
1973,0.5373772882716029,0.9642247767588982,0.42684748848729526,"Hajek(recency=5.0,delta=0.20)",Hajek,5.0,0.2,10,20,169,10000,,yes,0.035,0.9111475905555232
1974,0.5432729633491784,0.9601182990796913,0.41684533573051286,"Hajek(recency=5.0,delta=0.20)",Hajek,5.0,0.2,10,20,169,10000,,yes,0.035,0.9111475905555232
1975,0.5421799572383293,0.9639571923560776,0.42177723511774823,"Hajek(recency=5.0,delta=0.20)",Hajek,5.0,0.2,10,20,169,10000,,yes,0.035,0.9111475905555232
1976,0.540027793604534,0.9613529187955226,0.42132512519098864,"Hajek(recency=5.0,delta=0.20)",Hajek,5.0,0.2,10,20,169,10000,,yes,0.035,0.9111475905555232
1977,0.5329054748036035,0.9505454956786052,0.41764002087500174,"Hajek(recency=5.0,delta=0.20)",Hajek,5.0,0.2,10,20,169,10000,,yes,0.035,0.9111475905555232
1978,0.5397909334805077,0.9604217429017348,0.4206308094212271,"Hajek(recency=5.0,delta=0.20)",Hajek,5.0,0.2,10,20,169,10000,,yes,0.035,0.9111475905555232
1979,0.5392813167035595,0.9534138323242294,0.4141325156206699,"Hajek(recency=5.0,delta=0.20)",Hajek,5.0,0.2,10,20,169,10000,,yes,0.035,0.9111475905555232
1980,0.5344153689850273,0.9573070342667116,0.4228916652816843,"Hajek(recency=5.0,delta=0.20)",Hajek,5.0,0.2,10,20,169,10000,,yes,0.035,0.9111475905555232
1981,0.5387785129967595,0.963848187763849,0.42506967476708946,"Hajek(recency=5.0,delta=0.20)",Hajek,5.0,0.2,10,20,169,10000,,yes,0.035,0.9111475905555232
1982,0.5370323221495598,0.9599145461673728,0.42288222401781306,"Hajek(recency=5.0,delta=0.20)",Hajek,5.0,0.2,10,20,169,10000,,yes,0.035,0.9111475905555232
1983,0.5322131468545449,0.9549553915492762,0.4227422446947313,"Hajek(recency=5.0,delta=0.20)",Hajek,5.0,0.2,10,20,169,10000,,yes,0.035,0.9111475905555232
1984,0.533587015037279,0.9562769745743784,0.4226899595370994,"Hajek(recency=5.0,delta=0.20)",Hajek,5.0,0.2,10,20,169,10000,,yes,0.035,0.9111475905555232
1985,0.5367443571480727,0.9550131429845632,0.4182687858364905,"Hajek(recency=5.0,delta=0.20)",Hajek,5.0,0.2,10,20,169,10000,,yes,0.035,0.9111475905555232
1986,0.5359148487464582,0.9612792991842488,0.4253644504377906,"Hajek(recency=5.0,delta=0.20)",Hajek,5.0,0.2,10,20,169,10000,,yes,0.035,0.9111475905555232
1987,0.5364928369125209,0.9635773473917992,0.4270845104792783,"Hajek(recency=5.0,delta=0.20)",Hajek,5.0,0.2,10,20,169,10000,,yes,0.035,0.9111475905555232
1988,0.5381295442377134,0.9598444012393403,0.4217148570016269,"Hajek(recency=5.0,delta=0.20)",Hajek,5.0,0.2,10,20,169,10000,,yes,0.035,0.9111475905555232
1989,0.5385710635998445,0.9576261259257547,0.41905506232591017,"Hajek(recency=5.0,delta=0.20)",Hajek,5.0,0.2,10,20,169,10000,,yes,0.035,0.9111475905555232
1990,0.535596511521566,0.9537720902806375,0.4181755787590715,"Hajek(recency=5.0,delta=0.20)",Hajek,5.0,0.2,10,20,169,10000,,yes,0.035,0.9111475905555232
1991,0.5394844060416459,0.9642538847054327,0.4247694786637868,"Hajek(recency=5.0,delta=0.20)",Hajek,5.0,0.2,10,20,169,10000,,yes,0.035,0.9111475905555232
1992,0.5346965629563565,0.9514023832428143,0.41670582028645786,"Hajek(recency=5.0,delta=0.20)",Hajek,5.0,0.2,10,20,169,10000,,yes,0.035,0.9111475905555232
1993,0.537694761507209,0.9642827729248438,0.4265880114176348,"Hajek(recency=5.0,delta=0.20)",Hajek,5.0,0.2,10,20,169,10000,,yes,0.035,0.9111475905555232
1994,0.5339103316462297,0.9452415980771206,0.4113312664308909,"Hajek(recency=5.0,delta=0.20)",Hajek,5.0,0.2,10,20,169,10000,,yes,0.035,0.9111475905555232
1995,0.5425433075449038,0.9512951852618947,0.40875187771699095,"Hajek(recency=5.0,delta=0.20)",Hajek,5.0,0.2,10,20,169,10000,,yes,0.035,0.9111475905555232
1996,0.5345769442403697,0.9580655609337284,0.4234886166933587,"Hajek(recency=5.0,delta=0.20)",Hajek,5.0,0.2,10,20,169,10000,,yes,0.035,0.9111475905555232
1997,0.5377410700447426,0.962056363148227,0.42431529310348437,"Hajek(recency=5.0,delta=0.20)",Hajek,5.0,0.2,10,20,169,10000,,yes,0.035,0.9111475905555232
1998,0.5345684742243263,0.9562807940114137,0.42171231978708745,"Hajek(recency=5.0,delta=0.20)",Hajek,5.0,0.2,10,20,169,10000,,yes,0.035,0.9111475905555232
1999,0.5353084987449016,0.9501513296009231,0.41484283085602147,"Hajek(recency=5.0,delta=0.20)",Hajek,5.0,0.2,10,20,169,10000,,yes,0.035,0.9111475905555232
2000,0.5390834836222596,0.9561508170313717,0.4170673334091122,"Horvitz-Thompson(recency=10.0,delta=0.20)",HT,10.0,0.2,10,20,169,10000,,yes,0.035,0.9111475905555232
2001,0.5163297169911646,1.0432080553306289,0.5268783383394643,"Horvitz-Thompson(recency=10.0,delta=0.20)",HT,10.0,0.2,10,20,169,10000,,yes,0.035,0.9111475905555232
2002,0.5316285195544617,0.980457370249221,0.4488288506947593,"Horvitz-Thompson(recency=10.0,delta=0.20)",HT,10.0,0.2,10,20,169,10000,,yes,0.035,0.9111475905555232
2003,0.513789834642394,1.0380215232349037,0.5242316885925097,"Horvitz-Thompson(recency=10.0,delta=0.20)",HT,10.0,0.2,10,20,169,10000,,yes,0.035,0.9111475905555232
2004,0.49168721689683326,1.087278334967519,0.5955911180706858,"Horvitz-Thompson(recency=10.0,delta=0.20)",HT,10.0,0.2,10,20,169,10000,,yes,0.035,0.9111475905555232
2005,0.5198787324395451,1.0477179596677555,0.5278392272282104,"Horvitz-Thompson(recency=10.0,delta=0.20)",HT,10.0,0.2,10,20,169,10000,,yes,0.035,0.9111475905555232
2006,0.5526652902030526,0.9579342742502465,0.4052689840471939,"Horvitz-Thompson(recency=10.0,delta=0.20)",HT,10.0,0.2,10,20,169,10000,,yes,0.035,0.9111475905555232
2007,0.5227093856823685,1.0246372422594414,0.501927856577073,"Horvitz-Thompson(recency=10.0,delta=0.20)",HT,10.0,0.2,10,20,169,10000,,yes,0.035,0.9111475905555232
2008,0.5212363536321786,0.9917415793975694,0.4705052257653908,"Horvitz-Thompson(recency=10.0,delta=0.20)",HT,10.0,0.2,10,20,169,10000,,yes,0.035,0.9111475905555232
2009,0.5423770637184232,0.9812493522537631,0.4388722885353399,"Horvitz-Thompson(recency=10.0,delta=0.20)",HT,10.0,0.2,10,20,169,10000,,yes,0.035,0.9111475905555232
2010,0.5344150281036111,0.9990106334031642,0.4645956052995531,"Horvitz-Thompson(recency=10.0,delta=0.20)",HT,10.0,0.2,10,20,169,10000,,yes,0.035,0.9111475905555232
2011,0.49456373182616564,1.0308786407248385,0.5363149088986728,"Horvitz-Thompson(recency=10.0,delta=0.20)",HT,10.0,0.2,10,20,169,10000,,yes,0.035,0.9111475905555232
2012,0.5291424030656804,0.9450410987012553,0.4158986956355749,"Horvitz-Thompson(recency=10.0,delta=0.20)",HT,10.0,0.2,10,20,169,10000,,yes,0.035,0.9111475905555232
2013,0.4920000939759466,1.0586957217748236,0.566695627798877,"Horvitz-Thompson(recency=10.0,delta=0.20)",HT,10.0,0.2,10,20,169,10000,,yes,0.035,0.9111475905555232
2014,0.5374306096236718,0.9975229378559941,0.46009232823232227,"Horvitz-Thompson(recency=10.0,delta=0.20)",HT,10.0,0.2,10,20,169,10000,,yes,0.035,0.9111475905555232
2015,0.553645362545744,0.9927357014617456,0.4390903389160016,"Horvitz-Thompson(recency=10.0,delta=0.20)",HT,10.0,0.2,10,20,169,10000,,yes,0.035,0.9111475905555232
2016,0.5615587688408346,0.9248150770255313,0.3632563081846968,"Horvitz-Thompson(recency=10.0,delta=0.20)",HT,10.0,0.2,10,20,169,10000,,yes,0.035,0.9111475905555232
2017,0.5094991746366458,1.0110156378818531,0.5015164632452073,"Horvitz-Thompson(recency=10.0,delta=0.20)",HT,10.0,0.2,10,20,169,10000,,yes,0.035,0.9111475905555232
2018,0.511058913495204,0.9914241739349924,0.48036526043978833,"Horvitz-Thompson(recency=10.0,delta=0.20)",HT,10.0,0.2,10,20,169,10000,,yes,0.035,0.9111475905555232
2019,0.5000330046394091,0.9906203497687703,0.4905873451293612,"Horvitz-Thompson(recency=10.0,delta=0.20)",HT,10.0,0.2,10,20,169,10000,,yes,0.035,0.9111475905555232
2020,0.4996425044815947,1.0365571112242447,0.53691460674265,"Horvitz-Thompson(recency=10.0,delta=0.20)",HT,10.0,0.2,10,20,169,10000,,yes,0.035,0.9111475905555232
2021,0.562295011028553,0.95671712084163,0.394422109813077,"Horvitz-Thompson(recency=10.0,delta=0.20)",HT,10.0,0.2,10,20,169,10000,,yes,0.035,0.9111475905555232
2022,0.529526225497375,0.9667336299568162,0.4372074044594412,"Horvitz-Thompson(recency=10.0,delta=0.20)",HT,10.0,0.2,10,20,169,10000,,yes,0.035,0.9111475905555232
2023,0.5159235594829299,0.9857464898757602,0.4698229303928303,"Horvitz-Thompson(recency=10.0,delta=0.20)",HT,10.0,0.2,10,20,169,10000,,yes,0.035,0.9111475905555232
2024,0.5110470344256272,0.940493773839397,0.4294467394137699,"Horvitz-Thompson(recency=10.0,delta=0.20)",HT,10.0,0.2,10,20,169,10000,,yes,0.035,0.9111475905555232
2025,0.5668777491623223,0.9970542454032612,0.4301764962409389,"Horvitz-Thompson(recency=10.0,delta=0.20)",HT,10.0,0.2,10,20,169,10000,,yes,0.035,0.9111475905555232
2026,0.5229028635375572,1.0221937903758456,0.49929092683828835,"Horvitz-Thompson(recency=10.0,delta=0.20)",HT,10.0,0.2,10,20,169,10000,,yes,0.035,0.9111475905555232
2027,0.5475494752152119,0.9742046664534717,0.4266551912382598,"Horvitz-Thompson(recency=10.0,delta=0.20)",HT,10.0,0.2,10,20,169,10000,,yes,0.035,0.9111475905555232
2028,0.5417041855787673,0.9587779480735431,0.4170737624947758,"Horvitz-Thompson(recency=10.0,delta=0.20)",HT,10.0,0.2,10,20,169,10000,,yes,0.035,0.9111475905555232
2029,0.4941960999879836,0.996796484648841,0.5026003846608573,"Horvitz-Thompson(recency=10.0,delta=0.20)",HT,10.0,0.2,10,20,169,10000,,yes,0.035,0.9111475905555232
2030,0.5486386732387235,0.9332700201848919,0.3846313469461684,"Horvitz-Thompson(recency=10.0,delta=0.20)",HT,10.0,0.2,10,20,169,10000,,yes,0.035,0.9111475905555232
2031,0.502420674340173,1.0329728994914666,0.5305522251512936,"Horvitz-Thompson(recency=10.0,delta=0.20)",HT,10.0,0.2,10,20,169,10000,,yes,0.035,0.9111475905555232
2032,0.5544018581635655,1.0550879223850016,0.5006860642214361,"Horvitz-Thompson(recency=10.0,delta=0.20)",HT,10.0,0.2,10,20,169,10000,,yes,0.035,0.9111475905555232
2033,0.5099602851247553,1.0164286412284795,0.5064683561037242,"Horvitz-Thompson(recency=10.0,delta=0.20)",HT,10.0,0.2,10,20,169,10000,,yes,0.035,0.9111475905555232
2034,0.5318986402779268,1.0472192102231022,0.5153205699451754,"Horvitz-Thompson(recency=10.0,delta=0.20)",HT,10.0,0.2,10,20,169,10000,,yes,0.035,0.9111475905555232
2035,0.5331209534086877,1.0130827151170525,0.4799617617083648,"Horvitz-Thompson(recency=10.0,delta=0.20)",HT,10.0,0.2,10,20,169,10000,,yes,0.035,0.9111475905555232
2036,0.5061723237261545,1.0684852171626127,0.5623128934364582,"Horvitz-Thompson(recency=10.0,delta=0.20)",HT,10.0,0.2,10,20,169,10000,,yes,0.035,0.9111475905555232
2037,0.5213450501363063,0.9889417427217907,0.4675966925854844,"Horvitz-Thompson(recency=10.0,delta=0.20)",HT,10.0,0.2,10,20,169,10000,,yes,0.035,0.9111475905555232
2038,0.5325107192866522,0.9675938196006771,0.435083100314025,"Horvitz-Thompson(recency=10.0,delta=0.20)",HT,10.0,0.2,10,20,169,10000,,yes,0.035,0.9111475905555232
2039,0.5213134253443539,0.9919249785159889,0.47061155317163506,"Horvitz-Thompson(recency=10.0,delta=0.20)",HT,10.0,0.2,10,20,169,10000,,yes,0.035,0.9111475905555232
2040,0.5279462520713755,0.9849144269611164,0.45696817488974095,"Horvitz-Thompson(recency=10.0,delta=0.20)",HT,10.0,0.2,10,20,169,10000,,yes,0.035,0.9111475905555232
2041,0.5341322355941839,1.002953749073884,0.46882151347970014,"Horvitz-Thompson(recency=10.0,delta=0.20)",HT,10.0,0.2,10,20,169,10000,,yes,0.035,0.9111475905555232
2042,0.5138128112380621,1.0629296596494289,0.5491168484113668,"Horvitz-Thompson(recency=10.0,delta=0.20)",HT,10.0,0.2,10,20,169,10000,,yes,0.035,0.9111475905555232
2043,0.4985646653775808,1.0701948208173637,0.5716301554397829,"Horvitz-Thompson(recency=10.0,delta=0.20)",HT,10.0,0.2,10,20,169,10000,,yes,0.035,0.9111475905555232
2044,0.4900701130174256,1.0086817022025434,0.5186115891851177,"Horvitz-Thompson(recency=10.0,delta=0.20)",HT,10.0,0.2,10,20,169,10000,,yes,0.035,0.9111475905555232
2045,0.5323886110690472,1.033502820771001,0.5011142097019539,"Horvitz-Thompson(recency=10.0,delta=0.20)",HT,10.0,0.2,10,20,169,10000,,yes,0.035,0.9111475905555232
2046,0.5164712740818418,0.9876328323172416,0.47116155823539985,"Horvitz-Thompson(recency=10.0,delta=0.20)",HT,10.0,0.2,10,20,169,10000,,yes,0.035,0.9111475905555232
2047,0.5190738819910369,0.9644208072444351,0.44534692525339825,"Horvitz-Thompson(recency=10.0,delta=0.20)",HT,10.0,0.2,10,20,169,10000,,yes,0.035,0.9111475905555232
2048,0.4863144087169316,1.0619844409111394,0.5756700321942079,"Horvitz-Thompson(recency=10.0,delta=0.20)",HT,10.0,0.2,10,20,169,10000,,yes,0.035,0.9111475905555232
2049,0.501543324425585,0.990071091748539,0.488527767322954,"Horvitz-Thompson(recency=10.0,delta=0.20)",HT,10.0,0.2,10,20,169,10000,,yes,0.035,0.9111475905555232
2050,0.5239495692948525,1.044621633151692,0.5206720638568395,"Horvitz-Thompson(recency=10.0,delta=0.20)",HT,10.0,0.2,10,20,169,10000,,yes,0.035,0.9111475905555232
2051,0.5097135263935285,1.0316509429388803,0.5219374165453518,"Horvitz-Thompson(recency=10.0,delta=0.20)",HT,10.0,0.2,10,20,169,10000,,yes,0.035,0.9111475905555232
2052,0.56367115620796,0.985193819872763,0.42152266366480295,"Horvitz-Thompson(recency=10.0,delta=0.20)",HT,10.0,0.2,10,20,169,10000,,yes,0.035,0.9111475905555232
2053,0.5381389263517413,0.9412171705880259,0.4030782442362846,"Horvitz-Thompson(recency=10.0,delta=0.20)",HT,10.0,0.2,10,20,169,10000,,yes,0.035,0.9111475905555232
2054,0.49758338445517986,0.9815670243570672,0.48398363990188736,"Horvitz-Thompson(recency=10.0,delta=0.20)",HT,10.0,0.2,10,20,169,10000,,yes,0.035,0.9111475905555232
2055,0.5346813488475985,0.965729445240203,0.43104809639260444,"Horvitz-Thompson(recency=10.0,delta=0.20)",HT,10.0,0.2,10,20,169,10000,,yes,0.035,0.9111475905555232
2056,0.5521585126395274,0.8923700705224175,0.34021155788289004,"Horvitz-Thompson(recency=10.0,delta=0.20)",HT,10.0,0.2,10,20,169,10000,,yes,0.035,0.9111475905555232
2057,0.5320065137156517,0.9579246735632135,0.4259181598475619,"Horvitz-Thompson(recency=10.0,delta=0.20)",HT,10.0,0.2,10,20,169,10000,,yes,0.035,0.9111475905555232
2058,0.5425531292973841,0.9806353411684573,0.4380822118710732,"Horvitz-Thompson(recency=10.0,delta=0.20)",HT,10.0,0.2,10,20,169,10000,,yes,0.035,0.9111475905555232
2059,0.5350576067095588,0.9383750400549473,0.4033174333453885,"Horvitz-Thompson(recency=10.0,delta=0.20)",HT,10.0,0.2,10,20,169,10000,,yes,0.035,0.9111475905555232
2060,0.497347349730862,1.0351593362236948,0.5378119864928328,"Horvitz-Thompson(recency=10.0,delta=0.20)",HT,10.0,0.2,10,20,169,10000,,yes,0.035,0.9111475905555232
2061,0.5327671702797472,0.9863707228884245,0.45360355260867735,"Horvitz-Thompson(recency=10.0,delta=0.20)",HT,10.0,0.2,10,20,169,10000,,yes,0.035,0.9111475905555232
2062,0.5366864060615621,0.974760868791288,0.43807446272972583,"Horvitz-Thompson(recency=10.0,delta=0.20)",HT,10.0,0.2,10,20,169,10000,,yes,0.035,0.9111475905555232
2063,0.5379349151985409,0.9693076676867661,0.43137275248822526,"Horvitz-Thompson(recency=10.0,delta=0.20)",HT,10.0,0.2,10,20,169,10000,,yes,0.035,0.9111475905555232
2064,0.5129618056495469,1.0764563565110028,0.563494550861456,"Horvitz-Thompson(recency=10.0,delta=0.20)",HT,10.0,0.2,10,20,169,10000,,yes,0.035,0.9111475905555232
2065,0.5398737910020442,1.014289604267136,0.47441581326509186,"Horvitz-Thompson(recency=10.0,delta=0.20)",HT,10.0,0.2,10,20,169,10000,,yes,0.035,0.9111475905555232
2066,0.5031053049609289,1.0766502695803268,0.573544964619398,"Horvitz-Thompson(recency=10.0,delta=0.20)",HT,10.0,0.2,10,20,169,10000,,yes,0.035,0.9111475905555232
2067,0.5081667693197153,1.0176988846059272,0.5095321152862119,"Horvitz-Thompson(recency=10.0,delta=0.20)",HT,10.0,0.2,10,20,169,10000,,yes,0.035,0.9111475905555232
2068,0.5302123700561391,0.9492644442035463,0.4190520741474072,"Horvitz-Thompson(recency=10.0,delta=0.20)",HT,10.0,0.2,10,20,169,10000,,yes,0.035,0.9111475905555232
2069,0.5358428521318437,1.0138042670721277,0.477961414940284,"Horvitz-Thompson(recency=10.0,delta=0.20)",HT,10.0,0.2,10,20,169,10000,,yes,0.035,0.9111475905555232
2070,0.5579332539550784,1.0011300736375475,0.44319681968246905,"Horvitz-Thompson(recency=10.0,delta=0.20)",HT,10.0,0.2,10,20,169,10000,,yes,0.035,0.9111475905555232
2071,0.5159350187321126,1.003248786095252,0.48731376736313936,"Horvitz-Thompson(recency=10.0,delta=0.20)",HT,10.0,0.2,10,20,169,10000,,yes,0.035,0.9111475905555232
2072,0.49082119349560227,1.0701088275081418,0.5792876340125396,"Horvitz-Thompson(recency=10.0,delta=0.20)",HT,10.0,0.2,10,20,169,10000,,yes,0.035,0.9111475905555232
2073,0.5073065931380835,1.096609242643379,0.5893026495052954,"Horvitz-Thompson(recency=10.0,delta=0.20)",HT,10.0,0.2,10,20,169,10000,,yes,0.035,0.9111475905555232
2074,0.5020243732545976,1.0337120844121253,0.5316877111575277,"Horvitz-Thompson(recency=10.0,delta=0.20)",HT,10.0,0.2,10,20,169,10000,,yes,0.035,0.9111475905555232
2075,0.5030680533684542,1.0415537190205348,0.5384856656520807,"Horvitz-Thompson(recency=10.0,delta=0.20)",HT,10.0,0.2,10,20,169,10000,,yes,0.035,0.9111475905555232
2076,0.5459203082846686,1.006220051449446,0.4602997431647773,"Horvitz-Thompson(recency=10.0,delta=0.20)",HT,10.0,0.2,10,20,169,10000,,yes,0.035,0.9111475905555232
2077,0.5608859578092633,0.9344028631418794,0.37351690533261606,"Horvitz-Thompson(recency=10.0,delta=0.20)",HT,10.0,0.2,10,20,169,10000,,yes,0.035,0.9111475905555232
2078,0.5027827033811381,1.0182120989580643,0.5154293955769262,"Horvitz-Thompson(recency=10.0,delta=0.20)",HT,10.0,0.2,10,20,169,10000,,yes,0.035,0.9111475905555232
2079,0.5199903691727832,0.9550534398078406,0.43506307063505745,"Horvitz-Thompson(recency=10.0,delta=0.20)",HT,10.0,0.2,10,20,169,10000,,yes,0.035,0.9111475905555232
2080,0.5369298054311417,1.0517605272052524,0.5148307217741107,"Horvitz-Thompson(recency=10.0,delta=0.20)",HT,10.0,0.2,10,20,169,10000,,yes,0.035,0.9111475905555232
2081,0.5148148221772713,0.9379455652384727,0.42313074306120146,"Horvitz-Thompson(recency=10.0,delta=0.20)",HT,10.0,0.2,10,20,169,10000,,yes,0.035,0.9111475905555232
2082,0.5409265252351487,1.0529298171057777,0.512003291870629,"Horvitz-Thompson(recency=10.0,delta=0.20)",HT,10.0,0.2,10,20,169,10000,,yes,0.035,0.9111475905555232
2083,0.5129105147094362,0.9933692368939195,0.4804587221844834,"Horvitz-Thompson(recency=10.0,delta=0.20)",HT,10.0,0.2,10,20,169,10000,,yes,0.035,0.9111475905555232
2084,0.5207087221146235,0.9982510461266549,0.47754232401203145,"Horvitz-Thompson(recency=10.0,delta=0.20)",HT,10.0,0.2,10,20,169,10000,,yes,0.035,0.9111475905555232
2085,0.4984564761058578,1.042111654850419,0.5436551787445612,"Horvitz-Thompson(recency=10.0,delta=0.20)",HT,10.0,0.2,10,20,169,10000,,yes,0.035,0.9111475905555232
2086,0.5552204810798078,0.9539820151923983,0.3987615341125905,"Horvitz-Thompson(recency=10.0,delta=0.20)",HT,10.0,0.2,10,20,169,10000,,yes,0.035,0.9111475905555232
2087,0.5371640006194918,1.0161285557515778,0.478964555132086,"Horvitz-Thompson(recency=10.0,delta=0.20)",HT,10.0,0.2,10,20,169,10000,,yes,0.035,0.9111475905555232
2088,0.4815837529592649,1.0839190243110617,0.6023352713517968,"Horvitz-Thompson(recency=10.0,delta=0.20)",HT,10.0,0.2,10,20,169,10000,,yes,0.035,0.9111475905555232
2089,0.5193570804190908,0.9469140472348752,0.42755696681578437,"Horvitz-Thompson(recency=10.0,delta=0.20)",HT,10.0,0.2,10,20,169,10000,,yes,0.035,0.9111475905555232
2090,0.5394168330119378,0.9778191367176284,0.43840230370569067,"Horvitz-Thompson(recency=10.0,delta=0.20)",HT,10.0,0.2,10,20,169,10000,,yes,0.035,0.9111475905555232
2091,0.459300571188518,1.0753600826369827,0.6160595114484646,"Horvitz-Thompson(recency=10.0,delta=0.20)",HT,10.0,0.2,10,20,169,10000,,yes,0.035,0.9111475905555232
2092,0.5305078306451957,0.930702108926451,0.4001942782812553,"Horvitz-Thompson(recency=10.0,delta=0.20)",HT,10.0,0.2,10,20,169,10000,,yes,0.035,0.9111475905555232
2093,0.517665341966499,1.0331717891111398,0.5155064471446408,"Horvitz-Thompson(recency=10.0,delta=0.20)",HT,10.0,0.2,10,20,169,10000,,yes,0.035,0.9111475905555232
2094,0.5302910084725591,1.0114939286145472,0.4812029201419882,"Horvitz-Thompson(recency=10.0,delta=0.20)",HT,10.0,0.2,10,20,169,10000,,yes,0.035,0.9111475905555232
2095,0.528857868841376,1.026507439819319,0.49764957097794305,"Horvitz-Thompson(recency=10.0,delta=0.20)",HT,10.0,0.2,10,20,169,10000,,yes,0.035,0.9111475905555232
2096,0.5436635585784649,0.9495783551516315,0.40591479657316654,"Horvitz-Thompson(recency=10.0,delta=0.20)",HT,10.0,0.2,10,20,169,10000,,yes,0.035,0.9111475905555232
2097,0.5307401285734901,0.9810495787561329,0.4503094501826428,"Horvitz-Thompson(recency=10.0,delta=0.20)",HT,10.0,0.2,10,20,169,10000,,yes,0.035,0.9111475905555232
2098,0.5355026525778175,0.9905948700584386,0.4550922174806211,"Horvitz-Thompson(recency=10.0,delta=0.20)",HT,10.0,0.2,10,20,169,10000,,yes,0.035,0.9111475905555232
2099,0.4971068890296322,1.047903716290269,0.5507968272606367,"Horvitz-Thompson(recency=10.0,delta=0.20)",HT,10.0,0.2,10,20,169,10000,,yes,0.035,0.9111475905555232
2100,0.4862675050773508,1.0644636148481732,0.5781961097708224,"Horvitz-Thompson(recency=10.0,delta=0.20)",HT,10.0,0.2,10,20,169,10000,,yes,0.035,0.9111475905555232
2101,0.5405837429256828,1.0111557776733187,0.47057203474763587,"Horvitz-Thompson(recency=10.0,delta=0.20)",HT,10.0,0.2,10,20,169,10000,,yes,0.035,0.9111475905555232
2102,0.5084405278264035,1.015256735214044,0.5068162073876405,"Horvitz-Thompson(recency=10.0,delta=0.20)",HT,10.0,0.2,10,20,169,10000,,yes,0.035,0.9111475905555232
2103,0.4881227595863619,1.0627593549636034,0.5746365953772414,"Horvitz-Thompson(recency=10.0,delta=0.20)",HT,10.0,0.2,10,20,169,10000,,yes,0.035,0.9111475905555232
2104,0.516793371528571,0.9441651230224113,0.4273717514938403,"Horvitz-Thompson(recency=10.0,delta=0.20)",HT,10.0,0.2,10,20,169,10000,,yes,0.035,0.9111475905555232
2105,0.5266169639283964,0.9818224394821163,0.45520547555371993,"Horvitz-Thompson(recency=10.0,delta=0.20)",HT,10.0,0.2,10,20,169,10000,,yes,0.035,0.9111475905555232
2106,0.5010835217438726,0.9829347933131922,0.4818512715693196,"Horvitz-Thompson(recency=10.0,delta=0.20)",HT,10.0,0.2,10,20,169,10000,,yes,0.035,0.9111475905555232
2107,0.5302422298240346,1.0104598478379032,0.48021761801386864,"Horvitz-Thompson(recency=10.0,delta=0.20)",HT,10.0,0.2,10,20,169,10000,,yes,0.035,0.9111475905555232
2108,0.5012860789482528,0.9884958131848549,0.4872097342366021,"Horvitz-Thompson(recency=10.0,delta=0.20)",HT,10.0,0.2,10,20,169,10000,,yes,0.035,0.9111475905555232
2109,0.5668434865110266,0.9891557569618157,0.4223122704507891,"Horvitz-Thompson(recency=10.0,delta=0.20)",HT,10.0,0.2,10,20,169,10000,,yes,0.035,0.9111475905555232
2110,0.5303425330644097,0.9174013264081966,0.3870587933437869,"Horvitz-Thompson(recency=10.0,delta=0.20)",HT,10.0,0.2,10,20,169,10000,,yes,0.035,0.9111475905555232
2111,0.48333382222873794,0.9948544516766475,0.5115206294479095,"Horvitz-Thompson(recency=10.0,delta=0.20)",HT,10.0,0.2,10,20,169,10000,,yes,0.035,0.9111475905555232
2112,0.5388001724405438,0.9945206408416142,0.4557204684010704,"Horvitz-Thompson(recency=10.0,delta=0.20)",HT,10.0,0.2,10,20,169,10000,,yes,0.035,0.9111475905555232
2113,0.5215676140940955,0.9669997342196591,0.44543212012556366,"Horvitz-Thompson(recency=10.0,delta=0.20)",HT,10.0,0.2,10,20,169,10000,,yes,0.035,0.9111475905555232
2114,0.5133483303588355,1.0292006980541777,0.5158523676953422,"Horvitz-Thompson(recency=10.0,delta=0.20)",HT,10.0,0.2,10,20,169,10000,,yes,0.035,0.9111475905555232
2115,0.5207351055976785,0.9920646143207226,0.471329508723044,"Horvitz-Thompson(recency=10.0,delta=0.20)",HT,10.0,0.2,10,20,169,10000,,yes,0.035,0.9111475905555232
2116,0.535242314445293,0.9587379158652101,0.42349560141991704,"Horvitz-Thompson(recency=10.0,delta=0.20)",HT,10.0,0.2,10,20,169,10000,,yes,0.035,0.9111475905555232
2117,0.5409919903885261,0.9930481889998897,0.4520561986113636,"Horvitz-Thompson(recency=10.0,delta=0.20)",HT,10.0,0.2,10,20,169,10000,,yes,0.035,0.9111475905555232
2118,0.5231467631714124,0.963257344520556,0.4401105813491436,"Horvitz-Thompson(recency=10.0,delta=0.20)",HT,10.0,0.2,10,20,169,10000,,yes,0.035,0.9111475905555232
2119,0.526820444950788,0.9422360673178118,0.4154156223670239,"Horvitz-Thompson(recency=10.0,delta=0.20)",HT,10.0,0.2,10,20,169,10000,,yes,0.035,0.9111475905555232
2120,0.5507356329131677,0.9865676949548955,0.43583206204172775,"Horvitz-Thompson(recency=10.0,delta=0.20)",HT,10.0,0.2,10,20,169,10000,,yes,0.035,0.9111475905555232
2121,0.5069279440669007,0.9943171526218518,0.48738920855495116,"Horvitz-Thompson(recency=10.0,delta=0.20)",HT,10.0,0.2,10,20,169,10000,,yes,0.035,0.9111475905555232
2122,0.5375338033354934,0.9695586310854742,0.43202482774998086,"Horvitz-Thompson(recency=10.0,delta=0.20)",HT,10.0,0.2,10,20,169,10000,,yes,0.035,0.9111475905555232
2123,0.5195812635356811,0.9931009429598531,0.47351967942417195,"Horvitz-Thompson(recency=10.0,delta=0.20)",HT,10.0,0.2,10,20,169,10000,,yes,0.035,0.9111475905555232
2124,0.5060182713698845,1.0653048594962595,0.559286588126375,"Horvitz-Thompson(recency=10.0,delta=0.20)",HT,10.0,0.2,10,20,169,10000,,yes,0.035,0.9111475905555232
2125,0.5291054690107375,1.0135744634997388,0.48446899448900127,"Horvitz-Thompson(recency=10.0,delta=0.20)",HT,10.0,0.2,10,20,169,10000,,yes,0.035,0.9111475905555232
2126,0.5314351313442601,1.0145849914050646,0.4831498600608045,"Horvitz-Thompson(recency=10.0,delta=0.20)",HT,10.0,0.2,10,20,169,10000,,yes,0.035,0.9111475905555232
2127,0.5086757664164494,1.0359320967801153,0.5272563303636659,"Horvitz-Thompson(recency=10.0,delta=0.20)",HT,10.0,0.2,10,20,169,10000,,yes,0.035,0.9111475905555232
2128,0.5457741546252578,0.9259028852403528,0.380128730615095,"Horvitz-Thompson(recency=10.0,delta=0.20)",HT,10.0,0.2,10,20,169,10000,,yes,0.035,0.9111475905555232
2129,0.5138327725345303,1.0267015946785814,0.512868822144051,"Horvitz-Thompson(recency=10.0,delta=0.20)",HT,10.0,0.2,10,20,169,10000,,yes,0.035,0.9111475905555232
2130,0.5156583154753045,0.9840464127033153,0.4683880972280108,"Horvitz-Thompson(recency=10.0,delta=0.20)",HT,10.0,0.2,10,20,169,10000,,yes,0.035,0.9111475905555232
2131,0.5535096229664197,0.9898050187749674,0.4362953958085477,"Horvitz-Thompson(recency=10.0,delta=0.20)",HT,10.0,0.2,10,20,169,10000,,yes,0.035,0.9111475905555232
2132,0.5343269807674053,1.0152645749866989,0.4809375942192936,"Horvitz-Thompson(recency=10.0,delta=0.20)",HT,10.0,0.2,10,20,169,10000,,yes,0.035,0.9111475905555232
2133,0.5091325167050381,0.9757282556726341,0.466595738967596,"Horvitz-Thompson(recency=10.0,delta=0.20)",HT,10.0,0.2,10,20,169,10000,,yes,0.035,0.9111475905555232
2134,0.5360651765421568,0.9955862088673152,0.4595210323251584,"Horvitz-Thompson(recency=10.0,delta=0.20)",HT,10.0,0.2,10,20,169,10000,,yes,0.035,0.9111475905555232
2135,0.48414387013684157,1.0797135632516668,0.5955696931148252,"Horvitz-Thompson(recency=10.0,delta=0.20)",HT,10.0,0.2,10,20,169,10000,,yes,0.035,0.9111475905555232
2136,0.5273176003568658,1.0118070684062674,0.48448946804940163,"Horvitz-Thompson(recency=10.0,delta=0.20)",HT,10.0,0.2,10,20,169,10000,,yes,0.035,0.9111475905555232
2137,0.5338742430976937,0.9716391995346996,0.43776495643700586,"Horvitz-Thompson(recency=10.0,delta=0.20)",HT,10.0,0.2,10,20,169,10000,,yes,0.035,0.9111475905555232
2138,0.5014590270450626,1.0563318576484022,0.5548728306033396,"Horvitz-Thompson(recency=10.0,delta=0.20)",HT,10.0,0.2,10,20,169,10000,,yes,0.035,0.9111475905555232
2139,0.5493219787892059,0.914459735141043,0.3651377563518371,"Horvitz-Thompson(recency=10.0,delta=0.20)",HT,10.0,0.2,10,20,169,10000,,yes,0.035,0.9111475905555232
2140,0.5640171516158659,0.9651803195951655,0.40116316797929963,"Horvitz-Thompson(recency=10.0,delta=0.20)",HT,10.0,0.2,10,20,169,10000,,yes,0.035,0.9111475905555232
2141,0.5266149633639805,0.9956436961404963,0.4690287327765158,"Horvitz-Thompson(recency=10.0,delta=0.20)",HT,10.0,0.2,10,20,169,10000,,yes,0.035,0.9111475905555232
2142,0.49455537502562175,1.053112620416596,0.5585572453909742,"Horvitz-Thompson(recency=10.0,delta=0.20)",HT,10.0,0.2,10,20,169,10000,,yes,0.035,0.9111475905555232
2143,0.5475905992162399,0.9829524977507789,0.435361898534539,"Horvitz-Thompson(recency=10.0,delta=0.20)",HT,10.0,0.2,10,20,169,10000,,yes,0.035,0.9111475905555232
2144,0.5275051214240972,1.0224996584331942,0.494994537009097,"Horvitz-Thompson(recency=10.0,delta=0.20)",HT,10.0,0.2,10,20,169,10000,,yes,0.035,0.9111475905555232
2145,0.5218601385042849,0.9932161725105693,0.47135603400628434,"Horvitz-Thompson(recency=10.0,delta=0.20)",HT,10.0,0.2,10,20,169,10000,,yes,0.035,0.9111475905555232
2146,0.5483975662325343,0.8976211860196353,0.3492236197871009,"Horvitz-Thompson(recency=10.0,delta=0.20)",HT,10.0,0.2,10,20,169,10000,,yes,0.035,0.9111475905555232
2147,0.49390760897084385,0.9756632871634349,0.481755678192591,"Horvitz-Thompson(recency=10.0,delta=0.20)",HT,10.0,0.2,10,20,169,10000,,yes,0.035,0.9111475905555232
2148,0.5726042960696517,0.883551094533361,0.3109467984637093,"Horvitz-Thompson(recency=10.0,delta=0.20)",HT,10.0,0.2,10,20,169,10000,,yes,0.035,0.9111475905555232
2149,0.5110146719253115,1.0322726670549203,0.5212579951296088,"Horvitz-Thompson(recency=10.0,delta=0.20)",HT,10.0,0.2,10,20,169,10000,,yes,0.035,0.9111475905555232
2150,0.5145229629199017,1.0356235721287648,0.521100609208863,"Horvitz-Thompson(recency=10.0,delta=0.20)",HT,10.0,0.2,10,20,169,10000,,yes,0.035,0.9111475905555232
2151,0.552989467574867,1.0019306105583987,0.4489411429835317,"Horvitz-Thompson(recency=10.0,delta=0.20)",HT,10.0,0.2,10,20,169,10000,,yes,0.035,0.9111475905555232
2152,0.5019146962659687,1.0247752507813366,0.5228605545153678,"Horvitz-Thompson(recency=10.0,delta=0.20)",HT,10.0,0.2,10,20,169,10000,,yes,0.035,0.9111475905555232
2153,0.5552004150664918,0.9438456240413975,0.38864520897490573,"Horvitz-Thompson(recency=10.0,delta=0.20)",HT,10.0,0.2,10,20,169,10000,,yes,0.035,0.9111475905555232
2154,0.5169332377099775,1.00610873038039,0.4891754926704125,"Horvitz-Thompson(recency=10.0,delta=0.20)",HT,10.0,0.2,10,20,169,10000,,yes,0.035,0.9111475905555232
2155,0.5161007999769873,1.0084623356671765,0.49236153569018914,"Horvitz-Thompson(recency=10.0,delta=0.20)",HT,10.0,0.2,10,20,169,10000,,yes,0.035,0.9111475905555232
2156,0.5184839471108605,0.9682686729066232,0.4497847257957627,"Horvitz-Thompson(recency=10.0,delta=0.20)",HT,10.0,0.2,10,20,169,10000,,yes,0.035,0.9111475905555232
2157,0.5170328698261892,0.9471175260154291,0.43008465618923986,"Horvitz-Thompson(recency=10.0,delta=0.20)",HT,10.0,0.2,10,20,169,10000,,yes,0.035,0.9111475905555232
2158,0.5048211277544399,0.9841097694039967,0.47928864164955687,"Horvitz-Thompson(recency=10.0,delta=0.20)",HT,10.0,0.2,10,20,169,10000,,yes,0.035,0.9111475905555232
2159,0.5230703518846532,0.952407899973792,0.4293375480891388,"Horvitz-Thompson(recency=10.0,delta=0.20)",HT,10.0,0.2,10,20,169,10000,,yes,0.035,0.9111475905555232
2160,0.5019533809011476,0.9557830546505582,0.45382967374941063,"Horvitz-Thompson(recency=10.0,delta=0.20)",HT,10.0,0.2,10,20,169,10000,,yes,0.035,0.9111475905555232
2161,0.5062610911650725,1.046215813076806,0.5399547219117335,"Horvitz-Thompson(recency=10.0,delta=0.20)",HT,10.0,0.2,10,20,169,10000,,yes,0.035,0.9111475905555232
2162,0.5010494981864401,1.0316765957151919,0.5306270975287518,"Horvitz-Thompson(recency=10.0,delta=0.20)",HT,10.0,0.2,10,20,169,10000,,yes,0.035,0.9111475905555232
2163,0.5575995080905058,0.9678695116647358,0.41027000357422994,"Horvitz-Thompson(recency=10.0,delta=0.20)",HT,10.0,0.2,10,20,169,10000,,yes,0.035,0.9111475905555232
2164,0.5079613626268538,0.9956548585851135,0.4876934959582597,"Horvitz-Thompson(recency=10.0,delta=0.20)",HT,10.0,0.2,10,20,169,10000,,yes,0.035,0.9111475905555232
2165,0.5110987138555375,1.0297228809949373,0.5186241671393997,"Horvitz-Thompson(recency=10.0,delta=0.20)",HT,10.0,0.2,10,20,169,10000,,yes,0.035,0.9111475905555232
2166,0.5078618776564923,1.0016135964117974,0.4937517187553051,"Horvitz-Thompson(recency=10.0,delta=0.20)",HT,10.0,0.2,10,20,169,10000,,yes,0.035,0.9111475905555232
2167,0.5674017965961229,0.9399070220713737,0.3725052254752508,"Horvitz-Thompson(recency=10.0,delta=0.20)",HT,10.0,0.2,10,20,169,10000,,yes,0.035,0.9111475905555232
2168,0.5362882038861763,0.9116895719591251,0.3754013680729489,"Horvitz-Thompson(recency=10.0,delta=0.20)",HT,10.0,0.2,10,20,169,10000,,yes,0.035,0.9111475905555232
2169,0.5114089385730359,1.0112147208696207,0.4998057822965848,"Horvitz-Thompson(recency=10.0,delta=0.20)",HT,10.0,0.2,10,20,169,10000,,yes,0.035,0.9111475905555232
2170,0.5160478509470802,1.0108700532974018,0.4948222023503216,"Horvitz-Thompson(recency=10.0,delta=0.20)",HT,10.0,0.2,10,20,169,10000,,yes,0.035,0.9111475905555232
2171,0.4815148541798162,1.031256767688983,0.5497419135091668,"Horvitz-Thompson(recency=10.0,delta=0.20)",HT,10.0,0.2,10,20,169,10000,,yes,0.035,0.9111475905555232
2172,0.5153919070262206,0.9847224249284832,0.46933051790226255,"Horvitz-Thompson(recency=10.0,delta=0.20)",HT,10.0,0.2,10,20,169,10000,,yes,0.035,0.9111475905555232
2173,0.5458771281592821,0.9658737737333075,0.4199966455740254,"Horvitz-Thompson(recency=10.0,delta=0.20)",HT,10.0,0.2,10,20,169,10000,,yes,0.035,0.9111475905555232
2174,0.5607834539065857,0.9799959496275631,0.4192124957209774,"Horvitz-Thompson(recency=10.0,delta=0.20)",HT,10.0,0.2,10,20,169,10000,,yes,0.035,0.9111475905555232
2175,0.5565327682738472,0.9349526283396137,0.37841986006576644,"Horvitz-Thompson(recency=10.0,delta=0.20)",HT,10.0,0.2,10,20,169,10000,,yes,0.035,0.9111475905555232
2176,0.5351505145705644,1.0120374133654382,0.4768868987948738,"Horvitz-Thompson(recency=10.0,delta=0.20)",HT,10.0,0.2,10,20,169,10000,,yes,0.035,0.9111475905555232
2177,0.5316536343667553,1.0593308261558392,0.5276771917890839,"Horvitz-Thompson(recency=10.0,delta=0.20)",HT,10.0,0.2,10,20,169,10000,,yes,0.035,0.9111475905555232
2178,0.5366352756260369,0.9754924726704316,0.43885719704439474,"Horvitz-Thompson(recency=10.0,delta=0.20)",HT,10.0,0.2,10,20,169,10000,,yes,0.035,0.9111475905555232
2179,0.5417239609201832,0.9392293845162114,0.39750542359602825,"Horvitz-Thompson(recency=10.0,delta=0.20)",HT,10.0,0.2,10,20,169,10000,,yes,0.035,0.9111475905555232
2180,0.5425420666178231,1.0265073105399256,0.4839652439221025,"Horvitz-Thompson(recency=10.0,delta=0.20)",HT,10.0,0.2,10,20,169,10000,,yes,0.035,0.9111475905555232
2181,0.5003382763307285,1.0210320354890763,0.5206937591583478,"Horvitz-Thompson(recency=10.0,delta=0.20)",HT,10.0,0.2,10,20,169,10000,,yes,0.035,0.9111475905555232
2182,0.5551471448834138,0.984832028387245,0.42968488350383127,"Horvitz-Thompson(recency=10.0,delta=0.20)",HT,10.0,0.2,10,20,169,10000,,yes,0.035,0.9111475905555232
2183,0.5124372323475598,1.003675671263694,0.4912384389161343,"Horvitz-Thompson(recency=10.0,delta=0.20)",HT,10.0,0.2,10,20,169,10000,,yes,0.035,0.9111475905555232
2184,0.5491810172289601,0.9656599840208311,0.416478966791871,"Horvitz-Thompson(recency=10.0,delta=0.20)",HT,10.0,0.2,10,20,169,10000,,yes,0.035,0.9111475905555232
2185,0.524821299423128,0.9244970194801523,0.39967572005702423,"Horvitz-Thompson(recency=10.0,delta=0.20)",HT,10.0,0.2,10,20,169,10000,,yes,0.035,0.9111475905555232
2186,0.5381139929239309,0.9072796793497351,0.36916568642580416,"Horvitz-Thompson(recency=10.0,delta=0.20)",HT,10.0,0.2,10,20,169,10000,,yes,0.035,0.9111475905555232
2187,0.4990456236742878,1.0335670544589108,0.5345214307846231,"Horvitz-Thompson(recency=10.0,delta=0.20)",HT,10.0,0.2,10,20,169,10000,,yes,0.035,0.9111475905555232
2188,0.5207461799308152,0.9701228691789363,0.44937668924812113,"Horvitz-Thompson(recency=10.0,delta=0.20)",HT,10.0,0.2,10,20,169,10000,,yes,0.035,0.9111475905555232
2189,0.49979404331455063,1.0360821686165738,0.5362881253020231,"Horvitz-Thompson(recency=10.0,delta=0.20)",HT,10.0,0.2,10,20,169,10000,,yes,0.035,0.9111475905555232
2190,0.4959802080940483,1.065936510736569,0.5699563026425207,"Horvitz-Thompson(recency=10.0,delta=0.20)",HT,10.0,0.2,10,20,169,10000,,yes,0.035,0.9111475905555232
2191,0.5403624875748972,1.0071695520151147,0.46680706444021747,"Horvitz-Thompson(recency=10.0,delta=0.20)",HT,10.0,0.2,10,20,169,10000,,yes,0.035,0.9111475905555232
2192,0.5021342979822844,0.9801008674444865,0.4779665694622022,"Horvitz-Thompson(recency=10.0,delta=0.20)",HT,10.0,0.2,10,20,169,10000,,yes,0.035,0.9111475905555232
2193,0.5076323860809389,1.0256375754401241,0.5180051893591853,"Horvitz-Thompson(recency=10.0,delta=0.20)",HT,10.0,0.2,10,20,169,10000,,yes,0.035,0.9111475905555232
2194,0.5056617264214698,0.9915019002843185,0.4858401738628487,"Horvitz-Thompson(recency=10.0,delta=0.20)",HT,10.0,0.2,10,20,169,10000,,yes,0.035,0.9111475905555232
2195,0.5244371888829912,0.9726959484119245,0.44825875952893335,"Horvitz-Thompson(recency=10.0,delta=0.20)",HT,10.0,0.2,10,20,169,10000,,yes,0.035,0.9111475905555232
2196,0.5668165068075056,0.9606345686728652,0.3938180618653596,"Horvitz-Thompson(recency=10.0,delta=0.20)",HT,10.0,0.2,10,20,169,10000,,yes,0.035,0.9111475905555232
2197,0.535028539754047,0.9059422023883957,0.3709136626343488,"Horvitz-Thompson(recency=10.0,delta=0.20)",HT,10.0,0.2,10,20,169,10000,,yes,0.035,0.9111475905555232
2198,0.5653446772136685,0.9357115511238044,0.3703668739101359,"Horvitz-Thompson(recency=10.0,delta=0.20)",HT,10.0,0.2,10,20,169,10000,,yes,0.035,0.9111475905555232
2199,0.5200793398451226,0.9320512596832622,0.41197191983813963,"Horvitz-Thompson(recency=10.0,delta=0.20)",HT,10.0,0.2,10,20,169,10000,,yes,0.035,0.9111475905555232
2200,0.47740447013344867,1.0172343908027028,0.5398299206692542,"Horvitz-Thompson(recency=10.0,delta=0.20)",HT,10.0,0.2,10,20,169,10000,,yes,0.035,0.9111475905555232
2201,0.5033521077095002,1.061784151641549,0.5584320439320487,"Horvitz-Thompson(recency=10.0,delta=0.20)",HT,10.0,0.2,10,20,169,10000,,yes,0.035,0.9111475905555232
2202,0.5085533321194565,1.0350295961036422,0.5264762639841857,"Horvitz-Thompson(recency=10.0,delta=0.20)",HT,10.0,0.2,10,20,169,10000,,yes,0.035,0.9111475905555232
2203,0.5222031750385712,0.9912069931231099,0.4690038180845387,"Horvitz-Thompson(recency=10.0,delta=0.20)",HT,10.0,0.2,10,20,169,10000,,yes,0.035,0.9111475905555232
2204,0.5185975120036699,0.9786901940113746,0.4600926820077047,"Horvitz-Thompson(recency=10.0,delta=0.20)",HT,10.0,0.2,10,20,169,10000,,yes,0.035,0.9111475905555232
2205,0.5217229171055695,1.0337898122024234,0.5120668950968539,"Horvitz-Thompson(recency=10.0,delta=0.20)",HT,10.0,0.2,10,20,169,10000,,yes,0.035,0.9111475905555232
2206,0.5091347241137277,0.9486064463198534,0.4394717222061256,"Horvitz-Thompson(recency=10.0,delta=0.20)",HT,10.0,0.2,10,20,169,10000,,yes,0.035,0.9111475905555232
2207,0.5147631838627192,1.0078363775360397,0.4930731936733205,"Horvitz-Thompson(recency=10.0,delta=0.20)",HT,10.0,0.2,10,20,169,10000,,yes,0.035,0.9111475905555232
2208,0.5202591014090077,0.977568086048947,0.4573089846399393,"Horvitz-Thompson(recency=10.0,delta=0.20)",HT,10.0,0.2,10,20,169,10000,,yes,0.035,0.9111475905555232
2209,0.546561136764909,0.9458808028359443,0.3993196660710353,"Horvitz-Thompson(recency=10.0,delta=0.20)",HT,10.0,0.2,10,20,169,10000,,yes,0.035,0.9111475905555232
2210,0.547807422128412,0.9862139396070188,0.4384065174786067,"Horvitz-Thompson(recency=10.0,delta=0.20)",HT,10.0,0.2,10,20,169,10000,,yes,0.035,0.9111475905555232
2211,0.5104111797835,0.9827042746575836,0.47229309487408355,"Horvitz-Thompson(recency=10.0,delta=0.20)",HT,10.0,0.2,10,20,169,10000,,yes,0.035,0.9111475905555232
2212,0.4954266027026518,1.0665334817784373,0.5711068790757855,"Horvitz-Thompson(recency=10.0,delta=0.20)",HT,10.0,0.2,10,20,169,10000,,yes,0.035,0.9111475905555232
2213,0.534269895548046,1.068491101906873,0.534221206358827,"Horvitz-Thompson(recency=10.0,delta=0.20)",HT,10.0,0.2,10,20,169,10000,,yes,0.035,0.9111475905555232
2214,0.5263479986562697,0.9628861877619109,0.43653818910564124,"Horvitz-Thompson(recency=10.0,delta=0.20)",HT,10.0,0.2,10,20,169,10000,,yes,0.035,0.9111475905555232
2215,0.5088731434310622,0.9693442960879064,0.46047115265684424,"Horvitz-Thompson(recency=10.0,delta=0.20)",HT,10.0,0.2,10,20,169,10000,,yes,0.035,0.9111475905555232
2216,0.5258167879880333,1.0253228691604626,0.49950608117242923,"Horvitz-Thompson(recency=10.0,delta=0.20)",HT,10.0,0.2,10,20,169,10000,,yes,0.035,0.9111475905555232
2217,0.5053690783457964,0.9830289684289597,0.47765989008316334,"Horvitz-Thompson(recency=10.0,delta=0.20)",HT,10.0,0.2,10,20,169,10000,,yes,0.035,0.9111475905555232
2218,0.5239586311877487,1.051944613421703,0.5279859822339543,"Horvitz-Thompson(recency=10.0,delta=0.20)",HT,10.0,0.2,10,20,169,10000,,yes,0.035,0.9111475905555232
2219,0.5044846993243833,1.0120902226661255,0.5076055233417421,"Horvitz-Thompson(recency=10.0,delta=0.20)",HT,10.0,0.2,10,20,169,10000,,yes,0.035,0.9111475905555232
2220,0.5044391648110738,1.0699455009925356,0.5655063361814618,"Horvitz-Thompson(recency=10.0,delta=0.20)",HT,10.0,0.2,10,20,169,10000,,yes,0.035,0.9111475905555232
2221,0.5256264764157201,0.952456292884657,0.4268298164689369,"Horvitz-Thompson(recency=10.0,delta=0.20)",HT,10.0,0.2,10,20,169,10000,,yes,0.035,0.9111475905555232
2222,0.5488418255511146,0.9372835617980326,0.388441736246918,"Horvitz-Thompson(recency=10.0,delta=0.20)",HT,10.0,0.2,10,20,169,10000,,yes,0.035,0.9111475905555232
2223,0.5229299623114922,0.992964122080854,0.4700341597693618,"Horvitz-Thompson(recency=10.0,delta=0.20)",HT,10.0,0.2,10,20,169,10000,,yes,0.035,0.9111475905555232
2224,0.5177993699267522,1.1332060052953468,0.6154066353685945,"Horvitz-Thompson(recency=10.0,delta=0.20)",HT,10.0,0.2,10,20,169,10000,,yes,0.035,0.9111475905555232
2225,0.525948418527068,0.9583824755299278,0.43243405700285986,"Horvitz-Thompson(recency=10.0,delta=0.20)",HT,10.0,0.2,10,20,169,10000,,yes,0.035,0.9111475905555232
2226,0.5430240300066923,1.0158814798901714,0.4728574498834791,"Horvitz-Thompson(recency=10.0,delta=0.20)",HT,10.0,0.2,10,20,169,10000,,yes,0.035,0.9111475905555232
2227,0.5396104052757481,0.965302148692913,0.42569174341716487,"Horvitz-Thompson(recency=10.0,delta=0.20)",HT,10.0,0.2,10,20,169,10000,,yes,0.035,0.9111475905555232
2228,0.5013882804460001,1.012229483285223,0.5108412028392229,"Horvitz-Thompson(recency=10.0,delta=0.20)",HT,10.0,0.2,10,20,169,10000,,yes,0.035,0.9111475905555232
2229,0.48016527394039216,1.0448509780375401,0.564685704097148,"Horvitz-Thompson(recency=10.0,delta=0.20)",HT,10.0,0.2,10,20,169,10000,,yes,0.035,0.9111475905555232
2230,0.5399135500183091,1.017106660248136,0.4771931102298269,"Horvitz-Thompson(recency=10.0,delta=0.20)",HT,10.0,0.2,10,20,169,10000,,yes,0.035,0.9111475905555232
2231,0.48853493260233316,1.0490931640994403,0.5605582314971072,"Horvitz-Thompson(recency=10.0,delta=0.20)",HT,10.0,0.2,10,20,169,10000,,yes,0.035,0.9111475905555232
2232,0.508219273737682,1.02086700811685,0.512647734379168,"Horvitz-Thompson(recency=10.0,delta=0.20)",HT,10.0,0.2,10,20,169,10000,,yes,0.035,0.9111475905555232
2233,0.5079908207298673,1.0862207581904384,0.578229937460571,"Horvitz-Thompson(recency=10.0,delta=0.20)",HT,10.0,0.2,10,20,169,10000,,yes,0.035,0.9111475905555232
2234,0.5374906390895137,1.0288820030150834,0.4913913639255697,"Horvitz-Thompson(recency=10.0,delta=0.20)",HT,10.0,0.2,10,20,169,10000,,yes,0.035,0.9111475905555232
2235,0.5484006673777091,0.9443329615754364,0.39593229419772735,"Horvitz-Thompson(recency=10.0,delta=0.20)",HT,10.0,0.2,10,20,169,10000,,yes,0.035,0.9111475905555232
2236,0.4892214274144436,1.1044700918069574,0.6152486643925139,"Horvitz-Thompson(recency=10.0,delta=0.20)",HT,10.0,0.2,10,20,169,10000,,yes,0.035,0.9111475905555232
2237,0.555840742697421,1.0012851836402383,0.4454444409428173,"Horvitz-Thompson(recency=10.0,delta=0.20)",HT,10.0,0.2,10,20,169,10000,,yes,0.035,0.9111475905555232
2238,0.498931809609005,1.079611110425997,0.5806793008169919,"Horvitz-Thompson(recency=10.0,delta=0.20)",HT,10.0,0.2,10,20,169,10000,,yes,0.035,0.9111475905555232
2239,0.52278279548977,0.9471633231259157,0.42438052763614564,"Horvitz-Thompson(recency=10.0,delta=0.20)",HT,10.0,0.2,10,20,169,10000,,yes,0.035,0.9111475905555232
2240,0.4980379148864979,1.0919664858773648,0.5939285709908668,"Horvitz-Thompson(recency=10.0,delta=0.20)",HT,10.0,0.2,10,20,169,10000,,yes,0.035,0.9111475905555232
2241,0.5179979672289602,0.9705445783366994,0.4525466111077392,"Horvitz-Thompson(recency=10.0,delta=0.20)",HT,10.0,0.2,10,20,169,10000,,yes,0.035,0.9111475905555232
2242,0.5234070988735473,1.0022052110574102,0.4787981121838629,"Horvitz-Thompson(recency=10.0,delta=0.20)",HT,10.0,0.2,10,20,169,10000,,yes,0.035,0.9111475905555232
2243,0.5015102664758937,1.0394078367440163,0.5378975702681226,"Horvitz-Thompson(recency=10.0,delta=0.20)",HT,10.0,0.2,10,20,169,10000,,yes,0.035,0.9111475905555232
2244,0.5627845589890565,0.9464192649868971,0.38363470599784055,"Horvitz-Thompson(recency=10.0,delta=0.20)",HT,10.0,0.2,10,20,169,10000,,yes,0.035,0.9111475905555232
2245,0.5232019650438661,0.9824836173290666,0.45928165228520057,"Horvitz-Thompson(recency=10.0,delta=0.20)",HT,10.0,0.2,10,20,169,10000,,yes,0.035,0.9111475905555232
2246,0.4975347120783971,1.073112241793956,0.575577529715559,"Horvitz-Thompson(recency=10.0,delta=0.20)",HT,10.0,0.2,10,20,169,10000,,yes,0.035,0.9111475905555232
2247,0.5407785598582222,0.9901838335107453,0.44940527365252314,"Horvitz-Thompson(recency=10.0,delta=0.20)",HT,10.0,0.2,10,20,169,10000,,yes,0.035,0.9111475905555232
2248,0.5265546699585405,1.0384829169867391,0.5119282470281986,"Horvitz-Thompson(recency=10.0,delta=0.20)",HT,10.0,0.2,10,20,169,10000,,yes,0.035,0.9111475905555232
2249,0.5433801179901231,0.9979715590104176,0.4545914410202945,"Horvitz-Thompson(recency=10.0,delta=0.20)",HT,10.0,0.2,10,20,169,10000,,yes,0.035,0.9111475905555232
2250,0.5647452495753656,0.9248571827879535,0.36011193321258783,"Horvitz-Thompson(recency=10.0,delta=0.20)",HT,10.0,0.2,10,20,169,10000,,yes,0.035,0.9111475905555232
2251,0.5308641938538091,0.9779132192800087,0.4470490254261996,"Horvitz-Thompson(recency=10.0,delta=0.20)",HT,10.0,0.2,10,20,169,10000,,yes,0.035,0.9111475905555232
2252,0.5234146081121186,1.0542247594977248,0.5308101513856062,"Horvitz-Thompson(recency=10.0,delta=0.20)",HT,10.0,0.2,10,20,169,10000,,yes,0.035,0.9111475905555232
2253,0.5279490729597738,0.99735308478201,0.46940401182223623,"Horvitz-Thompson(recency=10.0,delta=0.20)",HT,10.0,0.2,10,20,169,10000,,yes,0.035,0.9111475905555232
2254,0.5000709428948978,1.036848049126684,0.5367771062317862,"Horvitz-Thompson(recency=10.0,delta=0.20)",HT,10.0,0.2,10,20,169,10000,,yes,0.035,0.9111475905555232
2255,0.5275694414809787,0.9151649985638829,0.38759555708290416,"Horvitz-Thompson(recency=10.0,delta=0.20)",HT,10.0,0.2,10,20,169,10000,,yes,0.035,0.9111475905555232
2256,0.5326213234643427,0.9605105037974648,0.4278891803331222,"Horvitz-Thompson(recency=10.0,delta=0.20)",HT,10.0,0.2,10,20,169,10000,,yes,0.035,0.9111475905555232
2257,0.511413706472193,1.0508505341246643,0.5394368276524714,"Horvitz-Thompson(recency=10.0,delta=0.20)",HT,10.0,0.2,10,20,169,10000,,yes,0.035,0.9111475905555232
2258,0.522482514518422,0.9920621695467913,0.4695796550283693,"Horvitz-Thompson(recency=10.0,delta=0.20)",HT,10.0,0.2,10,20,169,10000,,yes,0.035,0.9111475905555232
2259,0.5394653148954,0.9985908021026788,0.45912548720727886,"Horvitz-Thompson(recency=10.0,delta=0.20)",HT,10.0,0.2,10,20,169,10000,,yes,0.035,0.9111475905555232
2260,0.5528179497722717,0.9571463181771097,0.404328368404838,"Horvitz-Thompson(recency=10.0,delta=0.20)",HT,10.0,0.2,10,20,169,10000,,yes,0.035,0.9111475905555232
2261,0.5213119422452772,0.9920685209463894,0.4707565787011122,"Horvitz-Thompson(recency=10.0,delta=0.20)",HT,10.0,0.2,10,20,169,10000,,yes,0.035,0.9111475905555232
2262,0.5113166128793638,0.9547055410450873,0.4433889281657235,"Horvitz-Thompson(recency=10.0,delta=0.20)",HT,10.0,0.2,10,20,169,10000,,yes,0.035,0.9111475905555232
2263,0.4864584493441105,1.0294526911492494,0.542994241805139,"Horvitz-Thompson(recency=10.0,delta=0.20)",HT,10.0,0.2,10,20,169,10000,,yes,0.035,0.9111475905555232
2264,0.5482176555828572,0.9825630452556299,0.4343453896727727,"Horvitz-Thompson(recency=10.0,delta=0.20)",HT,10.0,0.2,10,20,169,10000,,yes,0.035,0.9111475905555232
2265,0.4739373060044458,1.0542745632068533,0.5803372572024075,"Horvitz-Thompson(recency=10.0,delta=0.20)",HT,10.0,0.2,10,20,169,10000,,yes,0.035,0.9111475905555232
2266,0.5387274033052422,0.948134200918838,0.4094067976135959,"Horvitz-Thompson(recency=10.0,delta=0.20)",HT,10.0,0.2,10,20,169,10000,,yes,0.035,0.9111475905555232
2267,0.4779756747365,1.0835798626666977,0.6056041879301977,"Horvitz-Thompson(recency=10.0,delta=0.20)",HT,10.0,0.2,10,20,169,10000,,yes,0.035,0.9111475905555232
2268,0.5512127885455543,1.0121510196168257,0.4609382310712714,"Horvitz-Thompson(recency=10.0,delta=0.20)",HT,10.0,0.2,10,20,169,10000,,yes,0.035,0.9111475905555232
2269,0.5127844328905815,1.0446107771567128,0.5318263442661313,"Horvitz-Thompson(recency=10.0,delta=0.20)",HT,10.0,0.2,10,20,169,10000,,yes,0.035,0.9111475905555232
2270,0.4846917435468506,0.9669792002593066,0.48228745671245604,"Horvitz-Thompson(recency=10.0,delta=0.20)",HT,10.0,0.2,10,20,169,10000,,yes,0.035,0.9111475905555232
2271,0.5139330370275389,1.0177785614204296,0.5038455243928907,"Horvitz-Thompson(recency=10.0,delta=0.20)",HT,10.0,0.2,10,20,169,10000,,yes,0.035,0.9111475905555232
2272,0.5161986940679018,1.0796453863237185,0.5634466922558168,"Horvitz-Thompson(recency=10.0,delta=0.20)",HT,10.0,0.2,10,20,169,10000,,yes,0.035,0.9111475905555232
2273,0.5195790318467957,0.9671574724276003,0.44757844058080465,"Horvitz-Thompson(recency=10.0,delta=0.20)",HT,10.0,0.2,10,20,169,10000,,yes,0.035,0.9111475905555232
2274,0.5585836097269428,0.9851710006324933,0.42658739090555053,"Horvitz-Thompson(recency=10.0,delta=0.20)",HT,10.0,0.2,10,20,169,10000,,yes,0.035,0.9111475905555232
2275,0.5151227835020826,1.0384240914161023,0.5233013079140196,"Horvitz-Thompson(recency=10.0,delta=0.20)",HT,10.0,0.2,10,20,169,10000,,yes,0.035,0.9111475905555232
2276,0.5310182064845992,0.9861564140313197,0.4551382075467205,"Horvitz-Thompson(recency=10.0,delta=0.20)",HT,10.0,0.2,10,20,169,10000,,yes,0.035,0.9111475905555232
2277,0.4943049851660125,1.0321432744807473,0.5378382893147348,"Horvitz-Thompson(recency=10.0,delta=0.20)",HT,10.0,0.2,10,20,169,10000,,yes,0.035,0.9111475905555232
2278,0.4846532845050998,0.9985921855438971,0.5139389010387972,"Horvitz-Thompson(recency=10.0,delta=0.20)",HT,10.0,0.2,10,20,169,10000,,yes,0.035,0.9111475905555232
2279,0.5237929748427756,1.0718515648205034,0.5480585899777277,"Horvitz-Thompson(recency=10.0,delta=0.20)",HT,10.0,0.2,10,20,169,10000,,yes,0.035,0.9111475905555232
2280,0.5264229468026367,0.9877807103926137,0.46135776358997704,"Horvitz-Thompson(recency=10.0,delta=0.20)",HT,10.0,0.2,10,20,169,10000,,yes,0.035,0.9111475905555232
2281,0.5488401963799201,0.9378938734729153,0.3890536770929952,"Horvitz-Thompson(recency=10.0,delta=0.20)",HT,10.0,0.2,10,20,169,10000,,yes,0.035,0.9111475905555232
2282,0.4911537055203443,1.0208622059405614,0.5297085004202171,"Horvitz-Thompson(recency=10.0,delta=0.20)",HT,10.0,0.2,10,20,169,10000,,yes,0.035,0.9111475905555232
2283,0.5323339375151729,0.9311579217572932,0.3988239842421203,"Horvitz-Thompson(recency=10.0,delta=0.20)",HT,10.0,0.2,10,20,169,10000,,yes,0.035,0.9111475905555232
2284,0.518124696979175,1.0048933895674828,0.4867686925883078,"Horvitz-Thompson(recency=10.0,delta=0.20)",HT,10.0,0.2,10,20,169,10000,,yes,0.035,0.9111475905555232
2285,0.5124897010388619,0.9806161141035215,0.4681264130646595,"Horvitz-Thompson(recency=10.0,delta=0.20)",HT,10.0,0.2,10,20,169,10000,,yes,0.035,0.9111475905555232
2286,0.5238723559437504,0.992585227031347,0.4687128710875966,"Horvitz-Thompson(recency=10.0,delta=0.20)",HT,10.0,0.2,10,20,169,10000,,yes,0.035,0.9111475905555232
2287,0.5269839747733992,0.9622818156789497,0.43529784090555046,"Horvitz-Thompson(recency=10.0,delta=0.20)",HT,10.0,0.2,10,20,169,10000,,yes,0.035,0.9111475905555232
2288,0.5316370240818262,0.9680040303082272,0.436367006226401,"Horvitz-Thompson(recency=10.0,delta=0.20)",HT,10.0,0.2,10,20,169,10000,,yes,0.035,0.9111475905555232
2289,0.5174372815292602,0.9143674306620694,0.3969301491328092,"Horvitz-Thompson(recency=10.0,delta=0.20)",HT,10.0,0.2,10,20,169,10000,,yes,0.035,0.9111475905555232
2290,0.5003976820877114,1.023826142962577,0.5234284608748656,"Horvitz-Thompson(recency=10.0,delta=0.20)",HT,10.0,0.2,10,20,169,10000,,yes,0.035,0.9111475905555232
2291,0.5152251188161634,1.0044291469070343,0.48920402809087093,"Horvitz-Thompson(recency=10.0,delta=0.20)",HT,10.0,0.2,10,20,169,10000,,yes,0.035,0.9111475905555232
2292,0.543534009260884,0.9760220292113465,0.4324880199504625,"Horvitz-Thompson(recency=10.0,delta=0.20)",HT,10.0,0.2,10,20,169,10000,,yes,0.035,0.9111475905555232
2293,0.5304125341915171,0.9874383758327264,0.4570258416412093,"Horvitz-Thompson(recency=10.0,delta=0.20)",HT,10.0,0.2,10,20,169,10000,,yes,0.035,0.9111475905555232
2294,0.47908854156124786,1.0382622901740668,0.559173748612819,"Horvitz-Thompson(recency=10.0,delta=0.20)",HT,10.0,0.2,10,20,169,10000,,yes,0.035,0.9111475905555232
2295,0.5040885951922698,0.9785059876103469,0.4744173924180771,"Horvitz-Thompson(recency=10.0,delta=0.20)",HT,10.0,0.2,10,20,169,10000,,yes,0.035,0.9111475905555232
2296,0.5157997292984433,1.0602820164861504,0.5444822871877071,"Horvitz-Thompson(recency=10.0,delta=0.20)",HT,10.0,0.2,10,20,169,10000,,yes,0.035,0.9111475905555232
2297,0.5502389817402554,0.9692399478780716,0.4190009661378161,"Horvitz-Thompson(recency=10.0,delta=0.20)",HT,10.0,0.2,10,20,169,10000,,yes,0.035,0.9111475905555232
2298,0.5079946303251406,1.0431873805652117,0.5351927502400711,"Horvitz-Thompson(recency=10.0,delta=0.20)",HT,10.0,0.2,10,20,169,10000,,yes,0.035,0.9111475905555232
2299,0.5079033987503068,0.9558686791827544,0.44796528043244765,"Horvitz-Thompson(recency=10.0,delta=0.20)",HT,10.0,0.2,10,20,169,10000,,yes,0.035,0.9111475905555232
2300,0.532261227780149,0.9096777499913135,0.3774165222111645,"Horvitz-Thompson(recency=10.0,delta=0.20)",HT,10.0,0.2,10,20,169,10000,,yes,0.035,0.9111475905555232
2301,0.5238573250949445,1.0121829967484768,0.48832567165353225,"Horvitz-Thompson(recency=10.0,delta=0.20)",HT,10.0,0.2,10,20,169,10000,,yes,0.035,0.9111475905555232
2302,0.4983333907142999,1.034087284006091,0.5357538932917911,"Horvitz-Thompson(recency=10.0,delta=0.20)",HT,10.0,0.2,10,20,169,10000,,yes,0.035,0.9111475905555232
2303,0.49619267604427353,1.0593544812240947,0.5631618051798212,"Horvitz-Thompson(recency=10.0,delta=0.20)",HT,10.0,0.2,10,20,169,10000,,yes,0.035,0.9111475905555232
2304,0.4970139393002163,1.0214411346654082,0.5244271953651919,"Horvitz-Thompson(recency=10.0,delta=0.20)",HT,10.0,0.2,10,20,169,10000,,yes,0.035,0.9111475905555232
2305,0.5091713746829724,0.9567052775922427,0.4475339029092703,"Horvitz-Thompson(recency=10.0,delta=0.20)",HT,10.0,0.2,10,20,169,10000,,yes,0.035,0.9111475905555232
2306,0.4999696811042233,1.0647886904570987,0.5648190093528753,"Horvitz-Thompson(recency=10.0,delta=0.20)",HT,10.0,0.2,10,20,169,10000,,yes,0.035,0.9111475905555232
2307,0.5384320173952388,1.0019558295897362,0.46352381219449734,"Horvitz-Thompson(recency=10.0,delta=0.20)",HT,10.0,0.2,10,20,169,10000,,yes,0.035,0.9111475905555232
2308,0.53012744901636,1.008366404618991,0.4782389556026311,"Horvitz-Thompson(recency=10.0,delta=0.20)",HT,10.0,0.2,10,20,169,10000,,yes,0.035,0.9111475905555232
2309,0.5561676023130891,0.9594134307112926,0.40324582839820344,"Horvitz-Thompson(recency=10.0,delta=0.20)",HT,10.0,0.2,10,20,169,10000,,yes,0.035,0.9111475905555232
2310,0.5290677207839133,0.9665962206828506,0.4375284998989373,"Horvitz-Thompson(recency=10.0,delta=0.20)",HT,10.0,0.2,10,20,169,10000,,yes,0.035,0.9111475905555232
2311,0.4916470023027411,0.9982347648123938,0.5065877625096527,"Horvitz-Thompson(recency=10.0,delta=0.20)",HT,10.0,0.2,10,20,169,10000,,yes,0.035,0.9111475905555232
2312,0.5598472317913794,0.9472387359256141,0.38739150413423473,"Horvitz-Thompson(recency=10.0,delta=0.20)",HT,10.0,0.2,10,20,169,10000,,yes,0.035,0.9111475905555232
2313,0.5490802448433564,0.9888898713827493,0.43980962653939293,"Horvitz-Thompson(recency=10.0,delta=0.20)",HT,10.0,0.2,10,20,169,10000,,yes,0.035,0.9111475905555232
2314,0.5094269995759851,0.9946358660593441,0.4852088664833589,"Horvitz-Thompson(recency=10.0,delta=0.20)",HT,10.0,0.2,10,20,169,10000,,yes,0.035,0.9111475905555232
2315,0.556721116859334,0.9105052694122006,0.35378415255286655,"Horvitz-Thompson(recency=10.0,delta=0.20)",HT,10.0,0.2,10,20,169,10000,,yes,0.035,0.9111475905555232
2316,0.5161075140992294,0.9975051385180843,0.4813976244188549,"Horvitz-Thompson(recency=10.0,delta=0.20)",HT,10.0,0.2,10,20,169,10000,,yes,0.035,0.9111475905555232
2317,0.5206295818548097,1.025959595609878,0.5053300137550683,"Horvitz-Thompson(recency=10.0,delta=0.20)",HT,10.0,0.2,10,20,169,10000,,yes,0.035,0.9111475905555232
2318,0.5119198447568478,1.0249403358457616,0.5130204910889138,"Horvitz-Thompson(recency=10.0,delta=0.20)",HT,10.0,0.2,10,20,169,10000,,yes,0.035,0.9111475905555232
2319,0.5498515464817479,0.9426775546863965,0.3928260082046485,"Horvitz-Thompson(recency=10.0,delta=0.20)",HT,10.0,0.2,10,20,169,10000,,yes,0.035,0.9111475905555232
2320,0.5230342341169237,0.9706391373109381,0.44760490319401436,"Horvitz-Thompson(recency=10.0,delta=0.20)",HT,10.0,0.2,10,20,169,10000,,yes,0.035,0.9111475905555232
2321,0.5016298470174588,1.0870735993184084,0.5854437523009496,"Horvitz-Thompson(recency=10.0,delta=0.20)",HT,10.0,0.2,10,20,169,10000,,yes,0.035,0.9111475905555232
2322,0.5194001223917937,0.8974674253875612,0.3780673029957675,"Horvitz-Thompson(recency=10.0,delta=0.20)",HT,10.0,0.2,10,20,169,10000,,yes,0.035,0.9111475905555232
2323,0.5649724896506173,0.9192700194209846,0.3542975297703673,"Horvitz-Thompson(recency=10.0,delta=0.20)",HT,10.0,0.2,10,20,169,10000,,yes,0.035,0.9111475905555232
2324,0.494425703610963,1.0218105419697494,0.5273848383587865,"Horvitz-Thompson(recency=10.0,delta=0.20)",HT,10.0,0.2,10,20,169,10000,,yes,0.035,0.9111475905555232
2325,0.5231729002837276,1.0078951271583803,0.4847222268746526,"Horvitz-Thompson(recency=10.0,delta=0.20)",HT,10.0,0.2,10,20,169,10000,,yes,0.035,0.9111475905555232
2326,0.5299230856313455,1.0430945337442095,0.513171448112864,"Horvitz-Thompson(recency=10.0,delta=0.20)",HT,10.0,0.2,10,20,169,10000,,yes,0.035,0.9111475905555232
2327,0.4942387907923996,1.0032258009265993,0.5089870101341998,"Horvitz-Thompson(recency=10.0,delta=0.20)",HT,10.0,0.2,10,20,169,10000,,yes,0.035,0.9111475905555232
2328,0.5384933769134489,0.9287295598977823,0.3902361829843334,"Horvitz-Thompson(recency=10.0,delta=0.20)",HT,10.0,0.2,10,20,169,10000,,yes,0.035,0.9111475905555232
2329,0.5628254456025773,0.9800803600707845,0.41725491446820717,"Horvitz-Thompson(recency=10.0,delta=0.20)",HT,10.0,0.2,10,20,169,10000,,yes,0.035,0.9111475905555232
2330,0.5325585896713532,0.9395926965980168,0.40703410692666364,"Horvitz-Thompson(recency=10.0,delta=0.20)",HT,10.0,0.2,10,20,169,10000,,yes,0.035,0.9111475905555232
2331,0.5127667268301804,1.0126062006722807,0.49983947384210026,"Horvitz-Thompson(recency=10.0,delta=0.20)",HT,10.0,0.2,10,20,169,10000,,yes,0.035,0.9111475905555232
2332,0.5415395886141765,0.916755492777221,0.3752159041630445,"Horvitz-Thompson(recency=10.0,delta=0.20)",HT,10.0,0.2,10,20,169,10000,,yes,0.035,0.9111475905555232
2333,0.5101298133129984,1.0924602920818245,0.582330478768826,"Horvitz-Thompson(recency=10.0,delta=0.20)",HT,10.0,0.2,10,20,169,10000,,yes,0.035,0.9111475905555232
2334,0.553938427911636,0.9702717315753219,0.4163333036636858,"Horvitz-Thompson(recency=10.0,delta=0.20)",HT,10.0,0.2,10,20,169,10000,,yes,0.035,0.9111475905555232
2335,0.47640027215349345,1.037182513369479,0.5607822412159855,"Horvitz-Thompson(recency=10.0,delta=0.20)",HT,10.0,0.2,10,20,169,10000,,yes,0.035,0.9111475905555232
2336,0.5134115112882975,1.0401163897991594,0.5267048785108619,"Horvitz-Thompson(recency=10.0,delta=0.20)",HT,10.0,0.2,10,20,169,10000,,yes,0.035,0.9111475905555232
2337,0.5401214733364283,0.912815133150765,0.37269365981433666,"Horvitz-Thompson(recency=10.0,delta=0.20)",HT,10.0,0.2,10,20,169,10000,,yes,0.035,0.9111475905555232
2338,0.5189853486351871,1.0082790029778705,0.48929365434268346,"Horvitz-Thompson(recency=10.0,delta=0.20)",HT,10.0,0.2,10,20,169,10000,,yes,0.035,0.9111475905555232
2339,0.5323703672816716,0.9992646760437367,0.46689430876206506,"Horvitz-Thompson(recency=10.0,delta=0.20)",HT,10.0,0.2,10,20,169,10000,,yes,0.035,0.9111475905555232
2340,0.5059272241872823,1.0029138031144,0.49698657892711773,"Horvitz-Thompson(recency=10.0,delta=0.20)",HT,10.0,0.2,10,20,169,10000,,yes,0.035,0.9111475905555232
2341,0.524880700923418,0.9966369655684376,0.47175626464501963,"Horvitz-Thompson(recency=10.0,delta=0.20)",HT,10.0,0.2,10,20,169,10000,,yes,0.035,0.9111475905555232
2342,0.5357019300790363,1.0294622063101941,0.4937602762311578,"Horvitz-Thompson(recency=10.0,delta=0.20)",HT,10.0,0.2,10,20,169,10000,,yes,0.035,0.9111475905555232
2343,0.501327300586608,1.0223318080417596,0.5210045074551516,"Horvitz-Thompson(recency=10.0,delta=0.20)",HT,10.0,0.2,10,20,169,10000,,yes,0.035,0.9111475905555232
2344,0.5232508818081468,0.9470043148995471,0.42375343309140023,"Horvitz-Thompson(recency=10.0,delta=0.20)",HT,10.0,0.2,10,20,169,10000,,yes,0.035,0.9111475905555232
2345,0.4814128985656242,1.0224172863955432,0.541004387829919,"Horvitz-Thompson(recency=10.0,delta=0.20)",HT,10.0,0.2,10,20,169,10000,,yes,0.035,0.9111475905555232
2346,0.5290440633339346,0.9710631423241982,0.4420190789902636,"Horvitz-Thompson(recency=10.0,delta=0.20)",HT,10.0,0.2,10,20,169,10000,,yes,0.035,0.9111475905555232
2347,0.47706030966875945,1.0036808025378772,0.5266204928691177,"Horvitz-Thompson(recency=10.0,delta=0.20)",HT,10.0,0.2,10,20,169,10000,,yes,0.035,0.9111475905555232
2348,0.5000833576216213,0.9613267521943912,0.46124339457276997,"Horvitz-Thompson(recency=10.0,delta=0.20)",HT,10.0,0.2,10,20,169,10000,,yes,0.035,0.9111475905555232
2349,0.5115794848911905,1.0373085148808863,0.5257290299896957,"Horvitz-Thompson(recency=10.0,delta=0.20)",HT,10.0,0.2,10,20,169,10000,,yes,0.035,0.9111475905555232
2350,0.5457125534839179,1.0097881939938236,0.4640756405099057,"Horvitz-Thompson(recency=10.0,delta=0.20)",HT,10.0,0.2,10,20,169,10000,,yes,0.035,0.9111475905555232
2351,0.5032205884438259,1.0118809762728191,0.5086603878289933,"Horvitz-Thompson(recency=10.0,delta=0.20)",HT,10.0,0.2,10,20,169,10000,,yes,0.035,0.9111475905555232
2352,0.5106144844347508,1.0102961860699577,0.499681701635207,"Horvitz-Thompson(recency=10.0,delta=0.20)",HT,10.0,0.2,10,20,169,10000,,yes,0.035,0.9111475905555232
2353,0.5429222867014719,0.9157683490371259,0.372846062335654,"Horvitz-Thompson(recency=10.0,delta=0.20)",HT,10.0,0.2,10,20,169,10000,,yes,0.035,0.9111475905555232
2354,0.5359152522625918,0.9850278567234817,0.44911260446088985,"Horvitz-Thompson(recency=10.0,delta=0.20)",HT,10.0,0.2,10,20,169,10000,,yes,0.035,0.9111475905555232
2355,0.521154789364407,0.9750470839652712,0.4538922946008642,"Horvitz-Thompson(recency=10.0,delta=0.20)",HT,10.0,0.2,10,20,169,10000,,yes,0.035,0.9111475905555232
2356,0.5575054701091966,1.022278568641175,0.46477309853197846,"Horvitz-Thompson(recency=10.0,delta=0.20)",HT,10.0,0.2,10,20,169,10000,,yes,0.035,0.9111475905555232
2357,0.5276778686620481,0.9492454846430555,0.42156761598100734,"Horvitz-Thompson(recency=10.0,delta=0.20)",HT,10.0,0.2,10,20,169,10000,,yes,0.035,0.9111475905555232
2358,0.5091408460093474,0.9321716824409325,0.4230308364315851,"Horvitz-Thompson(recency=10.0,delta=0.20)",HT,10.0,0.2,10,20,169,10000,,yes,0.035,0.9111475905555232
2359,0.5150968783386457,1.045888565471605,0.5307916871329593,"Horvitz-Thompson(recency=10.0,delta=0.20)",HT,10.0,0.2,10,20,169,10000,,yes,0.035,0.9111475905555232
2360,0.5346400694873109,0.928077827077168,0.3934377575898571,"Horvitz-Thompson(recency=10.0,delta=0.20)",HT,10.0,0.2,10,20,169,10000,,yes,0.035,0.9111475905555232
2361,0.5328043896890292,0.916779086236235,0.38397469654720584,"Horvitz-Thompson(recency=10.0,delta=0.20)",HT,10.0,0.2,10,20,169,10000,,yes,0.035,0.9111475905555232
2362,0.5209038578435894,1.0337564961962777,0.5128526383526884,"Horvitz-Thompson(recency=10.0,delta=0.20)",HT,10.0,0.2,10,20,169,10000,,yes,0.035,0.9111475905555232
2363,0.5151907442001112,0.9667248359257827,0.4515340917256715,"Horvitz-Thompson(recency=10.0,delta=0.20)",HT,10.0,0.2,10,20,169,10000,,yes,0.035,0.9111475905555232
2364,0.5206325896894687,1.039390229674576,0.5187576399851074,"Horvitz-Thompson(recency=10.0,delta=0.20)",HT,10.0,0.2,10,20,169,10000,,yes,0.035,0.9111475905555232
2365,0.5058421624438669,0.9583427679752625,0.4525006055313956,"Horvitz-Thompson(recency=10.0,delta=0.20)",HT,10.0,0.2,10,20,169,10000,,yes,0.035,0.9111475905555232
2366,0.5163234702990434,1.0685756599959138,0.5522521896968704,"Horvitz-Thompson(recency=10.0,delta=0.20)",HT,10.0,0.2,10,20,169,10000,,yes,0.035,0.9111475905555232
2367,0.49953005430845815,1.040373633735575,0.5408435794271167,"Horvitz-Thompson(recency=10.0,delta=0.20)",HT,10.0,0.2,10,20,169,10000,,yes,0.035,0.9111475905555232
2368,0.5474335008182505,0.9737441791078939,0.4263106782896434,"Horvitz-Thompson(recency=10.0,delta=0.20)",HT,10.0,0.2,10,20,169,10000,,yes,0.035,0.9111475905555232
2369,0.5393314075941384,0.9876996895095677,0.4483682819154292,"Horvitz-Thompson(recency=10.0,delta=0.20)",HT,10.0,0.2,10,20,169,10000,,yes,0.035,0.9111475905555232
2370,0.5317245322772307,1.0248070667585345,0.4930825344813038,"Horvitz-Thompson(recency=10.0,delta=0.20)",HT,10.0,0.2,10,20,169,10000,,yes,0.035,0.9111475905555232
2371,0.5119856186812007,1.0569575592571083,0.5449719405759076,"Horvitz-Thompson(recency=10.0,delta=0.20)",HT,10.0,0.2,10,20,169,10000,,yes,0.035,0.9111475905555232
2372,0.5412924558161577,0.9560060624446675,0.41471360662850976,"Horvitz-Thompson(recency=10.0,delta=0.20)",HT,10.0,0.2,10,20,169,10000,,yes,0.035,0.9111475905555232
2373,0.516977229123035,0.9762018317408389,0.45922460261780385,"Horvitz-Thompson(recency=10.0,delta=0.20)",HT,10.0,0.2,10,20,169,10000,,yes,0.035,0.9111475905555232
2374,0.5254519502140556,1.0266702131727956,0.5012182629587401,"Horvitz-Thompson(recency=10.0,delta=0.20)",HT,10.0,0.2,10,20,169,10000,,yes,0.035,0.9111475905555232
2375,0.501768497595109,0.9953096047186463,0.49354110712353727,"Horvitz-Thompson(recency=10.0,delta=0.20)",HT,10.0,0.2,10,20,169,10000,,yes,0.035,0.9111475905555232
2376,0.5238783345849418,1.0396799221394992,0.5158015875545574,"Horvitz-Thompson(recency=10.0,delta=0.20)",HT,10.0,0.2,10,20,169,10000,,yes,0.035,0.9111475905555232
2377,0.5139051517250285,1.0293685693323529,0.5154634176073244,"Horvitz-Thompson(recency=10.0,delta=0.20)",HT,10.0,0.2,10,20,169,10000,,yes,0.035,0.9111475905555232
2378,0.5226018117750449,1.0029691695923897,0.48036735781734474,"Horvitz-Thompson(recency=10.0,delta=0.20)",HT,10.0,0.2,10,20,169,10000,,yes,0.035,0.9111475905555232
2379,0.5406528388736527,0.9724949703057164,0.43184213143206374,"Horvitz-Thompson(recency=10.0,delta=0.20)",HT,10.0,0.2,10,20,169,10000,,yes,0.035,0.9111475905555232
2380,0.49505554701466853,1.045290218109342,0.5502346710946735,"Horvitz-Thompson(recency=10.0,delta=0.20)",HT,10.0,0.2,10,20,169,10000,,yes,0.035,0.9111475905555232
2381,0.5050977890244835,0.9262315419004453,0.4211337528759618,"Horvitz-Thompson(recency=10.0,delta=0.20)",HT,10.0,0.2,10,20,169,10000,,yes,0.035,0.9111475905555232
2382,0.5192607302390964,1.009210215185366,0.48994948494626955,"Horvitz-Thompson(recency=10.0,delta=0.20)",HT,10.0,0.2,10,20,169,10000,,yes,0.035,0.9111475905555232
2383,0.5351367472928458,0.9935008090188244,0.45836406172597866,"Horvitz-Thompson(recency=10.0,delta=0.20)",HT,10.0,0.2,10,20,169,10000,,yes,0.035,0.9111475905555232
2384,0.5521741706268661,0.9466369319951389,0.39446276136827274,"Horvitz-Thompson(recency=10.0,delta=0.20)",HT,10.0,0.2,10,20,169,10000,,yes,0.035,0.9111475905555232
2385,0.5236847713049677,1.0110632137289193,0.48737844242395156,"Horvitz-Thompson(recency=10.0,delta=0.20)",HT,10.0,0.2,10,20,169,10000,,yes,0.035,0.9111475905555232
2386,0.49456007247735495,1.0388277928107317,0.5442677203333768,"Horvitz-Thompson(recency=10.0,delta=0.20)",HT,10.0,0.2,10,20,169,10000,,yes,0.035,0.9111475905555232
2387,0.5222196182526964,0.9482492436357859,0.4260296253830895,"Horvitz-Thompson(recency=10.0,delta=0.20)",HT,10.0,0.2,10,20,169,10000,,yes,0.035,0.9111475905555232
2388,0.5576124455759383,0.9911152337827325,0.4335027882067942,"Horvitz-Thompson(recency=10.0,delta=0.20)",HT,10.0,0.2,10,20,169,10000,,yes,0.035,0.9111475905555232
2389,0.48868585973803536,0.9621907163802672,0.47350485664223185,"Horvitz-Thompson(recency=10.0,delta=0.20)",HT,10.0,0.2,10,20,169,10000,,yes,0.035,0.9111475905555232
2390,0.5559883651910297,0.9423645175076644,0.3863761523166347,"Horvitz-Thompson(recency=10.0,delta=0.20)",HT,10.0,0.2,10,20,169,10000,,yes,0.035,0.9111475905555232
2391,0.4966758609859176,1.0237597520361164,0.5270838910501987,"Horvitz-Thompson(recency=10.0,delta=0.20)",HT,10.0,0.2,10,20,169,10000,,yes,0.035,0.9111475905555232
2392,0.5329830175265248,1.0214053843476916,0.4884223668211668,"Horvitz-Thompson(recency=10.0,delta=0.20)",HT,10.0,0.2,10,20,169,10000,,yes,0.035,0.9111475905555232
2393,0.5663684207057191,0.909564847230933,0.34319642652521387,"Horvitz-Thompson(recency=10.0,delta=0.20)",HT,10.0,0.2,10,20,169,10000,,yes,0.035,0.9111475905555232
2394,0.5452024819854243,1.070244131538548,0.5250416495531237,"Horvitz-Thompson(recency=10.0,delta=0.20)",HT,10.0,0.2,10,20,169,10000,,yes,0.035,0.9111475905555232
2395,0.4936464899015522,1.0502402635673747,0.5565937736658224,"Horvitz-Thompson(recency=10.0,delta=0.20)",HT,10.0,0.2,10,20,169,10000,,yes,0.035,0.9111475905555232
2396,0.5150823863022489,0.9722929846976537,0.4572105983954048,"Horvitz-Thompson(recency=10.0,delta=0.20)",HT,10.0,0.2,10,20,169,10000,,yes,0.035,0.9111475905555232
2397,0.4990909091817003,1.050935781585365,0.5518448724036648,"Horvitz-Thompson(recency=10.0,delta=0.20)",HT,10.0,0.2,10,20,169,10000,,yes,0.035,0.9111475905555232
2398,0.5399732281618358,0.9963765196949305,0.45640329153309467,"Horvitz-Thompson(recency=10.0,delta=0.20)",HT,10.0,0.2,10,20,169,10000,,yes,0.035,0.9111475905555232
2399,0.5472801950845702,0.9070258120865607,0.3597456170019906,"Horvitz-Thompson(recency=10.0,delta=0.20)",HT,10.0,0.2,10,20,169,10000,,yes,0.035,0.9111475905555232
2400,0.5397428298598239,0.9674694023991309,0.427726572539307,"Horvitz-Thompson(recency=10.0,delta=0.20)",HT,10.0,0.2,10,20,169,10000,,yes,0.035,0.9111475905555232
2401,0.5096437289045903,1.0303959391010515,0.5207522101964612,"Horvitz-Thompson(recency=10.0,delta=0.20)",HT,10.0,0.2,10,20,169,10000,,yes,0.035,0.9111475905555232
2402,0.49788258242170486,1.0659233602761868,0.568040777854482,"Horvitz-Thompson(recency=10.0,delta=0.20)",HT,10.0,0.2,10,20,169,10000,,yes,0.035,0.9111475905555232
2403,0.5023113101258659,1.0189867940177273,0.5166754838918614,"Horvitz-Thompson(recency=10.0,delta=0.20)",HT,10.0,0.2,10,20,169,10000,,yes,0.035,0.9111475905555232
2404,0.5251527980420332,0.958453424092176,0.43330062605014286,"Horvitz-Thompson(recency=10.0,delta=0.20)",HT,10.0,0.2,10,20,169,10000,,yes,0.035,0.9111475905555232
2405,0.5500600196550857,0.9941080770488324,0.44404805739374675,"Horvitz-Thompson(recency=10.0,delta=0.20)",HT,10.0,0.2,10,20,169,10000,,yes,0.035,0.9111475905555232
2406,0.5400648730650169,0.9982892046996608,0.4582243316346438,"Horvitz-Thompson(recency=10.0,delta=0.20)",HT,10.0,0.2,10,20,169,10000,,yes,0.035,0.9111475905555232
2407,0.5029562414787354,0.9799551375129738,0.4769988960342384,"Horvitz-Thompson(recency=10.0,delta=0.20)",HT,10.0,0.2,10,20,169,10000,,yes,0.035,0.9111475905555232
2408,0.495569314335931,1.0164045074742074,0.5208351931382764,"Horvitz-Thompson(recency=10.0,delta=0.20)",HT,10.0,0.2,10,20,169,10000,,yes,0.035,0.9111475905555232
2409,0.5172503158619137,0.9983934190039193,0.4811431031420056,"Horvitz-Thompson(recency=10.0,delta=0.20)",HT,10.0,0.2,10,20,169,10000,,yes,0.035,0.9111475905555232
2410,0.49769445243035937,1.0320237897945141,0.5343293373641548,"Horvitz-Thompson(recency=10.0,delta=0.20)",HT,10.0,0.2,10,20,169,10000,,yes,0.035,0.9111475905555232
2411,0.5303933498783855,1.0149106905380871,0.48451734065970165,"Horvitz-Thompson(recency=10.0,delta=0.20)",HT,10.0,0.2,10,20,169,10000,,yes,0.035,0.9111475905555232
2412,0.5199483482559005,0.9958250196104472,0.4758766713545467,"Horvitz-Thompson(recency=10.0,delta=0.20)",HT,10.0,0.2,10,20,169,10000,,yes,0.035,0.9111475905555232
2413,0.5337032785477183,0.9825042691764464,0.44880099062872814,"Horvitz-Thompson(recency=10.0,delta=0.20)",HT,10.0,0.2,10,20,169,10000,,yes,0.035,0.9111475905555232
2414,0.5380736957744713,1.0055369892828474,0.4674632935083761,"Horvitz-Thompson(recency=10.0,delta=0.20)",HT,10.0,0.2,10,20,169,10000,,yes,0.035,0.9111475905555232
2415,0.5567351256956973,0.9371597545752837,0.3804246288795864,"Horvitz-Thompson(recency=10.0,delta=0.20)",HT,10.0,0.2,10,20,169,10000,,yes,0.035,0.9111475905555232
2416,0.5207195364190125,1.0007880751003329,0.4800685386813204,"Horvitz-Thompson(recency=10.0,delta=0.20)",HT,10.0,0.2,10,20,169,10000,,yes,0.035,0.9111475905555232
2417,0.5020014761967451,0.9773544002507728,0.47535292405402774,"Horvitz-Thompson(recency=10.0,delta=0.20)",HT,10.0,0.2,10,20,169,10000,,yes,0.035,0.9111475905555232
2418,0.5041914272798476,1.0089492754472957,0.5047578481674482,"Horvitz-Thompson(recency=10.0,delta=0.20)",HT,10.0,0.2,10,20,169,10000,,yes,0.035,0.9111475905555232
2419,0.5292267793482004,1.0425442051166485,0.5133174257684481,"Horvitz-Thompson(recency=10.0,delta=0.20)",HT,10.0,0.2,10,20,169,10000,,yes,0.035,0.9111475905555232
2420,0.5157457968212202,1.0483763341466692,0.532630537325449,"Horvitz-Thompson(recency=10.0,delta=0.20)",HT,10.0,0.2,10,20,169,10000,,yes,0.035,0.9111475905555232
2421,0.49837475234999257,1.1246939911683171,0.6263192388183245,"Horvitz-Thompson(recency=10.0,delta=0.20)",HT,10.0,0.2,10,20,169,10000,,yes,0.035,0.9111475905555232
2422,0.5014043984881349,1.0145590582145254,0.5131546597263905,"Horvitz-Thompson(recency=10.0,delta=0.20)",HT,10.0,0.2,10,20,169,10000,,yes,0.035,0.9111475905555232
2423,0.5370130319645124,1.0424848351498441,0.5054718031853317,"Horvitz-Thompson(recency=10.0,delta=0.20)",HT,10.0,0.2,10,20,169,10000,,yes,0.035,0.9111475905555232
2424,0.5328316932940584,1.031013214452012,0.49818152115795367,"Horvitz-Thompson(recency=10.0,delta=0.20)",HT,10.0,0.2,10,20,169,10000,,yes,0.035,0.9111475905555232
2425,0.5405614409809923,1.011832996263087,0.47127155528209463,"Horvitz-Thompson(recency=10.0,delta=0.20)",HT,10.0,0.2,10,20,169,10000,,yes,0.035,0.9111475905555232
2426,0.4980252160267744,0.9735561896755698,0.4755309736487954,"Horvitz-Thompson(recency=10.0,delta=0.20)",HT,10.0,0.2,10,20,169,10000,,yes,0.035,0.9111475905555232
2427,0.5467712015283436,0.94597514610287,0.39920394457452646,"Horvitz-Thompson(recency=10.0,delta=0.20)",HT,10.0,0.2,10,20,169,10000,,yes,0.035,0.9111475905555232
2428,0.4932944120117679,1.0141712431672891,0.5208768311555212,"Horvitz-Thompson(recency=10.0,delta=0.20)",HT,10.0,0.2,10,20,169,10000,,yes,0.035,0.9111475905555232
2429,0.5479999053086064,1.0348629639472307,0.4868630586386242,"Horvitz-Thompson(recency=10.0,delta=0.20)",HT,10.0,0.2,10,20,169,10000,,yes,0.035,0.9111475905555232
2430,0.5498446407316113,0.9428401858036105,0.3929955450719992,"Horvitz-Thompson(recency=10.0,delta=0.20)",HT,10.0,0.2,10,20,169,10000,,yes,0.035,0.9111475905555232
2431,0.5282374039593879,1.087434390220263,0.5591969862608751,"Horvitz-Thompson(recency=10.0,delta=0.20)",HT,10.0,0.2,10,20,169,10000,,yes,0.035,0.9111475905555232
2432,0.5158666695360797,1.0413938053412937,0.5255271358052139,"Horvitz-Thompson(recency=10.0,delta=0.20)",HT,10.0,0.2,10,20,169,10000,,yes,0.035,0.9111475905555232
2433,0.5303321563881579,1.007335327021333,0.4770031706331751,"Horvitz-Thompson(recency=10.0,delta=0.20)",HT,10.0,0.2,10,20,169,10000,,yes,0.035,0.9111475905555232
2434,0.5144023745845083,1.0587729528785326,0.5443705782940242,"Horvitz-Thompson(recency=10.0,delta=0.20)",HT,10.0,0.2,10,20,169,10000,,yes,0.035,0.9111475905555232
2435,0.5007282037670784,1.0526694691090648,0.5519412653419864,"Horvitz-Thompson(recency=10.0,delta=0.20)",HT,10.0,0.2,10,20,169,10000,,yes,0.035,0.9111475905555232
2436,0.5013462010495475,1.0102772597277747,0.5089310586782272,"Horvitz-Thompson(recency=10.0,delta=0.20)",HT,10.0,0.2,10,20,169,10000,,yes,0.035,0.9111475905555232
2437,0.4885852412975225,0.9871213487843405,0.49853610748681804,"Horvitz-Thompson(recency=10.0,delta=0.20)",HT,10.0,0.2,10,20,169,10000,,yes,0.035,0.9111475905555232
2438,0.5179776225722028,1.024466893967158,0.5064892713949551,"Horvitz-Thompson(recency=10.0,delta=0.20)",HT,10.0,0.2,10,20,169,10000,,yes,0.035,0.9111475905555232
2439,0.5363414781760778,0.9569504296611264,0.4206089514850486,"Horvitz-Thompson(recency=10.0,delta=0.20)",HT,10.0,0.2,10,20,169,10000,,yes,0.035,0.9111475905555232
2440,0.5107415548150426,0.9173709997834121,0.4066294449683695,"Horvitz-Thompson(recency=10.0,delta=0.20)",HT,10.0,0.2,10,20,169,10000,,yes,0.035,0.9111475905555232
2441,0.5288198633352864,1.0324712571820542,0.5036513938467678,"Horvitz-Thompson(recency=10.0,delta=0.20)",HT,10.0,0.2,10,20,169,10000,,yes,0.035,0.9111475905555232
2442,0.5253744431867032,0.9631262924390437,0.43775184925234045,"Horvitz-Thompson(recency=10.0,delta=0.20)",HT,10.0,0.2,10,20,169,10000,,yes,0.035,0.9111475905555232
2443,0.5656683716428764,0.9615010054770212,0.3958326338341448,"Horvitz-Thompson(recency=10.0,delta=0.20)",HT,10.0,0.2,10,20,169,10000,,yes,0.035,0.9111475905555232
2444,0.5306065109915031,0.9935326692190886,0.4629261582275854,"Horvitz-Thompson(recency=10.0,delta=0.20)",HT,10.0,0.2,10,20,169,10000,,yes,0.035,0.9111475905555232
2445,0.5453588310295332,1.0327788101850635,0.48741997915553026,"Horvitz-Thompson(recency=10.0,delta=0.20)",HT,10.0,0.2,10,20,169,10000,,yes,0.035,0.9111475905555232
2446,0.5499241656614549,0.9463094514341284,0.3963852857726735,"Horvitz-Thompson(recency=10.0,delta=0.20)",HT,10.0,0.2,10,20,169,10000,,yes,0.035,0.9111475905555232
2447,0.5413634165653013,1.016011647745219,0.4746482311799177,"Horvitz-Thompson(recency=10.0,delta=0.20)",HT,10.0,0.2,10,20,169,10000,,yes,0.035,0.9111475905555232
2448,0.4967911614069819,1.0700434890880486,0.5732523276810667,"Horvitz-Thompson(recency=10.0,delta=0.20)",HT,10.0,0.2,10,20,169,10000,,yes,0.035,0.9111475905555232
2449,0.5514073646712544,0.9683130344626979,0.4169056697914435,"Horvitz-Thompson(recency=10.0,delta=0.20)",HT,10.0,0.2,10,20,169,10000,,yes,0.035,0.9111475905555232
2450,0.5169073643735249,1.01210583162952,0.49519846725599503,"Horvitz-Thompson(recency=10.0,delta=0.20)",HT,10.0,0.2,10,20,169,10000,,yes,0.035,0.9111475905555232
2451,0.4951093615895811,1.09507901000138,0.599969648411799,"Horvitz-Thompson(recency=10.0,delta=0.20)",HT,10.0,0.2,10,20,169,10000,,yes,0.035,0.9111475905555232
2452,0.5112034571375754,1.0305140945616151,0.5193106374240397,"Horvitz-Thompson(recency=10.0,delta=0.20)",HT,10.0,0.2,10,20,169,10000,,yes,0.035,0.9111475905555232
2453,0.5269881644054442,1.015304944297218,0.4883167798917738,"Horvitz-Thompson(recency=10.0,delta=0.20)",HT,10.0,0.2,10,20,169,10000,,yes,0.035,0.9111475905555232
2454,0.5385663316230103,0.9673589314746006,0.42879259985159035,"Horvitz-Thompson(recency=10.0,delta=0.20)",HT,10.0,0.2,10,20,169,10000,,yes,0.035,0.9111475905555232
2455,0.545663956305587,0.9429055782687954,0.39724162196320845,"Horvitz-Thompson(recency=10.0,delta=0.20)",HT,10.0,0.2,10,20,169,10000,,yes,0.035,0.9111475905555232
2456,0.5118228638129267,1.0353977114319253,0.5235748476189985,"Horvitz-Thompson(recency=10.0,delta=0.20)",HT,10.0,0.2,10,20,169,10000,,yes,0.035,0.9111475905555232
2457,0.54240519476251,0.9263230605419738,0.38391786577946374,"Horvitz-Thompson(recency=10.0,delta=0.20)",HT,10.0,0.2,10,20,169,10000,,yes,0.035,0.9111475905555232
2458,0.4999072494535135,1.0307368828890564,0.5308296334355429,"Horvitz-Thompson(recency=10.0,delta=0.20)",HT,10.0,0.2,10,20,169,10000,,yes,0.035,0.9111475905555232
2459,0.5253755618417593,1.022084646482782,0.4967090846410227,"Horvitz-Thompson(recency=10.0,delta=0.20)",HT,10.0,0.2,10,20,169,10000,,yes,0.035,0.9111475905555232
2460,0.5021014763965191,1.0026027843638492,0.5005013079673301,"Horvitz-Thompson(recency=10.0,delta=0.20)",HT,10.0,0.2,10,20,169,10000,,yes,0.035,0.9111475905555232
2461,0.5258771604764463,0.9963657817038439,0.47048862122739765,"Horvitz-Thompson(recency=10.0,delta=0.20)",HT,10.0,0.2,10,20,169,10000,,yes,0.035,0.9111475905555232
2462,0.5418858424615091,0.9868164255957778,0.4449305831342687,"Horvitz-Thompson(recency=10.0,delta=0.20)",HT,10.0,0.2,10,20,169,10000,,yes,0.035,0.9111475905555232
2463,0.5093800717202893,1.0372046342561276,0.5278245625358383,"Horvitz-Thompson(recency=10.0,delta=0.20)",HT,10.0,0.2,10,20,169,10000,,yes,0.035,0.9111475905555232
2464,0.5561398737335825,0.9685469304168207,0.4124070566832382,"Horvitz-Thompson(recency=10.0,delta=0.20)",HT,10.0,0.2,10,20,169,10000,,yes,0.035,0.9111475905555232
2465,0.5159227865489071,1.0091849279107896,0.4932621413618825,"Horvitz-Thompson(recency=10.0,delta=0.20)",HT,10.0,0.2,10,20,169,10000,,yes,0.035,0.9111475905555232
2466,0.5244158471719438,1.0629498085437852,0.5385339613718414,"Horvitz-Thompson(recency=10.0,delta=0.20)",HT,10.0,0.2,10,20,169,10000,,yes,0.035,0.9111475905555232
2467,0.5181837802665958,1.0059275762502806,0.4877437959836848,"Horvitz-Thompson(recency=10.0,delta=0.20)",HT,10.0,0.2,10,20,169,10000,,yes,0.035,0.9111475905555232
2468,0.5232784926806703,1.0136074418280616,0.49032894914739134,"Horvitz-Thompson(recency=10.0,delta=0.20)",HT,10.0,0.2,10,20,169,10000,,yes,0.035,0.9111475905555232
2469,0.5072845144612921,1.0068265137737282,0.49954199931243615,"Horvitz-Thompson(recency=10.0,delta=0.20)",HT,10.0,0.2,10,20,169,10000,,yes,0.035,0.9111475905555232
2470,0.5127346742245118,0.9867165131124386,0.4739818388879268,"Horvitz-Thompson(recency=10.0,delta=0.20)",HT,10.0,0.2,10,20,169,10000,,yes,0.035,0.9111475905555232
2471,0.5205667750194731,1.0231973133944503,0.5026305383749772,"Horvitz-Thompson(recency=10.0,delta=0.20)",HT,10.0,0.2,10,20,169,10000,,yes,0.035,0.9111475905555232
2472,0.5137166786000453,0.8952566000624979,0.3815399214624525,"Horvitz-Thompson(recency=10.0,delta=0.20)",HT,10.0,0.2,10,20,169,10000,,yes,0.035,0.9111475905555232
2473,0.4723336556042849,1.0482297462324712,0.5758960906281863,"Horvitz-Thompson(recency=10.0,delta=0.20)",HT,10.0,0.2,10,20,169,10000,,yes,0.035,0.9111475905555232
2474,0.5354760778380647,1.000812418945905,0.46533634110784017,"Horvitz-Thompson(recency=10.0,delta=0.20)",HT,10.0,0.2,10,20,169,10000,,yes,0.035,0.9111475905555232
2475,0.5384287076408472,0.9750886890706955,0.4366599814298483,"Horvitz-Thompson(recency=10.0,delta=0.20)",HT,10.0,0.2,10,20,169,10000,,yes,0.035,0.9111475905555232
2476,0.5454706165128294,1.0216792880691503,0.47620867155632096,"Horvitz-Thompson(recency=10.0,delta=0.20)",HT,10.0,0.2,10,20,169,10000,,yes,0.035,0.9111475905555232
2477,0.5642844269039002,1.042820349403071,0.47853592249917076,"Horvitz-Thompson(recency=10.0,delta=0.20)",HT,10.0,0.2,10,20,169,10000,,yes,0.035,0.9111475905555232
2478,0.45147083362093204,1.1644341480742084,0.7129633144532763,"Horvitz-Thompson(recency=10.0,delta=0.20)",HT,10.0,0.2,10,20,169,10000,,yes,0.035,0.9111475905555232
2479,0.518250350202128,1.0242972058319866,0.5060468556298586,"Horvitz-Thompson(recency=10.0,delta=0.20)",HT,10.0,0.2,10,20,169,10000,,yes,0.035,0.9111475905555232
2480,0.5237635939215713,0.926819889051656,0.4030562951300847,"Horvitz-Thompson(recency=10.0,delta=0.20)",HT,10.0,0.2,10,20,169,10000,,yes,0.035,0.9111475905555232
2481,0.522856772205495,1.020715780857216,0.49785900865172106,"Horvitz-Thompson(recency=10.0,delta=0.20)",HT,10.0,0.2,10,20,169,10000,,yes,0.035,0.9111475905555232
2482,0.5123350252886995,1.004328678224908,0.49199365293620845,"Horvitz-Thompson(recency=10.0,delta=0.20)",HT,10.0,0.2,10,20,169,10000,,yes,0.035,0.9111475905555232
2483,0.5512936332298648,0.9930340943016283,0.44174046107176346,"Horvitz-Thompson(recency=10.0,delta=0.20)",HT,10.0,0.2,10,20,169,10000,,yes,0.035,0.9111475905555232
2484,0.535134651758338,0.9636549482845512,0.42852029652621326,"Horvitz-Thompson(recency=10.0,delta=0.20)",HT,10.0,0.2,10,20,169,10000,,yes,0.035,0.9111475905555232
2485,0.5949760354769963,0.8786923447236518,0.2837163092466555,"Horvitz-Thompson(recency=10.0,delta=0.20)",HT,10.0,0.2,10,20,169,10000,,yes,0.035,0.9111475905555232
2486,0.5365178164882831,0.9780590772200628,0.4415412607317797,"Horvitz-Thompson(recency=10.0,delta=0.20)",HT,10.0,0.2,10,20,169,10000,,yes,0.035,0.9111475905555232
2487,0.5357567545863742,0.9884643992884377,0.4527076447020635,"Horvitz-Thompson(recency=10.0,delta=0.20)",HT,10.0,0.2,10,20,169,10000,,yes,0.035,0.9111475905555232
2488,0.5288576367157399,1.0087744604231168,0.47991682370737687,"Horvitz-Thompson(recency=10.0,delta=0.20)",HT,10.0,0.2,10,20,169,10000,,yes,0.035,0.9111475905555232
2489,0.5553305244507416,0.9853143363318431,0.42998381188110146,"Horvitz-Thompson(recency=10.0,delta=0.20)",HT,10.0,0.2,10,20,169,10000,,yes,0.035,0.9111475905555232
2490,0.5006617892351031,1.0270049277356013,0.5263431385004982,"Horvitz-Thompson(recency=10.0,delta=0.20)",HT,10.0,0.2,10,20,169,10000,,yes,0.035,0.9111475905555232
2491,0.5490468132093981,0.9040045188482837,0.3549577056388856,"Horvitz-Thompson(recency=10.0,delta=0.20)",HT,10.0,0.2,10,20,169,10000,,yes,0.035,0.9111475905555232
2492,0.5289510336713893,0.9476778747315119,0.4187268410601226,"Horvitz-Thompson(recency=10.0,delta=0.20)",HT,10.0,0.2,10,20,169,10000,,yes,0.035,0.9111475905555232
2493,0.49540361114932424,1.0138450665707115,0.5184414554213872,"Horvitz-Thompson(recency=10.0,delta=0.20)",HT,10.0,0.2,10,20,169,10000,,yes,0.035,0.9111475905555232
2494,0.5093762511525414,0.9132142661410944,0.403838014988553,"Horvitz-Thompson(recency=10.0,delta=0.20)",HT,10.0,0.2,10,20,169,10000,,yes,0.035,0.9111475905555232
2495,0.5581681104181541,0.9269504409790966,0.36878233056094256,"Horvitz-Thompson(recency=10.0,delta=0.20)",HT,10.0,0.2,10,20,169,10000,,yes,0.035,0.9111475905555232
2496,0.5205070856441381,1.0026132499088811,0.48210616426474306,"Horvitz-Thompson(recency=10.0,delta=0.20)",HT,10.0,0.2,10,20,169,10000,,yes,0.035,0.9111475905555232
2497,0.5286426906502453,1.030985029530357,0.5023423388801118,"Horvitz-Thompson(recency=10.0,delta=0.20)",HT,10.0,0.2,10,20,169,10000,,yes,0.035,0.9111475905555232
2498,0.5335925643785142,0.9134477722036471,0.37985520782513293,"Horvitz-Thompson(recency=10.0,delta=0.20)",HT,10.0,0.2,10,20,169,10000,,yes,0.035,0.9111475905555232
2499,0.5498839533629393,0.9765439494949372,0.4266599961319979,"Horvitz-Thompson(recency=10.0,delta=0.20)",HT,10.0,0.2,10,20,169,10000,,yes,0.035,0.9111475905555232
2500,0.5403271856753473,0.9089049723689482,0.36857778669360086,"Horvitz-Thompson(recency=10.0,delta=0.20)",HT,10.0,0.2,10,20,169,10000,,yes,0.035,0.9111475905555232
2501,0.5054264368989282,1.0395437317117544,0.5341172948128262,"Horvitz-Thompson(recency=10.0,delta=0.20)",HT,10.0,0.2,10,20,169,10000,,yes,0.035,0.9111475905555232
2502,0.5000931280601864,0.995878490196537,0.4957853621363506,"Horvitz-Thompson(recency=10.0,delta=0.20)",HT,10.0,0.2,10,20,169,10000,,yes,0.035,0.9111475905555232
2503,0.5079197684566545,1.050692477988228,0.5427727095315735,"Horvitz-Thompson(recency=10.0,delta=0.20)",HT,10.0,0.2,10,20,169,10000,,yes,0.035,0.9111475905555232
2504,0.5100980794947398,1.0129596047761675,0.5028615252814277,"Horvitz-Thompson(recency=10.0,delta=0.20)",HT,10.0,0.2,10,20,169,10000,,yes,0.035,0.9111475905555232
2505,0.5827632429602767,0.9521784246297377,0.36941518166946097,"Horvitz-Thompson(recency=10.0,delta=0.20)",HT,10.0,0.2,10,20,169,10000,,yes,0.035,0.9111475905555232
2506,0.5223625792987929,1.026509590781749,0.504147011482956,"Horvitz-Thompson(recency=10.0,delta=0.20)",HT,10.0,0.2,10,20,169,10000,,yes,0.035,0.9111475905555232
2507,0.506117038380561,0.9469524318256218,0.44083539344506084,"Horvitz-Thompson(recency=10.0,delta=0.20)",HT,10.0,0.2,10,20,169,10000,,yes,0.035,0.9111475905555232
2508,0.5005967229335856,0.982797662920856,0.4822009399872704,"Horvitz-Thompson(recency=10.0,delta=0.20)",HT,10.0,0.2,10,20,169,10000,,yes,0.035,0.9111475905555232
2509,0.48795079639092104,1.051907414134638,0.563956617743717,"Horvitz-Thompson(recency=10.0,delta=0.20)",HT,10.0,0.2,10,20,169,10000,,yes,0.035,0.9111475905555232
2510,0.49920932744890006,0.9664902008343503,0.46728087338545027,"Horvitz-Thompson(recency=10.0,delta=0.20)",HT,10.0,0.2,10,20,169,10000,,yes,0.035,0.9111475905555232
2511,0.5098685211692487,1.0544686908396597,0.5446001696704109,"Horvitz-Thompson(recency=10.0,delta=0.20)",HT,10.0,0.2,10,20,169,10000,,yes,0.035,0.9111475905555232
2512,0.524152220777456,1.0795910319611708,0.5554388111837147,"Horvitz-Thompson(recency=10.0,delta=0.20)",HT,10.0,0.2,10,20,169,10000,,yes,0.035,0.9111475905555232
2513,0.502617550979012,0.9674794774751869,0.46486192649617497,"Horvitz-Thompson(recency=10.0,delta=0.20)",HT,10.0,0.2,10,20,169,10000,,yes,0.035,0.9111475905555232
2514,0.5272179941667368,1.0645105106723851,0.5372925165056484,"Horvitz-Thompson(recency=10.0,delta=0.20)",HT,10.0,0.2,10,20,169,10000,,yes,0.035,0.9111475905555232
2515,0.5148389867134323,1.0409539718686374,0.526114985155205,"Horvitz-Thompson(recency=10.0,delta=0.20)",HT,10.0,0.2,10,20,169,10000,,yes,0.035,0.9111475905555232
2516,0.519060116363093,1.0229574974858833,0.5038973811227903,"Horvitz-Thompson(recency=10.0,delta=0.20)",HT,10.0,0.2,10,20,169,10000,,yes,0.035,0.9111475905555232
2517,0.5347581234707499,0.9458999049054233,0.4111417814346734,"Horvitz-Thompson(recency=10.0,delta=0.20)",HT,10.0,0.2,10,20,169,10000,,yes,0.035,0.9111475905555232
2518,0.5214058261301024,1.0221114500666089,0.5007056239365064,"Horvitz-Thompson(recency=10.0,delta=0.20)",HT,10.0,0.2,10,20,169,10000,,yes,0.035,0.9111475905555232
2519,0.48092541875399064,1.0892139969254178,0.6082885781714271,"Horvitz-Thompson(recency=10.0,delta=0.20)",HT,10.0,0.2,10,20,169,10000,,yes,0.035,0.9111475905555232
2520,0.5325698909793206,0.9948025765377293,0.4622326855584087,"Horvitz-Thompson(recency=10.0,delta=0.20)",HT,10.0,0.2,10,20,169,10000,,yes,0.035,0.9111475905555232
2521,0.5740047597348708,0.9611210998751775,0.3871163401403067,"Horvitz-Thompson(recency=10.0,delta=0.20)",HT,10.0,0.2,10,20,169,10000,,yes,0.035,0.9111475905555232
2522,0.5503390257542937,0.9203679759866337,0.37002895023233995,"Horvitz-Thompson(recency=10.0,delta=0.20)",HT,10.0,0.2,10,20,169,10000,,yes,0.035,0.9111475905555232
2523,0.5104900464001729,0.9523504243945149,0.44186037799434197,"Horvitz-Thompson(recency=10.0,delta=0.20)",HT,10.0,0.2,10,20,169,10000,,yes,0.035,0.9111475905555232
2524,0.49160318687504084,1.010555816860752,0.5189526299857112,"Horvitz-Thompson(recency=10.0,delta=0.20)",HT,10.0,0.2,10,20,169,10000,,yes,0.035,0.9111475905555232
2525,0.48499024093582155,1.051591386624407,0.5666011456885856,"Horvitz-Thompson(recency=10.0,delta=0.20)",HT,10.0,0.2,10,20,169,10000,,yes,0.035,0.9111475905555232
2526,0.5409614435508054,0.9825635777046422,0.44160213415383676,"Horvitz-Thompson(recency=10.0,delta=0.20)",HT,10.0,0.2,10,20,169,10000,,yes,0.035,0.9111475905555232
2527,0.5231540442644782,0.9976133025353893,0.47445925827091107,"Horvitz-Thompson(recency=10.0,delta=0.20)",HT,10.0,0.2,10,20,169,10000,,yes,0.035,0.9111475905555232
2528,0.49463377462751823,1.1031526727496634,0.6085188981221452,"Horvitz-Thompson(recency=10.0,delta=0.20)",HT,10.0,0.2,10,20,169,10000,,yes,0.035,0.9111475905555232
2529,0.5235304441175596,1.0023429296769986,0.478812485559439,"Horvitz-Thompson(recency=10.0,delta=0.20)",HT,10.0,0.2,10,20,169,10000,,yes,0.035,0.9111475905555232
2530,0.542304569743027,0.995630707074734,0.453326137331707,"Horvitz-Thompson(recency=10.0,delta=0.20)",HT,10.0,0.2,10,20,169,10000,,yes,0.035,0.9111475905555232
2531,0.5425362452044783,1.0445891319229212,0.502052886718443,"Horvitz-Thompson(recency=10.0,delta=0.20)",HT,10.0,0.2,10,20,169,10000,,yes,0.035,0.9111475905555232
2532,0.5459126811303192,0.9408550059634591,0.39494232483313985,"Horvitz-Thompson(recency=10.0,delta=0.20)",HT,10.0,0.2,10,20,169,10000,,yes,0.035,0.9111475905555232
2533,0.5412534137101532,0.9293788604766526,0.3881254467664994,"Horvitz-Thompson(recency=10.0,delta=0.20)",HT,10.0,0.2,10,20,169,10000,,yes,0.035,0.9111475905555232
2534,0.576128962474445,0.9183179135703887,0.3421889510959437,"Horvitz-Thompson(recency=10.0,delta=0.20)",HT,10.0,0.2,10,20,169,10000,,yes,0.035,0.9111475905555232
2535,0.5310139056081404,1.0393529663011618,0.5083390606930214,"Horvitz-Thompson(recency=10.0,delta=0.20)",HT,10.0,0.2,10,20,169,10000,,yes,0.035,0.9111475905555232
2536,0.5448214726595358,1.0001153511836531,0.4552938785241173,"Horvitz-Thompson(recency=10.0,delta=0.20)",HT,10.0,0.2,10,20,169,10000,,yes,0.035,0.9111475905555232
2537,0.5168822290287626,1.0472079061017137,0.5303256770729511,"Horvitz-Thompson(recency=10.0,delta=0.20)",HT,10.0,0.2,10,20,169,10000,,yes,0.035,0.9111475905555232
2538,0.5355321658192024,0.95502753790863,0.41949537208942766,"Horvitz-Thompson(recency=10.0,delta=0.20)",HT,10.0,0.2,10,20,169,10000,,yes,0.035,0.9111475905555232
2539,0.5379712607394392,0.9414724753813178,0.4035012146418786,"Horvitz-Thompson(recency=10.0,delta=0.20)",HT,10.0,0.2,10,20,169,10000,,yes,0.035,0.9111475905555232
2540,0.5376228624284067,0.9740788136428596,0.4364559512144529,"Horvitz-Thompson(recency=10.0,delta=0.20)",HT,10.0,0.2,10,20,169,10000,,yes,0.035,0.9111475905555232
2541,0.4952948559905411,1.0250036134975922,0.529708757507051,"Horvitz-Thompson(recency=10.0,delta=0.20)",HT,10.0,0.2,10,20,169,10000,,yes,0.035,0.9111475905555232
2542,0.5347423523834774,1.117155044717395,0.5824126923339176,"Horvitz-Thompson(recency=10.0,delta=0.20)",HT,10.0,0.2,10,20,169,10000,,yes,0.035,0.9111475905555232
2543,0.5034205928203398,1.0140469008158575,0.5106263079955177,"Horvitz-Thompson(recency=10.0,delta=0.20)",HT,10.0,0.2,10,20,169,10000,,yes,0.035,0.9111475905555232
2544,0.5287442057405924,0.9342379110639828,0.40549370532339035,"Horvitz-Thompson(recency=10.0,delta=0.20)",HT,10.0,0.2,10,20,169,10000,,yes,0.035,0.9111475905555232
2545,0.523135056609438,1.0412326361718613,0.5180975795624233,"Horvitz-Thompson(recency=10.0,delta=0.20)",HT,10.0,0.2,10,20,169,10000,,yes,0.035,0.9111475905555232
2546,0.5342717498546381,1.0124578708544072,0.4781861209997691,"Horvitz-Thompson(recency=10.0,delta=0.20)",HT,10.0,0.2,10,20,169,10000,,yes,0.035,0.9111475905555232
2547,0.5018585410763657,0.9490088615627482,0.4471503204863825,"Horvitz-Thompson(recency=10.0,delta=0.20)",HT,10.0,0.2,10,20,169,10000,,yes,0.035,0.9111475905555232
2548,0.5442778605618755,0.9676974911565054,0.42341963059462984,"Horvitz-Thompson(recency=10.0,delta=0.20)",HT,10.0,0.2,10,20,169,10000,,yes,0.035,0.9111475905555232
2549,0.5184799476385858,1.010705567216239,0.4922256195776532,"Horvitz-Thompson(recency=10.0,delta=0.20)",HT,10.0,0.2,10,20,169,10000,,yes,0.035,0.9111475905555232
2550,0.5089095626291752,0.9978161915332893,0.48890662890411407,"Horvitz-Thompson(recency=10.0,delta=0.20)",HT,10.0,0.2,10,20,169,10000,,yes,0.035,0.9111475905555232
2551,0.5358935516022459,1.0168547437758886,0.48096119217364264,"Horvitz-Thompson(recency=10.0,delta=0.20)",HT,10.0,0.2,10,20,169,10000,,yes,0.035,0.9111475905555232
2552,0.5381126745152236,1.0530238866166777,0.5149112121014541,"Horvitz-Thompson(recency=10.0,delta=0.20)",HT,10.0,0.2,10,20,169,10000,,yes,0.035,0.9111475905555232
2553,0.548652368102551,0.9191754469002895,0.3705230787977385,"Horvitz-Thompson(recency=10.0,delta=0.20)",HT,10.0,0.2,10,20,169,10000,,yes,0.035,0.9111475905555232
2554,0.5119358221511755,0.9833841621229029,0.4714483399717274,"Horvitz-Thompson(recency=10.0,delta=0.20)",HT,10.0,0.2,10,20,169,10000,,yes,0.035,0.9111475905555232
2555,0.5513864198640329,1.0636268958006396,0.5122404759366067,"Horvitz-Thompson(recency=10.0,delta=0.20)",HT,10.0,0.2,10,20,169,10000,,yes,0.035,0.9111475905555232
2556,0.543103445343398,0.8895265283281546,0.34642308298475655,"Horvitz-Thompson(recency=10.0,delta=0.20)",HT,10.0,0.2,10,20,169,10000,,yes,0.035,0.9111475905555232
2557,0.5398645339079888,0.9872798300961099,0.44741529618812104,"Horvitz-Thompson(recency=10.0,delta=0.20)",HT,10.0,0.2,10,20,169,10000,,yes,0.035,0.9111475905555232
2558,0.49744340405971,1.0318371183287076,0.5343937142689976,"Horvitz-Thompson(recency=10.0,delta=0.20)",HT,10.0,0.2,10,20,169,10000,,yes,0.035,0.9111475905555232
2559,0.5283160575963517,0.9927868282074187,0.464470770611067,"Horvitz-Thompson(recency=10.0,delta=0.20)",HT,10.0,0.2,10,20,169,10000,,yes,0.035,0.9111475905555232
2560,0.5299455895978176,1.001267154178682,0.4713215645808644,"Horvitz-Thompson(recency=10.0,delta=0.20)",HT,10.0,0.2,10,20,169,10000,,yes,0.035,0.9111475905555232
2561,0.5477481035176841,0.9369191049357107,0.38917100141802663,"Horvitz-Thompson(recency=10.0,delta=0.20)",HT,10.0,0.2,10,20,169,10000,,yes,0.035,0.9111475905555232
2562,0.5110060922622007,1.0485835715528535,0.5375774792906528,"Horvitz-Thompson(recency=10.0,delta=0.20)",HT,10.0,0.2,10,20,169,10000,,yes,0.035,0.9111475905555232
2563,0.5472861213019468,0.9463543249041596,0.39906820360221285,"Horvitz-Thompson(recency=10.0,delta=0.20)",HT,10.0,0.2,10,20,169,10000,,yes,0.035,0.9111475905555232
2564,0.5173412172469973,1.04671775421129,0.5293765369642927,"Horvitz-Thompson(recency=10.0,delta=0.20)",HT,10.0,0.2,10,20,169,10000,,yes,0.035,0.9111475905555232
2565,0.5046396240954087,0.9970945614611584,0.49245493736574963,"Horvitz-Thompson(recency=10.0,delta=0.20)",HT,10.0,0.2,10,20,169,10000,,yes,0.035,0.9111475905555232
2566,0.525344115366137,0.9858519217715518,0.4605078064054148,"Horvitz-Thompson(recency=10.0,delta=0.20)",HT,10.0,0.2,10,20,169,10000,,yes,0.035,0.9111475905555232
2567,0.5330453662910081,0.9692915243941124,0.4362461581031043,"Horvitz-Thompson(recency=10.0,delta=0.20)",HT,10.0,0.2,10,20,169,10000,,yes,0.035,0.9111475905555232
2568,0.6041994429388535,0.9145761016879249,0.3103766587490714,"Horvitz-Thompson(recency=10.0,delta=0.20)",HT,10.0,0.2,10,20,169,10000,,yes,0.035,0.9111475905555232
2569,0.5252428235422519,1.0409504979446325,0.5157076744023805,"Horvitz-Thompson(recency=10.0,delta=0.20)",HT,10.0,0.2,10,20,169,10000,,yes,0.035,0.9111475905555232
2570,0.5169727888689005,1.085975035303945,0.5690022464350445,"Horvitz-Thompson(recency=10.0,delta=0.20)",HT,10.0,0.2,10,20,169,10000,,yes,0.035,0.9111475905555232
2571,0.49385924283318394,1.0182806984149122,0.5244214555817283,"Horvitz-Thompson(recency=10.0,delta=0.20)",HT,10.0,0.2,10,20,169,10000,,yes,0.035,0.9111475905555232
2572,0.5550583727723072,0.9918798119845256,0.4368214392122184,"Horvitz-Thompson(recency=10.0,delta=0.20)",HT,10.0,0.2,10,20,169,10000,,yes,0.035,0.9111475905555232
2573,0.5478808619777652,0.978239607073258,0.43035874509549277,"Horvitz-Thompson(recency=10.0,delta=0.20)",HT,10.0,0.2,10,20,169,10000,,yes,0.035,0.9111475905555232
2574,0.5212230725746893,0.8847203581899986,0.36349728561530936,"Horvitz-Thompson(recency=10.0,delta=0.20)",HT,10.0,0.2,10,20,169,10000,,yes,0.035,0.9111475905555232
2575,0.49771036945737024,1.012289672128464,0.5145793026710938,"Horvitz-Thompson(recency=10.0,delta=0.20)",HT,10.0,0.2,10,20,169,10000,,yes,0.035,0.9111475905555232
2576,0.5337260373673258,1.0353243829478291,0.5015983455805033,"Horvitz-Thompson(recency=10.0,delta=0.20)",HT,10.0,0.2,10,20,169,10000,,yes,0.035,0.9111475905555232
2577,0.5504468526668389,0.9646917885528622,0.4142449358860233,"Horvitz-Thompson(recency=10.0,delta=0.20)",HT,10.0,0.2,10,20,169,10000,,yes,0.035,0.9111475905555232
2578,0.5449250772567259,1.0032140717411762,0.45828899448445026,"Horvitz-Thompson(recency=10.0,delta=0.20)",HT,10.0,0.2,10,20,169,10000,,yes,0.035,0.9111475905555232
2579,0.5453623825352435,0.9302252803577459,0.3848628978225024,"Horvitz-Thompson(recency=10.0,delta=0.20)",HT,10.0,0.2,10,20,169,10000,,yes,0.035,0.9111475905555232
2580,0.5576353335232358,0.9523495092042081,0.39471417568097233,"Horvitz-Thompson(recency=10.0,delta=0.20)",HT,10.0,0.2,10,20,169,10000,,yes,0.035,0.9111475905555232
2581,0.548312252913237,0.9449493944853266,0.3966371415720895,"Horvitz-Thompson(recency=10.0,delta=0.20)",HT,10.0,0.2,10,20,169,10000,,yes,0.035,0.9111475905555232
2582,0.49249384904029586,1.0080780825120719,0.515584233471776,"Horvitz-Thompson(recency=10.0,delta=0.20)",HT,10.0,0.2,10,20,169,10000,,yes,0.035,0.9111475905555232
2583,0.5250991452319412,0.9912150685178717,0.46611592328593043,"Horvitz-Thompson(recency=10.0,delta=0.20)",HT,10.0,0.2,10,20,169,10000,,yes,0.035,0.9111475905555232
2584,0.48375254219044916,1.076728876223919,0.5929763340334699,"Horvitz-Thompson(recency=10.0,delta=0.20)",HT,10.0,0.2,10,20,169,10000,,yes,0.035,0.9111475905555232
2585,0.5379149563333528,0.9424676468475703,0.4045526905142175,"Horvitz-Thompson(recency=10.0,delta=0.20)",HT,10.0,0.2,10,20,169,10000,,yes,0.035,0.9111475905555232
2586,0.5477321732859817,1.0059165249881843,0.4581843517022026,"Horvitz-Thompson(recency=10.0,delta=0.20)",HT,10.0,0.2,10,20,169,10000,,yes,0.035,0.9111475905555232
2587,0.5066938882932688,1.06692924942835,0.5602353611350812,"Horvitz-Thompson(recency=10.0,delta=0.20)",HT,10.0,0.2,10,20,169,10000,,yes,0.035,0.9111475905555232
2588,0.4825163665354688,1.0503919851054369,0.567875618569968,"Horvitz-Thompson(recency=10.0,delta=0.20)",HT,10.0,0.2,10,20,169,10000,,yes,0.035,0.9111475905555232
2589,0.49878236497381984,1.0773089828629034,0.5785266178890835,"Horvitz-Thompson(recency=10.0,delta=0.20)",HT,10.0,0.2,10,20,169,10000,,yes,0.035,0.9111475905555232
2590,0.5280069206437936,0.9873705549679067,0.4593636343241131,"Horvitz-Thompson(recency=10.0,delta=0.20)",HT,10.0,0.2,10,20,169,10000,,yes,0.035,0.9111475905555232
2591,0.49745542946255866,1.065756436941941,0.5683010074793824,"Horvitz-Thompson(recency=10.0,delta=0.20)",HT,10.0,0.2,10,20,169,10000,,yes,0.035,0.9111475905555232
2592,0.5410723731287377,0.9182358952403192,0.37716352211158155,"Horvitz-Thompson(recency=10.0,delta=0.20)",HT,10.0,0.2,10,20,169,10000,,yes,0.035,0.9111475905555232
2593,0.5549465248866788,1.0398190135701548,0.484872488683476,"Horvitz-Thompson(recency=10.0,delta=0.20)",HT,10.0,0.2,10,20,169,10000,,yes,0.035,0.9111475905555232
2594,0.5117696056474534,1.0279598749153083,0.5161902692678548,"Horvitz-Thompson(recency=10.0,delta=0.20)",HT,10.0,0.2,10,20,169,10000,,yes,0.035,0.9111475905555232
2595,0.5148367248225013,0.977657524803155,0.46282079998065373,"Horvitz-Thompson(recency=10.0,delta=0.20)",HT,10.0,0.2,10,20,169,10000,,yes,0.035,0.9111475905555232
2596,0.5553469692175549,0.9735385303732775,0.41819156115572265,"Horvitz-Thompson(recency=10.0,delta=0.20)",HT,10.0,0.2,10,20,169,10000,,yes,0.035,0.9111475905555232
2597,0.5042981376758601,0.9790422085527034,0.47474407087684334,"Horvitz-Thompson(recency=10.0,delta=0.20)",HT,10.0,0.2,10,20,169,10000,,yes,0.035,0.9111475905555232
2598,0.5550605879662945,0.948279780858491,0.3932191928921964,"Horvitz-Thompson(recency=10.0,delta=0.20)",HT,10.0,0.2,10,20,169,10000,,yes,0.035,0.9111475905555232
2599,0.512393321409629,1.0064106318055293,0.49401731039590024,"Horvitz-Thompson(recency=10.0,delta=0.20)",HT,10.0,0.2,10,20,169,10000,,yes,0.035,0.9111475905555232
2600,0.4783550145370694,1.0287681034282665,0.5504130888911971,"Horvitz-Thompson(recency=10.0,delta=0.20)",HT,10.0,0.2,10,20,169,10000,,yes,0.035,0.9111475905555232
2601,0.532148791756118,1.0268851995459791,0.49473640778986117,"Horvitz-Thompson(recency=10.0,delta=0.20)",HT,10.0,0.2,10,20,169,10000,,yes,0.035,0.9111475905555232
2602,0.4914306570924191,1.0173400873463239,0.5259094302539047,"Horvitz-Thompson(recency=10.0,delta=0.20)",HT,10.0,0.2,10,20,169,10000,,yes,0.035,0.9111475905555232
2603,0.4966611902448431,0.9611895867607412,0.46452839651589806,"Horvitz-Thompson(recency=10.0,delta=0.20)",HT,10.0,0.2,10,20,169,10000,,yes,0.035,0.9111475905555232
2604,0.5269890302888127,1.0291214660847694,0.5021324357959567,"Horvitz-Thompson(recency=10.0,delta=0.20)",HT,10.0,0.2,10,20,169,10000,,yes,0.035,0.9111475905555232
2605,0.5714951402492082,0.8743956548739531,0.3029005146247449,"Horvitz-Thompson(recency=10.0,delta=0.20)",HT,10.0,0.2,10,20,169,10000,,yes,0.035,0.9111475905555232
2606,0.5089177775515399,0.9874841465898675,0.4785663690383276,"Horvitz-Thompson(recency=10.0,delta=0.20)",HT,10.0,0.2,10,20,169,10000,,yes,0.035,0.9111475905555232
2607,0.5149955633762406,1.0186550785468886,0.503659515170648,"Horvitz-Thompson(recency=10.0,delta=0.20)",HT,10.0,0.2,10,20,169,10000,,yes,0.035,0.9111475905555232
2608,0.5192322499796244,1.0515391749736882,0.5323069249940638,"Horvitz-Thompson(recency=10.0,delta=0.20)",HT,10.0,0.2,10,20,169,10000,,yes,0.035,0.9111475905555232
2609,0.5313332778239656,1.0199559205626436,0.48862264273867806,"Horvitz-Thompson(recency=10.0,delta=0.20)",HT,10.0,0.2,10,20,169,10000,,yes,0.035,0.9111475905555232
2610,0.5159667523669319,1.0257643604586213,0.5097976080916894,"Horvitz-Thompson(recency=10.0,delta=0.20)",HT,10.0,0.2,10,20,169,10000,,yes,0.035,0.9111475905555232
2611,0.49608762344713536,1.1189283240459114,0.6228407005987759,"Horvitz-Thompson(recency=10.0,delta=0.20)",HT,10.0,0.2,10,20,169,10000,,yes,0.035,0.9111475905555232
2612,0.5179680088391239,1.0169954116164428,0.49902740277731894,"Horvitz-Thompson(recency=10.0,delta=0.20)",HT,10.0,0.2,10,20,169,10000,,yes,0.035,0.9111475905555232
2613,0.5505459825865826,0.9831598930082933,0.4326139104217107,"Horvitz-Thompson(recency=10.0,delta=0.20)",HT,10.0,0.2,10,20,169,10000,,yes,0.035,0.9111475905555232
2614,0.5080957425713218,0.9681819436505761,0.46008620107925424,"Horvitz-Thompson(recency=10.0,delta=0.20)",HT,10.0,0.2,10,20,169,10000,,yes,0.035,0.9111475905555232
2615,0.5206776162094519,1.0390840414079574,0.5184064251985055,"Horvitz-Thompson(recency=10.0,delta=0.20)",HT,10.0,0.2,10,20,169,10000,,yes,0.035,0.9111475905555232
2616,0.5253518351272028,0.9587477589393648,0.43339592381216197,"Horvitz-Thompson(recency=10.0,delta=0.20)",HT,10.0,0.2,10,20,169,10000,,yes,0.035,0.9111475905555232
2617,0.5227107437550026,1.0443719809567729,0.5216612372017703,"Horvitz-Thompson(recency=10.0,delta=0.20)",HT,10.0,0.2,10,20,169,10000,,yes,0.035,0.9111475905555232
2618,0.4899718046736327,1.0479531294641617,0.557981324790529,"Horvitz-Thompson(recency=10.0,delta=0.20)",HT,10.0,0.2,10,20,169,10000,,yes,0.035,0.9111475905555232
2619,0.541182437092936,1.0012702739826462,0.4600878368897102,"Horvitz-Thompson(recency=10.0,delta=0.20)",HT,10.0,0.2,10,20,169,10000,,yes,0.035,0.9111475905555232
2620,0.5259850450824061,0.9767770003689795,0.45079195528657345,"Horvitz-Thompson(recency=10.0,delta=0.20)",HT,10.0,0.2,10,20,169,10000,,yes,0.035,0.9111475905555232
2621,0.5689624397116183,1.0176886614859575,0.4487262217743392,"Horvitz-Thompson(recency=10.0,delta=0.20)",HT,10.0,0.2,10,20,169,10000,,yes,0.035,0.9111475905555232
2622,0.5337658301166949,0.9798624976768218,0.4460966675601269,"Horvitz-Thompson(recency=10.0,delta=0.20)",HT,10.0,0.2,10,20,169,10000,,yes,0.035,0.9111475905555232
2623,0.488656921420574,1.017766979210387,0.5291100577898129,"Horvitz-Thompson(recency=10.0,delta=0.20)",HT,10.0,0.2,10,20,169,10000,,yes,0.035,0.9111475905555232
2624,0.5191600111024175,0.9880728174386838,0.4689128063362663,"Horvitz-Thompson(recency=10.0,delta=0.20)",HT,10.0,0.2,10,20,169,10000,,yes,0.035,0.9111475905555232
2625,0.5436938258914199,0.9209036869030628,0.3772098610116429,"Horvitz-Thompson(recency=10.0,delta=0.20)",HT,10.0,0.2,10,20,169,10000,,yes,0.035,0.9111475905555232
2626,0.532254687219333,0.9422085572162626,0.4099538699969296,"Horvitz-Thompson(recency=10.0,delta=0.20)",HT,10.0,0.2,10,20,169,10000,,yes,0.035,0.9111475905555232
2627,0.5087963852768707,1.0782149761960014,0.5694185909191307,"Horvitz-Thompson(recency=10.0,delta=0.20)",HT,10.0,0.2,10,20,169,10000,,yes,0.035,0.9111475905555232
2628,0.515182045198679,0.9905148510298848,0.47533280583120574,"Horvitz-Thompson(recency=10.0,delta=0.20)",HT,10.0,0.2,10,20,169,10000,,yes,0.035,0.9111475905555232
2629,0.5103717409916182,0.9831072727083803,0.4727355317167621,"Horvitz-Thompson(recency=10.0,delta=0.20)",HT,10.0,0.2,10,20,169,10000,,yes,0.035,0.9111475905555232
2630,0.515814503562712,1.019952138742884,0.5041376351801721,"Horvitz-Thompson(recency=10.0,delta=0.20)",HT,10.0,0.2,10,20,169,10000,,yes,0.035,0.9111475905555232
2631,0.5092833851532104,1.0311478232326867,0.5218644380794764,"Horvitz-Thompson(recency=10.0,delta=0.20)",HT,10.0,0.2,10,20,169,10000,,yes,0.035,0.9111475905555232
2632,0.5304006523780654,0.9608444984858793,0.43044384610781383,"Horvitz-Thompson(recency=10.0,delta=0.20)",HT,10.0,0.2,10,20,169,10000,,yes,0.035,0.9111475905555232
2633,0.5318330785902611,0.9854389559735525,0.4536058773832914,"Horvitz-Thompson(recency=10.0,delta=0.20)",HT,10.0,0.2,10,20,169,10000,,yes,0.035,0.9111475905555232
2634,0.5511655998869538,0.9731215006226761,0.4219559007357223,"Horvitz-Thompson(recency=10.0,delta=0.20)",HT,10.0,0.2,10,20,169,10000,,yes,0.035,0.9111475905555232
2635,0.5317310050884541,0.9404552744296969,0.40872426934124284,"Horvitz-Thompson(recency=10.0,delta=0.20)",HT,10.0,0.2,10,20,169,10000,,yes,0.035,0.9111475905555232
2636,0.4947932202985747,1.0360916475737267,0.541298427275152,"Horvitz-Thompson(recency=10.0,delta=0.20)",HT,10.0,0.2,10,20,169,10000,,yes,0.035,0.9111475905555232
2637,0.5135563371909273,0.9898079470200845,0.47625160982915715,"Horvitz-Thompson(recency=10.0,delta=0.20)",HT,10.0,0.2,10,20,169,10000,,yes,0.035,0.9111475905555232
2638,0.5186552384393548,0.9881882395894737,0.46953300115011887,"Horvitz-Thompson(recency=10.0,delta=0.20)",HT,10.0,0.2,10,20,169,10000,,yes,0.035,0.9111475905555232
2639,0.5350137354918597,0.9155148102656405,0.3805010747737808,"Horvitz-Thompson(recency=10.0,delta=0.20)",HT,10.0,0.2,10,20,169,10000,,yes,0.035,0.9111475905555232
2640,0.5163683182500115,1.0037891539236443,0.4874208356736328,"Horvitz-Thompson(recency=10.0,delta=0.20)",HT,10.0,0.2,10,20,169,10000,,yes,0.035,0.9111475905555232
2641,0.5695188151888465,0.945215454100243,0.3756966389113965,"Horvitz-Thompson(recency=10.0,delta=0.20)",HT,10.0,0.2,10,20,169,10000,,yes,0.035,0.9111475905555232
2642,0.5076390958402005,1.0001800609492357,0.4925409651090352,"Horvitz-Thompson(recency=10.0,delta=0.20)",HT,10.0,0.2,10,20,169,10000,,yes,0.035,0.9111475905555232
2643,0.5287743745529933,0.956254048853648,0.4274796743006547,"Horvitz-Thompson(recency=10.0,delta=0.20)",HT,10.0,0.2,10,20,169,10000,,yes,0.035,0.9111475905555232
2644,0.5425894096159176,0.9856142349577669,0.4430248253418493,"Horvitz-Thompson(recency=10.0,delta=0.20)",HT,10.0,0.2,10,20,169,10000,,yes,0.035,0.9111475905555232
2645,0.5353877027017804,0.997251655503578,0.4618639528017976,"Horvitz-Thompson(recency=10.0,delta=0.20)",HT,10.0,0.2,10,20,169,10000,,yes,0.035,0.9111475905555232
2646,0.5415270694860689,0.9533595493086519,0.411832479822583,"Horvitz-Thompson(recency=10.0,delta=0.20)",HT,10.0,0.2,10,20,169,10000,,yes,0.035,0.9111475905555232
2647,0.5505743650016585,0.9641468457734174,0.4135724807717589,"Horvitz-Thompson(recency=10.0,delta=0.20)",HT,10.0,0.2,10,20,169,10000,,yes,0.035,0.9111475905555232
2648,0.5077986567135973,0.9928994400439951,0.48510078333039786,"Horvitz-Thompson(recency=10.0,delta=0.20)",HT,10.0,0.2,10,20,169,10000,,yes,0.035,0.9111475905555232
2649,0.5588200455896734,0.899823753059381,0.34100370746970765,"Horvitz-Thompson(recency=10.0,delta=0.20)",HT,10.0,0.2,10,20,169,10000,,yes,0.035,0.9111475905555232
2650,0.4977923012447543,0.9787036601884416,0.48091135894368725,"Horvitz-Thompson(recency=10.0,delta=0.20)",HT,10.0,0.2,10,20,169,10000,,yes,0.035,0.9111475905555232
2651,0.5551642273579852,0.9918488775908101,0.4366846502328249,"Horvitz-Thompson(recency=10.0,delta=0.20)",HT,10.0,0.2,10,20,169,10000,,yes,0.035,0.9111475905555232
2652,0.5053051475548781,1.0372543082177403,0.5319491606628622,"Horvitz-Thompson(recency=10.0,delta=0.20)",HT,10.0,0.2,10,20,169,10000,,yes,0.035,0.9111475905555232
2653,0.47761276428929605,1.014157202762432,0.5365444384731359,"Horvitz-Thompson(recency=10.0,delta=0.20)",HT,10.0,0.2,10,20,169,10000,,yes,0.035,0.9111475905555232
2654,0.5113905940773742,1.0384897548706917,0.5270991607933175,"Horvitz-Thompson(recency=10.0,delta=0.20)",HT,10.0,0.2,10,20,169,10000,,yes,0.035,0.9111475905555232
2655,0.5167893377132403,0.9598074904855349,0.4430181527722946,"Horvitz-Thompson(recency=10.0,delta=0.20)",HT,10.0,0.2,10,20,169,10000,,yes,0.035,0.9111475905555232
2656,0.5387076228748615,1.0275826220209086,0.48887499914604704,"Horvitz-Thompson(recency=10.0,delta=0.20)",HT,10.0,0.2,10,20,169,10000,,yes,0.035,0.9111475905555232
2657,0.5066826338941314,1.0400756921066228,0.5333930582124914,"Horvitz-Thompson(recency=10.0,delta=0.20)",HT,10.0,0.2,10,20,169,10000,,yes,0.035,0.9111475905555232
2658,0.5323306246912936,1.0376842361968837,0.5053536115055901,"Horvitz-Thompson(recency=10.0,delta=0.20)",HT,10.0,0.2,10,20,169,10000,,yes,0.035,0.9111475905555232
2659,0.5087174303481621,1.0040692536600884,0.4953518233119263,"Horvitz-Thompson(recency=10.0,delta=0.20)",HT,10.0,0.2,10,20,169,10000,,yes,0.035,0.9111475905555232
2660,0.5308800614130725,1.007969781229604,0.4770897198165315,"Horvitz-Thompson(recency=10.0,delta=0.20)",HT,10.0,0.2,10,20,169,10000,,yes,0.035,0.9111475905555232
2661,0.5452296721632605,0.9733392397301316,0.42810956756687113,"Horvitz-Thompson(recency=10.0,delta=0.20)",HT,10.0,0.2,10,20,169,10000,,yes,0.035,0.9111475905555232
2662,0.5312170140059006,0.9350050668074332,0.4037880528015326,"Horvitz-Thompson(recency=10.0,delta=0.20)",HT,10.0,0.2,10,20,169,10000,,yes,0.035,0.9111475905555232
2663,0.5207806373021909,0.9424461485383858,0.4216655112361949,"Horvitz-Thompson(recency=10.0,delta=0.20)",HT,10.0,0.2,10,20,169,10000,,yes,0.035,0.9111475905555232
2664,0.5484015652646507,0.9270390564915082,0.3786374912268575,"Horvitz-Thompson(recency=10.0,delta=0.20)",HT,10.0,0.2,10,20,169,10000,,yes,0.035,0.9111475905555232
2665,0.5239565694270039,0.9754700091104591,0.45151343968345525,"Horvitz-Thompson(recency=10.0,delta=0.20)",HT,10.0,0.2,10,20,169,10000,,yes,0.035,0.9111475905555232
2666,0.5553076660536534,0.9491756121141274,0.39386794606047393,"Horvitz-Thompson(recency=10.0,delta=0.20)",HT,10.0,0.2,10,20,169,10000,,yes,0.035,0.9111475905555232
2667,0.48349192627985565,1.0347558597909656,0.55126393351111,"Horvitz-Thompson(recency=10.0,delta=0.20)",HT,10.0,0.2,10,20,169,10000,,yes,0.035,0.9111475905555232
2668,0.5142854454495676,0.9953540702381237,0.48106862478855617,"Horvitz-Thompson(recency=10.0,delta=0.20)",HT,10.0,0.2,10,20,169,10000,,yes,0.035,0.9111475905555232
2669,0.5180401858880795,1.0063620450968582,0.4883218592087787,"Horvitz-Thompson(recency=10.0,delta=0.20)",HT,10.0,0.2,10,20,169,10000,,yes,0.035,0.9111475905555232
2670,0.4950186518134458,1.0496606069521235,0.5546419551386776,"Horvitz-Thompson(recency=10.0,delta=0.20)",HT,10.0,0.2,10,20,169,10000,,yes,0.035,0.9111475905555232
2671,0.5409120018856743,0.9322988596126254,0.39138685772695103,"Horvitz-Thompson(recency=10.0,delta=0.20)",HT,10.0,0.2,10,20,169,10000,,yes,0.035,0.9111475905555232
2672,0.4888502678928612,1.1028471713074544,0.6139969034145931,"Horvitz-Thompson(recency=10.0,delta=0.20)",HT,10.0,0.2,10,20,169,10000,,yes,0.035,0.9111475905555232
2673,0.5212843258367117,1.0352884288536321,0.5140041030169205,"Horvitz-Thompson(recency=10.0,delta=0.20)",HT,10.0,0.2,10,20,169,10000,,yes,0.035,0.9111475905555232
2674,0.5427213149763391,0.9464018374169872,0.4036805224406481,"Horvitz-Thompson(recency=10.0,delta=0.20)",HT,10.0,0.2,10,20,169,10000,,yes,0.035,0.9111475905555232
2675,0.5106682324879588,1.0864390351857856,0.5757708026978268,"Horvitz-Thompson(recency=10.0,delta=0.20)",HT,10.0,0.2,10,20,169,10000,,yes,0.035,0.9111475905555232
2676,0.5052991394550452,1.008436858677863,0.5031377192228177,"Horvitz-Thompson(recency=10.0,delta=0.20)",HT,10.0,0.2,10,20,169,10000,,yes,0.035,0.9111475905555232
2677,0.5337366501471416,1.0085472553739365,0.47481060522679497,"Horvitz-Thompson(recency=10.0,delta=0.20)",HT,10.0,0.2,10,20,169,10000,,yes,0.035,0.9111475905555232
2678,0.5764598666935539,0.9123585750306572,0.33589870833710334,"Horvitz-Thompson(recency=10.0,delta=0.20)",HT,10.0,0.2,10,20,169,10000,,yes,0.035,0.9111475905555232
2679,0.5092217389294909,0.9962360793527884,0.4870143404232975,"Horvitz-Thompson(recency=10.0,delta=0.20)",HT,10.0,0.2,10,20,169,10000,,yes,0.035,0.9111475905555232
2680,0.5246404090498147,0.9935300648802239,0.4688896558304092,"Horvitz-Thompson(recency=10.0,delta=0.20)",HT,10.0,0.2,10,20,169,10000,,yes,0.035,0.9111475905555232
2681,0.5361917684572045,0.972716653086007,0.43652488462880246,"Horvitz-Thompson(recency=10.0,delta=0.20)",HT,10.0,0.2,10,20,169,10000,,yes,0.035,0.9111475905555232
2682,0.5228854453732806,0.9434359799953833,0.4205505346221027,"Horvitz-Thompson(recency=10.0,delta=0.20)",HT,10.0,0.2,10,20,169,10000,,yes,0.035,0.9111475905555232
2683,0.5276188347496661,0.9745066650474938,0.44688783029782775,"Horvitz-Thompson(recency=10.0,delta=0.20)",HT,10.0,0.2,10,20,169,10000,,yes,0.035,0.9111475905555232
2684,0.5174550929839825,1.0356213909943168,0.5181662980103343,"Horvitz-Thompson(recency=10.0,delta=0.20)",HT,10.0,0.2,10,20,169,10000,,yes,0.035,0.9111475905555232
2685,0.5259562555454549,1.0144068786027247,0.48845062305726983,"Horvitz-Thompson(recency=10.0,delta=0.20)",HT,10.0,0.2,10,20,169,10000,,yes,0.035,0.9111475905555232
2686,0.502822126675392,1.0619889162224037,0.5591667895470117,"Horvitz-Thompson(recency=10.0,delta=0.20)",HT,10.0,0.2,10,20,169,10000,,yes,0.035,0.9111475905555232
2687,0.5150683951313502,1.0822081520707536,0.5671397569394034,"Horvitz-Thompson(recency=10.0,delta=0.20)",HT,10.0,0.2,10,20,169,10000,,yes,0.035,0.9111475905555232
2688,0.5200123833656572,1.0548767632215599,0.5348643798559026,"Horvitz-Thompson(recency=10.0,delta=0.20)",HT,10.0,0.2,10,20,169,10000,,yes,0.035,0.9111475905555232
2689,0.5081509123424489,1.058940456102359,0.5507895437599101,"Horvitz-Thompson(recency=10.0,delta=0.20)",HT,10.0,0.2,10,20,169,10000,,yes,0.035,0.9111475905555232
2690,0.5119710576569143,1.0163585615892015,0.5043875039322872,"Horvitz-Thompson(recency=10.0,delta=0.20)",HT,10.0,0.2,10,20,169,10000,,yes,0.035,0.9111475905555232
2691,0.5297359736441395,0.9798455036670772,0.45010953002293774,"Horvitz-Thompson(recency=10.0,delta=0.20)",HT,10.0,0.2,10,20,169,10000,,yes,0.035,0.9111475905555232
2692,0.5713386161959205,0.920764657697162,0.34942604150124146,"Horvitz-Thompson(recency=10.0,delta=0.20)",HT,10.0,0.2,10,20,169,10000,,yes,0.035,0.9111475905555232
2693,0.5145794405080071,1.022330945377736,0.507751504869729,"Horvitz-Thompson(recency=10.0,delta=0.20)",HT,10.0,0.2,10,20,169,10000,,yes,0.035,0.9111475905555232
2694,0.5045512553085825,1.094620384443498,0.5900691291349156,"Horvitz-Thompson(recency=10.0,delta=0.20)",HT,10.0,0.2,10,20,169,10000,,yes,0.035,0.9111475905555232
2695,0.5517361539240077,0.9640019896601141,0.4122658357361064,"Horvitz-Thompson(recency=10.0,delta=0.20)",HT,10.0,0.2,10,20,169,10000,,yes,0.035,0.9111475905555232
2696,0.5301382383770284,0.9706384078351787,0.4405001694581503,"Horvitz-Thompson(recency=10.0,delta=0.20)",HT,10.0,0.2,10,20,169,10000,,yes,0.035,0.9111475905555232
2697,0.5326884397108177,0.9977399898376008,0.4650515501267831,"Horvitz-Thompson(recency=10.0,delta=0.20)",HT,10.0,0.2,10,20,169,10000,,yes,0.035,0.9111475905555232
2698,0.5245921116678443,0.9773101539933448,0.4527180423255005,"Horvitz-Thompson(recency=10.0,delta=0.20)",HT,10.0,0.2,10,20,169,10000,,yes,0.035,0.9111475905555232
2699,0.512898031704584,0.9836747139120697,0.4707766822074857,"Horvitz-Thompson(recency=10.0,delta=0.20)",HT,10.0,0.2,10,20,169,10000,,yes,0.035,0.9111475905555232
2700,0.5409817917390941,0.9543091377910725,0.4133273460519784,"Horvitz-Thompson(recency=10.0,delta=0.20)",HT,10.0,0.2,10,20,169,10000,,yes,0.035,0.9111475905555232
2701,0.5592093322051928,0.9325713845593299,0.3733620523541371,"Horvitz-Thompson(recency=10.0,delta=0.20)",HT,10.0,0.2,10,20,169,10000,,yes,0.035,0.9111475905555232
2702,0.5699416477263686,0.9095531743032558,0.3396115265768872,"Horvitz-Thompson(recency=10.0,delta=0.20)",HT,10.0,0.2,10,20,169,10000,,yes,0.035,0.9111475905555232
2703,0.5151071173189197,1.014602602077945,0.4994954847590254,"Horvitz-Thompson(recency=10.0,delta=0.20)",HT,10.0,0.2,10,20,169,10000,,yes,0.035,0.9111475905555232
2704,0.5387165230180093,1.0098040033702023,0.47108748035219294,"Horvitz-Thompson(recency=10.0,delta=0.20)",HT,10.0,0.2,10,20,169,10000,,yes,0.035,0.9111475905555232
2705,0.4918274772134394,1.0372166020943245,0.5453891248808851,"Horvitz-Thompson(recency=10.0,delta=0.20)",HT,10.0,0.2,10,20,169,10000,,yes,0.035,0.9111475905555232
2706,0.5412248466895285,0.9223596028872743,0.3811347561977457,"Horvitz-Thompson(recency=10.0,delta=0.20)",HT,10.0,0.2,10,20,169,10000,,yes,0.035,0.9111475905555232
2707,0.4998212435434673,0.9757419269215477,0.4759206833780804,"Horvitz-Thompson(recency=10.0,delta=0.20)",HT,10.0,0.2,10,20,169,10000,,yes,0.035,0.9111475905555232
2708,0.5601332945213583,0.9255755757789809,0.36544228125762257,"Horvitz-Thompson(recency=10.0,delta=0.20)",HT,10.0,0.2,10,20,169,10000,,yes,0.035,0.9111475905555232
2709,0.5155258797269558,1.0773664042014004,0.5618405244744445,"Horvitz-Thompson(recency=10.0,delta=0.20)",HT,10.0,0.2,10,20,169,10000,,yes,0.035,0.9111475905555232
2710,0.5548459240785585,0.9889464083059673,0.43410048422740877,"Horvitz-Thompson(recency=10.0,delta=0.20)",HT,10.0,0.2,10,20,169,10000,,yes,0.035,0.9111475905555232
2711,0.5298097727056006,0.9459345608882482,0.41612478818264764,"Horvitz-Thompson(recency=10.0,delta=0.20)",HT,10.0,0.2,10,20,169,10000,,yes,0.035,0.9111475905555232
2712,0.4771151822630389,1.0188554237008647,0.5417402414378258,"Horvitz-Thompson(recency=10.0,delta=0.20)",HT,10.0,0.2,10,20,169,10000,,yes,0.035,0.9111475905555232
2713,0.48690760166909286,1.0923972386171679,0.605489636948075,"Horvitz-Thompson(recency=10.0,delta=0.20)",HT,10.0,0.2,10,20,169,10000,,yes,0.035,0.9111475905555232
2714,0.5413383914303089,0.9838393791010529,0.442500987670744,"Horvitz-Thompson(recency=10.0,delta=0.20)",HT,10.0,0.2,10,20,169,10000,,yes,0.035,0.9111475905555232
2715,0.4821303422146096,1.026868668120012,0.5447383259054025,"Horvitz-Thompson(recency=10.0,delta=0.20)",HT,10.0,0.2,10,20,169,10000,,yes,0.035,0.9111475905555232
2716,0.5108547266514795,1.0571216279278213,0.5462669012763418,"Horvitz-Thompson(recency=10.0,delta=0.20)",HT,10.0,0.2,10,20,169,10000,,yes,0.035,0.9111475905555232
2717,0.5296092771635733,0.9568042000462381,0.4271949228826648,"Horvitz-Thompson(recency=10.0,delta=0.20)",HT,10.0,0.2,10,20,169,10000,,yes,0.035,0.9111475905555232
2718,0.49284578805164475,0.9865700218220268,0.49372423377038205,"Horvitz-Thompson(recency=10.0,delta=0.20)",HT,10.0,0.2,10,20,169,10000,,yes,0.035,0.9111475905555232
2719,0.485912449258823,1.026701455764938,0.5407890065061152,"Horvitz-Thompson(recency=10.0,delta=0.20)",HT,10.0,0.2,10,20,169,10000,,yes,0.035,0.9111475905555232
2720,0.5338361669393226,1.0650771104581522,0.5312409435188297,"Horvitz-Thompson(recency=10.0,delta=0.20)",HT,10.0,0.2,10,20,169,10000,,yes,0.035,0.9111475905555232
2721,0.5301213918993248,0.9277363242343362,0.39761493233501133,"Horvitz-Thompson(recency=10.0,delta=0.20)",HT,10.0,0.2,10,20,169,10000,,yes,0.035,0.9111475905555232
2722,0.5196021910162124,0.9773947809232965,0.45779258990708405,"Horvitz-Thompson(recency=10.0,delta=0.20)",HT,10.0,0.2,10,20,169,10000,,yes,0.035,0.9111475905555232
2723,0.4835674862843507,1.069988079531652,0.5864205932473014,"Horvitz-Thompson(recency=10.0,delta=0.20)",HT,10.0,0.2,10,20,169,10000,,yes,0.035,0.9111475905555232
2724,0.5289965417775733,1.039801015852314,0.5108044740747408,"Horvitz-Thompson(recency=10.0,delta=0.20)",HT,10.0,0.2,10,20,169,10000,,yes,0.035,0.9111475905555232
2725,0.5184037677626744,0.9791730941384263,0.46076932637575196,"Horvitz-Thompson(recency=10.0,delta=0.20)",HT,10.0,0.2,10,20,169,10000,,yes,0.035,0.9111475905555232
2726,0.5416601515063043,1.0251118984718584,0.48345174696555404,"Horvitz-Thompson(recency=10.0,delta=0.20)",HT,10.0,0.2,10,20,169,10000,,yes,0.035,0.9111475905555232
2727,0.5180441729765781,1.0305337441976834,0.5124895712211053,"Horvitz-Thompson(recency=10.0,delta=0.20)",HT,10.0,0.2,10,20,169,10000,,yes,0.035,0.9111475905555232
2728,0.5032577963454627,1.052170549674513,0.5489127533290503,"Horvitz-Thompson(recency=10.0,delta=0.20)",HT,10.0,0.2,10,20,169,10000,,yes,0.035,0.9111475905555232
2729,0.5493386879715306,0.9755568980875203,0.4262182101159897,"Horvitz-Thompson(recency=10.0,delta=0.20)",HT,10.0,0.2,10,20,169,10000,,yes,0.035,0.9111475905555232
2730,0.5031951037256224,0.9993498065160072,0.49615470279038487,"Horvitz-Thompson(recency=10.0,delta=0.20)",HT,10.0,0.2,10,20,169,10000,,yes,0.035,0.9111475905555232
2731,0.5450052950175397,0.9206774343503936,0.3756721393328539,"Horvitz-Thompson(recency=10.0,delta=0.20)",HT,10.0,0.2,10,20,169,10000,,yes,0.035,0.9111475905555232
2732,0.5244069809260242,0.9872471616666694,0.46284018074064515,"Horvitz-Thompson(recency=10.0,delta=0.20)",HT,10.0,0.2,10,20,169,10000,,yes,0.035,0.9111475905555232
2733,0.5390621459735505,0.9665337335736501,0.4274715876000996,"Horvitz-Thompson(recency=10.0,delta=0.20)",HT,10.0,0.2,10,20,169,10000,,yes,0.035,0.9111475905555232
2734,0.5352494084838956,0.9802438256429145,0.4449944171590189,"Horvitz-Thompson(recency=10.0,delta=0.20)",HT,10.0,0.2,10,20,169,10000,,yes,0.035,0.9111475905555232
2735,0.5367765047169768,1.0012629288823243,0.46448642416534747,"Horvitz-Thompson(recency=10.0,delta=0.20)",HT,10.0,0.2,10,20,169,10000,,yes,0.035,0.9111475905555232
2736,0.5608360455764342,0.9547354222200997,0.3938993766436655,"Horvitz-Thompson(recency=10.0,delta=0.20)",HT,10.0,0.2,10,20,169,10000,,yes,0.035,0.9111475905555232
2737,0.524451969040106,0.9629105086001605,0.4384585395600544,"Horvitz-Thompson(recency=10.0,delta=0.20)",HT,10.0,0.2,10,20,169,10000,,yes,0.035,0.9111475905555232
2738,0.5083336559894951,0.9882285106274428,0.4798948546379477,"Horvitz-Thompson(recency=10.0,delta=0.20)",HT,10.0,0.2,10,20,169,10000,,yes,0.035,0.9111475905555232
2739,0.5242174598485516,0.9522101203055525,0.4279926604570009,"Horvitz-Thompson(recency=10.0,delta=0.20)",HT,10.0,0.2,10,20,169,10000,,yes,0.035,0.9111475905555232
2740,0.5271699104846882,1.0286508527826783,0.5014809422979901,"Horvitz-Thompson(recency=10.0,delta=0.20)",HT,10.0,0.2,10,20,169,10000,,yes,0.035,0.9111475905555232
2741,0.5097711653244087,0.9699237644630844,0.4601525991386757,"Horvitz-Thompson(recency=10.0,delta=0.20)",HT,10.0,0.2,10,20,169,10000,,yes,0.035,0.9111475905555232
2742,0.5662240495320716,0.8976759139570085,0.3314518644249369,"Horvitz-Thompson(recency=10.0,delta=0.20)",HT,10.0,0.2,10,20,169,10000,,yes,0.035,0.9111475905555232
2743,0.5563411629100825,1.015349529101716,0.45900836619163354,"Horvitz-Thompson(recency=10.0,delta=0.20)",HT,10.0,0.2,10,20,169,10000,,yes,0.035,0.9111475905555232
2744,0.5523066088738716,1.0003436917584192,0.4480370828845476,"Horvitz-Thompson(recency=10.0,delta=0.20)",HT,10.0,0.2,10,20,169,10000,,yes,0.035,0.9111475905555232
2745,0.5413894977258038,0.992912655939616,0.45152315821381217,"Horvitz-Thompson(recency=10.0,delta=0.20)",HT,10.0,0.2,10,20,169,10000,,yes,0.035,0.9111475905555232
2746,0.5199322130109483,0.9690581796805179,0.4491259666695696,"Horvitz-Thompson(recency=10.0,delta=0.20)",HT,10.0,0.2,10,20,169,10000,,yes,0.035,0.9111475905555232
2747,0.5252209556477866,1.029890652659737,0.5046696970119503,"Horvitz-Thompson(recency=10.0,delta=0.20)",HT,10.0,0.2,10,20,169,10000,,yes,0.035,0.9111475905555232
2748,0.5189467753739548,0.9968211994427365,0.47787442406878167,"Horvitz-Thompson(recency=10.0,delta=0.20)",HT,10.0,0.2,10,20,169,10000,,yes,0.035,0.9111475905555232
2749,0.5191358551651153,0.961020624437363,0.44188476927224773,"Horvitz-Thompson(recency=10.0,delta=0.20)",HT,10.0,0.2,10,20,169,10000,,yes,0.035,0.9111475905555232
2750,0.4946411154218449,1.011139994270961,0.516498878849116,"Horvitz-Thompson(recency=10.0,delta=0.20)",HT,10.0,0.2,10,20,169,10000,,yes,0.035,0.9111475905555232
2751,0.5131843646045336,1.0117722734400953,0.4985879088355617,"Horvitz-Thompson(recency=10.0,delta=0.20)",HT,10.0,0.2,10,20,169,10000,,yes,0.035,0.9111475905555232
2752,0.5252379299881215,1.0361160364873905,0.510878106499269,"Horvitz-Thompson(recency=10.0,delta=0.20)",HT,10.0,0.2,10,20,169,10000,,yes,0.035,0.9111475905555232
2753,0.4807557421322446,1.0411314639336193,0.5603757218013747,"Horvitz-Thompson(recency=10.0,delta=0.20)",HT,10.0,0.2,10,20,169,10000,,yes,0.035,0.9111475905555232
2754,0.5318987022187033,1.03215700331413,0.5002583010954268,"Horvitz-Thompson(recency=10.0,delta=0.20)",HT,10.0,0.2,10,20,169,10000,,yes,0.035,0.9111475905555232
2755,0.5297605579897138,0.9501889250102916,0.42042836702057784,"Horvitz-Thompson(recency=10.0,delta=0.20)",HT,10.0,0.2,10,20,169,10000,,yes,0.035,0.9111475905555232
2756,0.546681750959034,0.9872829900793363,0.44060123912030225,"Horvitz-Thompson(recency=10.0,delta=0.20)",HT,10.0,0.2,10,20,169,10000,,yes,0.035,0.9111475905555232
2757,0.5543310899847579,1.0301764011781012,0.4758453111933433,"Horvitz-Thompson(recency=10.0,delta=0.20)",HT,10.0,0.2,10,20,169,10000,,yes,0.035,0.9111475905555232
2758,0.49924392738845635,1.0476023706158395,0.5483584432273831,"Horvitz-Thompson(recency=10.0,delta=0.20)",HT,10.0,0.2,10,20,169,10000,,yes,0.035,0.9111475905555232
2759,0.5220127050402498,1.0002035724471752,0.4781908674069254,"Horvitz-Thompson(recency=10.0,delta=0.20)",HT,10.0,0.2,10,20,169,10000,,yes,0.035,0.9111475905555232
2760,0.5139961625455948,1.030794816420434,0.5167986538748391,"Horvitz-Thompson(recency=10.0,delta=0.20)",HT,10.0,0.2,10,20,169,10000,,yes,0.035,0.9111475905555232
2761,0.558379116960399,0.9219451160893926,0.36356599912899357,"Horvitz-Thompson(recency=10.0,delta=0.20)",HT,10.0,0.2,10,20,169,10000,,yes,0.035,0.9111475905555232
2762,0.5172000127816323,1.011731738771889,0.49453172599025663,"Horvitz-Thompson(recency=10.0,delta=0.20)",HT,10.0,0.2,10,20,169,10000,,yes,0.035,0.9111475905555232
2763,0.5460156529027016,0.9883970520421373,0.44238139913943575,"Horvitz-Thompson(recency=10.0,delta=0.20)",HT,10.0,0.2,10,20,169,10000,,yes,0.035,0.9111475905555232
2764,0.5370818455140214,0.9673320594699315,0.4302502139559101,"Horvitz-Thompson(recency=10.0,delta=0.20)",HT,10.0,0.2,10,20,169,10000,,yes,0.035,0.9111475905555232
2765,0.5018212986802981,0.9931238158785308,0.4913025171982327,"Horvitz-Thompson(recency=10.0,delta=0.20)",HT,10.0,0.2,10,20,169,10000,,yes,0.035,0.9111475905555232
2766,0.5238133996391775,0.9742544142848443,0.45044101464566677,"Horvitz-Thompson(recency=10.0,delta=0.20)",HT,10.0,0.2,10,20,169,10000,,yes,0.035,0.9111475905555232
2767,0.49246701824125344,0.9726687065797164,0.48020168833846294,"Horvitz-Thompson(recency=10.0,delta=0.20)",HT,10.0,0.2,10,20,169,10000,,yes,0.035,0.9111475905555232
2768,0.485789753736786,0.9646200254666323,0.47883027172984627,"Horvitz-Thompson(recency=10.0,delta=0.20)",HT,10.0,0.2,10,20,169,10000,,yes,0.035,0.9111475905555232
2769,0.5322368480333283,0.973188023546766,0.44095117551343777,"Horvitz-Thompson(recency=10.0,delta=0.20)",HT,10.0,0.2,10,20,169,10000,,yes,0.035,0.9111475905555232
2770,0.5434692240057103,0.9927938331222795,0.44932460911656924,"Horvitz-Thompson(recency=10.0,delta=0.20)",HT,10.0,0.2,10,20,169,10000,,yes,0.035,0.9111475905555232
2771,0.5364440195925609,0.997045455325031,0.46060143573247003,"Horvitz-Thompson(recency=10.0,delta=0.20)",HT,10.0,0.2,10,20,169,10000,,yes,0.035,0.9111475905555232
2772,0.5360101669185934,0.9430120784310593,0.4070019115124659,"Horvitz-Thompson(recency=10.0,delta=0.20)",HT,10.0,0.2,10,20,169,10000,,yes,0.035,0.9111475905555232
2773,0.5043225910183691,1.0108989911920163,0.5065764001736472,"Horvitz-Thompson(recency=10.0,delta=0.20)",HT,10.0,0.2,10,20,169,10000,,yes,0.035,0.9111475905555232
2774,0.5283757850636479,0.9372516145020177,0.40887582943836975,"Horvitz-Thompson(recency=10.0,delta=0.20)",HT,10.0,0.2,10,20,169,10000,,yes,0.035,0.9111475905555232
2775,0.525300272365612,0.9899616172412623,0.46466134487565025,"Horvitz-Thompson(recency=10.0,delta=0.20)",HT,10.0,0.2,10,20,169,10000,,yes,0.035,0.9111475905555232
2776,0.5427014840354976,1.01494398284499,0.47224249880949243,"Horvitz-Thompson(recency=10.0,delta=0.20)",HT,10.0,0.2,10,20,169,10000,,yes,0.035,0.9111475905555232
2777,0.5049104249651513,1.0879446668488748,0.5830342418837235,"Horvitz-Thompson(recency=10.0,delta=0.20)",HT,10.0,0.2,10,20,169,10000,,yes,0.035,0.9111475905555232
2778,0.5439755535456365,0.9860926207130071,0.44211706716737054,"Horvitz-Thompson(recency=10.0,delta=0.20)",HT,10.0,0.2,10,20,169,10000,,yes,0.035,0.9111475905555232
2779,0.5560913868157457,0.9429521572502978,0.38686077043455214,"Horvitz-Thompson(recency=10.0,delta=0.20)",HT,10.0,0.2,10,20,169,10000,,yes,0.035,0.9111475905555232
2780,0.5387553839195659,0.968920452081705,0.43016506816213906,"Horvitz-Thompson(recency=10.0,delta=0.20)",HT,10.0,0.2,10,20,169,10000,,yes,0.035,0.9111475905555232
2781,0.5526312844239916,0.9773019701537429,0.4246706857297513,"Horvitz-Thompson(recency=10.0,delta=0.20)",HT,10.0,0.2,10,20,169,10000,,yes,0.035,0.9111475905555232
2782,0.5182885192538992,0.976656179274038,0.45836766002013885,"Horvitz-Thompson(recency=10.0,delta=0.20)",HT,10.0,0.2,10,20,169,10000,,yes,0.035,0.9111475905555232
2783,0.5144906581727695,0.9965839361733582,0.48209327800058865,"Horvitz-Thompson(recency=10.0,delta=0.20)",HT,10.0,0.2,10,20,169,10000,,yes,0.035,0.9111475905555232
2784,0.5013036497297897,1.0256323794607154,0.5243287297309257,"Horvitz-Thompson(recency=10.0,delta=0.20)",HT,10.0,0.2,10,20,169,10000,,yes,0.035,0.9111475905555232
2785,0.5208250496970952,0.9355621513903241,0.41473710169322886,"Horvitz-Thompson(recency=10.0,delta=0.20)",HT,10.0,0.2,10,20,169,10000,,yes,0.035,0.9111475905555232
2786,0.5187569019188516,1.0107121365457574,0.4919552346269058,"Horvitz-Thompson(recency=10.0,delta=0.20)",HT,10.0,0.2,10,20,169,10000,,yes,0.035,0.9111475905555232
2787,0.5169652012748063,1.0171667589613442,0.500201557686538,"Horvitz-Thompson(recency=10.0,delta=0.20)",HT,10.0,0.2,10,20,169,10000,,yes,0.035,0.9111475905555232
2788,0.5014300203219916,1.0371720322195608,0.5357420118975692,"Horvitz-Thompson(recency=10.0,delta=0.20)",HT,10.0,0.2,10,20,169,10000,,yes,0.035,0.9111475905555232
2789,0.5200968308602334,1.019865460621312,0.4997686297610786,"Horvitz-Thompson(recency=10.0,delta=0.20)",HT,10.0,0.2,10,20,169,10000,,yes,0.035,0.9111475905555232
2790,0.5313287592041791,1.0005398449166185,0.4692110857124394,"Horvitz-Thompson(recency=10.0,delta=0.20)",HT,10.0,0.2,10,20,169,10000,,yes,0.035,0.9111475905555232
2791,0.5093790049880974,0.97388714190039,0.46450813691229265,"Horvitz-Thompson(recency=10.0,delta=0.20)",HT,10.0,0.2,10,20,169,10000,,yes,0.035,0.9111475905555232
2792,0.4931045318138395,1.0436218991123016,0.5505173672984621,"Horvitz-Thompson(recency=10.0,delta=0.20)",HT,10.0,0.2,10,20,169,10000,,yes,0.035,0.9111475905555232
2793,0.5224749210449227,1.031557186957055,0.5090822659121323,"Horvitz-Thompson(recency=10.0,delta=0.20)",HT,10.0,0.2,10,20,169,10000,,yes,0.035,0.9111475905555232
2794,0.514379535819755,0.9965250837980778,0.48214554797832276,"Horvitz-Thompson(recency=10.0,delta=0.20)",HT,10.0,0.2,10,20,169,10000,,yes,0.035,0.9111475905555232
2795,0.5010927909814934,0.9691642549889009,0.4680714640074075,"Horvitz-Thompson(recency=10.0,delta=0.20)",HT,10.0,0.2,10,20,169,10000,,yes,0.035,0.9111475905555232
2796,0.5362212847360339,1.0056835153762846,0.4694622306402507,"Horvitz-Thompson(recency=10.0,delta=0.20)",HT,10.0,0.2,10,20,169,10000,,yes,0.035,0.9111475905555232
2797,0.5285365993302683,1.0341203955217813,0.505583796191513,"Horvitz-Thompson(recency=10.0,delta=0.20)",HT,10.0,0.2,10,20,169,10000,,yes,0.035,0.9111475905555232
2798,0.5096314547823061,0.98635370560826,0.4767222508259539,"Horvitz-Thompson(recency=10.0,delta=0.20)",HT,10.0,0.2,10,20,169,10000,,yes,0.035,0.9111475905555232
2799,0.48177677472976477,1.0781386967903805,0.5963619220606158,"Horvitz-Thompson(recency=10.0,delta=0.20)",HT,10.0,0.2,10,20,169,10000,,yes,0.035,0.9111475905555232
2800,0.5359378990169527,0.9730230901990543,0.43708519118210165,"Horvitz-Thompson(recency=10.0,delta=0.20)",HT,10.0,0.2,10,20,169,10000,,yes,0.035,0.9111475905555232
2801,0.5039761048327888,0.9831368753790591,0.4791607705462704,"Horvitz-Thompson(recency=10.0,delta=0.20)",HT,10.0,0.2,10,20,169,10000,,yes,0.035,0.9111475905555232
2802,0.5191024532941332,0.9797799595145373,0.46067750622040415,"Horvitz-Thompson(recency=10.0,delta=0.20)",HT,10.0,0.2,10,20,169,10000,,yes,0.035,0.9111475905555232
2803,0.547338839988835,0.9681064112572425,0.42076757126840747,"Horvitz-Thompson(recency=10.0,delta=0.20)",HT,10.0,0.2,10,20,169,10000,,yes,0.035,0.9111475905555232
2804,0.48194983467212404,1.034391019936904,0.5524411852647799,"Horvitz-Thompson(recency=10.0,delta=0.20)",HT,10.0,0.2,10,20,169,10000,,yes,0.035,0.9111475905555232
2805,0.5141719252030251,0.99749371617579,0.48332179097276484,"Horvitz-Thompson(recency=10.0,delta=0.20)",HT,10.0,0.2,10,20,169,10000,,yes,0.035,0.9111475905555232
2806,0.5203432281954793,0.9948592107992726,0.47451598260379335,"Horvitz-Thompson(recency=10.0,delta=0.20)",HT,10.0,0.2,10,20,169,10000,,yes,0.035,0.9111475905555232
2807,0.4995670524321194,1.0800480018210135,0.580480949388894,"Horvitz-Thompson(recency=10.0,delta=0.20)",HT,10.0,0.2,10,20,169,10000,,yes,0.035,0.9111475905555232
2808,0.5024405695073436,1.0009127740781265,0.4984722045707829,"Horvitz-Thompson(recency=10.0,delta=0.20)",HT,10.0,0.2,10,20,169,10000,,yes,0.035,0.9111475905555232
2809,0.5532063074228813,0.9714527061287217,0.41824639870584035,"Horvitz-Thompson(recency=10.0,delta=0.20)",HT,10.0,0.2,10,20,169,10000,,yes,0.035,0.9111475905555232
2810,0.5380392841086911,0.9861571467819044,0.4481178626732133,"Horvitz-Thompson(recency=10.0,delta=0.20)",HT,10.0,0.2,10,20,169,10000,,yes,0.035,0.9111475905555232
2811,0.5463988850513856,0.9770041938561549,0.4306053088047693,"Horvitz-Thompson(recency=10.0,delta=0.20)",HT,10.0,0.2,10,20,169,10000,,yes,0.035,0.9111475905555232
2812,0.5143559989003145,0.9928107544115702,0.4784547555112557,"Horvitz-Thompson(recency=10.0,delta=0.20)",HT,10.0,0.2,10,20,169,10000,,yes,0.035,0.9111475905555232
2813,0.5255992193237475,0.9850739578574305,0.4594747385336829,"Horvitz-Thompson(recency=10.0,delta=0.20)",HT,10.0,0.2,10,20,169,10000,,yes,0.035,0.9111475905555232
2814,0.5282170111051696,1.0123121178265122,0.4840951067213426,"Horvitz-Thompson(recency=10.0,delta=0.20)",HT,10.0,0.2,10,20,169,10000,,yes,0.035,0.9111475905555232
2815,0.5156205154996295,0.9899535697368164,0.47433305423718686,"Horvitz-Thompson(recency=10.0,delta=0.20)",HT,10.0,0.2,10,20,169,10000,,yes,0.035,0.9111475905555232
2816,0.5580746768676789,0.8959439951961228,0.3378693183284439,"Horvitz-Thompson(recency=10.0,delta=0.20)",HT,10.0,0.2,10,20,169,10000,,yes,0.035,0.9111475905555232
2817,0.5681406099613635,0.93841257268281,0.37027196272144647,"Horvitz-Thompson(recency=10.0,delta=0.20)",HT,10.0,0.2,10,20,169,10000,,yes,0.035,0.9111475905555232
2818,0.4973237937336496,0.9294512174914991,0.43212742375784946,"Horvitz-Thompson(recency=10.0,delta=0.20)",HT,10.0,0.2,10,20,169,10000,,yes,0.035,0.9111475905555232
2819,0.5337108529528285,0.9842809132657246,0.45057006031289615,"Horvitz-Thompson(recency=10.0,delta=0.20)",HT,10.0,0.2,10,20,169,10000,,yes,0.035,0.9111475905555232
2820,0.5569528424839474,0.9341130546598074,0.37716021217586004,"Horvitz-Thompson(recency=10.0,delta=0.20)",HT,10.0,0.2,10,20,169,10000,,yes,0.035,0.9111475905555232
2821,0.4777875455125216,0.9967527556748584,0.5189652101623368,"Horvitz-Thompson(recency=10.0,delta=0.20)",HT,10.0,0.2,10,20,169,10000,,yes,0.035,0.9111475905555232
2822,0.48950865273257915,1.0743605923514126,0.5848519396188334,"Horvitz-Thompson(recency=10.0,delta=0.20)",HT,10.0,0.2,10,20,169,10000,,yes,0.035,0.9111475905555232
2823,0.5055835691475676,1.0948177119332558,0.5892341427856882,"Horvitz-Thompson(recency=10.0,delta=0.20)",HT,10.0,0.2,10,20,169,10000,,yes,0.035,0.9111475905555232
2824,0.5494533114914827,0.9584959260765926,0.40904261458510993,"Horvitz-Thompson(recency=10.0,delta=0.20)",HT,10.0,0.2,10,20,169,10000,,yes,0.035,0.9111475905555232
2825,0.5062319578988215,0.9713322287219475,0.465100270823126,"Horvitz-Thompson(recency=10.0,delta=0.20)",HT,10.0,0.2,10,20,169,10000,,yes,0.035,0.9111475905555232
2826,0.5652743147913797,0.8798564984570141,0.3145821836656344,"Horvitz-Thompson(recency=10.0,delta=0.20)",HT,10.0,0.2,10,20,169,10000,,yes,0.035,0.9111475905555232
2827,0.5403097664178401,1.0219864640076033,0.48167669758976317,"Horvitz-Thompson(recency=10.0,delta=0.20)",HT,10.0,0.2,10,20,169,10000,,yes,0.035,0.9111475905555232
2828,0.5344479769802588,0.9681640952645161,0.43371611828425727,"Horvitz-Thompson(recency=10.0,delta=0.20)",HT,10.0,0.2,10,20,169,10000,,yes,0.035,0.9111475905555232
2829,0.5491006973600148,0.9918779919692782,0.4427772946092634,"Horvitz-Thompson(recency=10.0,delta=0.20)",HT,10.0,0.2,10,20,169,10000,,yes,0.035,0.9111475905555232
2830,0.5433560806134966,0.9326561902938003,0.3893001096803037,"Horvitz-Thompson(recency=10.0,delta=0.20)",HT,10.0,0.2,10,20,169,10000,,yes,0.035,0.9111475905555232
2831,0.5009787539419073,0.9988029806490634,0.4978242267071561,"Horvitz-Thompson(recency=10.0,delta=0.20)",HT,10.0,0.2,10,20,169,10000,,yes,0.035,0.9111475905555232
2832,0.512227978973403,0.9540142094517015,0.44178623047829846,"Horvitz-Thompson(recency=10.0,delta=0.20)",HT,10.0,0.2,10,20,169,10000,,yes,0.035,0.9111475905555232
2833,0.5193011382995385,1.0825481782397226,0.5632470399401841,"Horvitz-Thompson(recency=10.0,delta=0.20)",HT,10.0,0.2,10,20,169,10000,,yes,0.035,0.9111475905555232
2834,0.5455656011998612,0.9975825604928876,0.45201695929302643,"Horvitz-Thompson(recency=10.0,delta=0.20)",HT,10.0,0.2,10,20,169,10000,,yes,0.035,0.9111475905555232
2835,0.5150809395821551,0.9921948150822767,0.47711387550012163,"Horvitz-Thompson(recency=10.0,delta=0.20)",HT,10.0,0.2,10,20,169,10000,,yes,0.035,0.9111475905555232
2836,0.5538683734946515,0.9026576187360719,0.3487892452414204,"Horvitz-Thompson(recency=10.0,delta=0.20)",HT,10.0,0.2,10,20,169,10000,,yes,0.035,0.9111475905555232
2837,0.5163524292293279,0.9812010137795288,0.46484858455020095,"Horvitz-Thompson(recency=10.0,delta=0.20)",HT,10.0,0.2,10,20,169,10000,,yes,0.035,0.9111475905555232
2838,0.5464944402294051,0.9953825093661547,0.4488880691367496,"Horvitz-Thompson(recency=10.0,delta=0.20)",HT,10.0,0.2,10,20,169,10000,,yes,0.035,0.9111475905555232
2839,0.5079991802142672,0.9299400522202584,0.4219408720059913,"Horvitz-Thompson(recency=10.0,delta=0.20)",HT,10.0,0.2,10,20,169,10000,,yes,0.035,0.9111475905555232
2840,0.5192152797158719,0.9554728634919005,0.43625758377602863,"Horvitz-Thompson(recency=10.0,delta=0.20)",HT,10.0,0.2,10,20,169,10000,,yes,0.035,0.9111475905555232
2841,0.5267223467935971,0.9749780506500478,0.44825570385645075,"Horvitz-Thompson(recency=10.0,delta=0.20)",HT,10.0,0.2,10,20,169,10000,,yes,0.035,0.9111475905555232
2842,0.4682053313874048,1.0739373792073033,0.6057320478198984,"Horvitz-Thompson(recency=10.0,delta=0.20)",HT,10.0,0.2,10,20,169,10000,,yes,0.035,0.9111475905555232
2843,0.5422765028211095,0.9226076750020167,0.3803311721809072,"Horvitz-Thompson(recency=10.0,delta=0.20)",HT,10.0,0.2,10,20,169,10000,,yes,0.035,0.9111475905555232
2844,0.5538716478397184,1.004496353416525,0.45062470557680656,"Horvitz-Thompson(recency=10.0,delta=0.20)",HT,10.0,0.2,10,20,169,10000,,yes,0.035,0.9111475905555232
2845,0.5231637276266665,0.97182115061285,0.4486574229861835,"Horvitz-Thompson(recency=10.0,delta=0.20)",HT,10.0,0.2,10,20,169,10000,,yes,0.035,0.9111475905555232
2846,0.536889815337789,0.9088339305908013,0.3719441152530123,"Horvitz-Thompson(recency=10.0,delta=0.20)",HT,10.0,0.2,10,20,169,10000,,yes,0.035,0.9111475905555232
2847,0.510019225877945,1.0314545082365163,0.5214352823585713,"Horvitz-Thompson(recency=10.0,delta=0.20)",HT,10.0,0.2,10,20,169,10000,,yes,0.035,0.9111475905555232
2848,0.549573759832562,0.9261688522369572,0.37659509240439526,"Horvitz-Thompson(recency=10.0,delta=0.20)",HT,10.0,0.2,10,20,169,10000,,yes,0.035,0.9111475905555232
2849,0.5293559036718125,0.9746535127675842,0.44529760909577165,"Horvitz-Thompson(recency=10.0,delta=0.20)",HT,10.0,0.2,10,20,169,10000,,yes,0.035,0.9111475905555232
2850,0.5090818580646663,1.0662917568196788,0.5572098987550125,"Horvitz-Thompson(recency=10.0,delta=0.20)",HT,10.0,0.2,10,20,169,10000,,yes,0.035,0.9111475905555232
2851,0.5239524022329147,1.0072882060929484,0.4833358038600337,"Horvitz-Thompson(recency=10.0,delta=0.20)",HT,10.0,0.2,10,20,169,10000,,yes,0.035,0.9111475905555232
2852,0.5178026414049294,1.0601264591549273,0.5423238177499979,"Horvitz-Thompson(recency=10.0,delta=0.20)",HT,10.0,0.2,10,20,169,10000,,yes,0.035,0.9111475905555232
2853,0.5306093033191575,0.9547494762261167,0.42414017290695927,"Horvitz-Thompson(recency=10.0,delta=0.20)",HT,10.0,0.2,10,20,169,10000,,yes,0.035,0.9111475905555232
2854,0.5588351200331463,0.85954772293201,0.3007126028988637,"Horvitz-Thompson(recency=10.0,delta=0.20)",HT,10.0,0.2,10,20,169,10000,,yes,0.035,0.9111475905555232
2855,0.5428097658347019,0.9668411421213081,0.42403137628660625,"Horvitz-Thompson(recency=10.0,delta=0.20)",HT,10.0,0.2,10,20,169,10000,,yes,0.035,0.9111475905555232
2856,0.5218589489231005,1.05390169839345,0.5320427494703495,"Horvitz-Thompson(recency=10.0,delta=0.20)",HT,10.0,0.2,10,20,169,10000,,yes,0.035,0.9111475905555232
2857,0.4960046025375978,1.1005464300628283,0.6045418275252304,"Horvitz-Thompson(recency=10.0,delta=0.20)",HT,10.0,0.2,10,20,169,10000,,yes,0.035,0.9111475905555232
2858,0.5150241290183343,1.0453626782148693,0.530338549196535,"Horvitz-Thompson(recency=10.0,delta=0.20)",HT,10.0,0.2,10,20,169,10000,,yes,0.035,0.9111475905555232
2859,0.54198667792042,1.017885202467035,0.4758985245466151,"Horvitz-Thompson(recency=10.0,delta=0.20)",HT,10.0,0.2,10,20,169,10000,,yes,0.035,0.9111475905555232
2860,0.5184816798113632,0.9494105391165666,0.4309288593052034,"Horvitz-Thompson(recency=10.0,delta=0.20)",HT,10.0,0.2,10,20,169,10000,,yes,0.035,0.9111475905555232
2861,0.4955044994470971,1.0560977227545334,0.5605932233074362,"Horvitz-Thompson(recency=10.0,delta=0.20)",HT,10.0,0.2,10,20,169,10000,,yes,0.035,0.9111475905555232
2862,0.5069481166705625,1.0208620050141142,0.5139138883435517,"Horvitz-Thompson(recency=10.0,delta=0.20)",HT,10.0,0.2,10,20,169,10000,,yes,0.035,0.9111475905555232
2863,0.5463092363015436,0.9181162215296189,0.3718069852280753,"Horvitz-Thompson(recency=10.0,delta=0.20)",HT,10.0,0.2,10,20,169,10000,,yes,0.035,0.9111475905555232
2864,0.5057895322029516,1.0343627660885102,0.5285732338855585,"Horvitz-Thompson(recency=10.0,delta=0.20)",HT,10.0,0.2,10,20,169,10000,,yes,0.035,0.9111475905555232
2865,0.49528312981587597,0.970509417144495,0.47522628732861905,"Horvitz-Thompson(recency=10.0,delta=0.20)",HT,10.0,0.2,10,20,169,10000,,yes,0.035,0.9111475905555232
2866,0.49538023361666067,1.0690032712722686,0.573623037655608,"Horvitz-Thompson(recency=10.0,delta=0.20)",HT,10.0,0.2,10,20,169,10000,,yes,0.035,0.9111475905555232
2867,0.480164791798804,1.0245937112251466,0.5444289194263426,"Horvitz-Thompson(recency=10.0,delta=0.20)",HT,10.0,0.2,10,20,169,10000,,yes,0.035,0.9111475905555232
2868,0.4850130292404841,1.0642206291681913,0.5792075999277071,"Horvitz-Thompson(recency=10.0,delta=0.20)",HT,10.0,0.2,10,20,169,10000,,yes,0.035,0.9111475905555232
2869,0.505007403691384,0.9906432367263037,0.48563583303491975,"Horvitz-Thompson(recency=10.0,delta=0.20)",HT,10.0,0.2,10,20,169,10000,,yes,0.035,0.9111475905555232
2870,0.5306230843491843,0.959825732340755,0.4292026479915707,"Horvitz-Thompson(recency=10.0,delta=0.20)",HT,10.0,0.2,10,20,169,10000,,yes,0.035,0.9111475905555232
2871,0.534145015952365,0.9602956002167761,0.4261505842644111,"Horvitz-Thompson(recency=10.0,delta=0.20)",HT,10.0,0.2,10,20,169,10000,,yes,0.035,0.9111475905555232
2872,0.5509334261900783,0.9920948381746826,0.44116141198460423,"Horvitz-Thompson(recency=10.0,delta=0.20)",HT,10.0,0.2,10,20,169,10000,,yes,0.035,0.9111475905555232
2873,0.5387567488845182,0.9713745150803913,0.4326177661958731,"Horvitz-Thompson(recency=10.0,delta=0.20)",HT,10.0,0.2,10,20,169,10000,,yes,0.035,0.9111475905555232
2874,0.5303875431080516,0.9727955297120069,0.4424079866039553,"Horvitz-Thompson(recency=10.0,delta=0.20)",HT,10.0,0.2,10,20,169,10000,,yes,0.035,0.9111475905555232
2875,0.5086957872848518,0.9862626218965715,0.4775668346117198,"Horvitz-Thompson(recency=10.0,delta=0.20)",HT,10.0,0.2,10,20,169,10000,,yes,0.035,0.9111475905555232
2876,0.5464932434773657,0.8922731623353723,0.34577991885800663,"Horvitz-Thompson(recency=10.0,delta=0.20)",HT,10.0,0.2,10,20,169,10000,,yes,0.035,0.9111475905555232
2877,0.5267774829999805,1.0235303266968974,0.49675284369691686,"Horvitz-Thompson(recency=10.0,delta=0.20)",HT,10.0,0.2,10,20,169,10000,,yes,0.035,0.9111475905555232
2878,0.5390025339421132,0.9413391031819515,0.4023365692398383,"Horvitz-Thompson(recency=10.0,delta=0.20)",HT,10.0,0.2,10,20,169,10000,,yes,0.035,0.9111475905555232
2879,0.5315688814518588,0.9371408951807533,0.4055720137288945,"Horvitz-Thompson(recency=10.0,delta=0.20)",HT,10.0,0.2,10,20,169,10000,,yes,0.035,0.9111475905555232
2880,0.4897362862294639,1.001043984732601,0.5113076985031371,"Horvitz-Thompson(recency=10.0,delta=0.20)",HT,10.0,0.2,10,20,169,10000,,yes,0.035,0.9111475905555232
2881,0.5368798119201147,0.9546152737527774,0.41773546183266275,"Horvitz-Thompson(recency=10.0,delta=0.20)",HT,10.0,0.2,10,20,169,10000,,yes,0.035,0.9111475905555232
2882,0.5062520260006761,1.028158436851038,0.5219064108503618,"Horvitz-Thompson(recency=10.0,delta=0.20)",HT,10.0,0.2,10,20,169,10000,,yes,0.035,0.9111475905555232
2883,0.4819733799052953,1.0031811685741177,0.5212077886688223,"Horvitz-Thompson(recency=10.0,delta=0.20)",HT,10.0,0.2,10,20,169,10000,,yes,0.035,0.9111475905555232
2884,0.5118541870297689,0.9840131069000688,0.4721589198702999,"Horvitz-Thompson(recency=10.0,delta=0.20)",HT,10.0,0.2,10,20,169,10000,,yes,0.035,0.9111475905555232
2885,0.5411157936381641,0.9805523699414247,0.4394365763032606,"Horvitz-Thompson(recency=10.0,delta=0.20)",HT,10.0,0.2,10,20,169,10000,,yes,0.035,0.9111475905555232
2886,0.5292736838754647,1.0036800507770385,0.4744063669015738,"Horvitz-Thompson(recency=10.0,delta=0.20)",HT,10.0,0.2,10,20,169,10000,,yes,0.035,0.9111475905555232
2887,0.5109705013064996,0.9636403744078882,0.4526698731013886,"Horvitz-Thompson(recency=10.0,delta=0.20)",HT,10.0,0.2,10,20,169,10000,,yes,0.035,0.9111475905555232
2888,0.48933396589687067,1.0513824438591457,0.562048477962275,"Horvitz-Thompson(recency=10.0,delta=0.20)",HT,10.0,0.2,10,20,169,10000,,yes,0.035,0.9111475905555232
2889,0.5152357548220445,0.9830981062384699,0.4678623514164254,"Horvitz-Thompson(recency=10.0,delta=0.20)",HT,10.0,0.2,10,20,169,10000,,yes,0.035,0.9111475905555232
2890,0.5390938259284775,0.9554522083142695,0.4163583823857919,"Horvitz-Thompson(recency=10.0,delta=0.20)",HT,10.0,0.2,10,20,169,10000,,yes,0.035,0.9111475905555232
2891,0.51938517734068,1.0433158183888833,0.5239306410482033,"Horvitz-Thompson(recency=10.0,delta=0.20)",HT,10.0,0.2,10,20,169,10000,,yes,0.035,0.9111475905555232
2892,0.5257410331642846,1.0447176327144911,0.5189765995502066,"Horvitz-Thompson(recency=10.0,delta=0.20)",HT,10.0,0.2,10,20,169,10000,,yes,0.035,0.9111475905555232
2893,0.5141200094700753,0.9948713064254825,0.4807512969554072,"Horvitz-Thompson(recency=10.0,delta=0.20)",HT,10.0,0.2,10,20,169,10000,,yes,0.035,0.9111475905555232
2894,0.5354977435857856,0.9926880941233512,0.4571903505375656,"Horvitz-Thompson(recency=10.0,delta=0.20)",HT,10.0,0.2,10,20,169,10000,,yes,0.035,0.9111475905555232
2895,0.5117527208379339,0.9995896577948113,0.48783693695687746,"Horvitz-Thompson(recency=10.0,delta=0.20)",HT,10.0,0.2,10,20,169,10000,,yes,0.035,0.9111475905555232
2896,0.5286800854819059,1.0031868190579203,0.47450673357601436,"Horvitz-Thompson(recency=10.0,delta=0.20)",HT,10.0,0.2,10,20,169,10000,,yes,0.035,0.9111475905555232
2897,0.5543715084108914,0.9681748034479063,0.41380329503701485,"Horvitz-Thompson(recency=10.0,delta=0.20)",HT,10.0,0.2,10,20,169,10000,,yes,0.035,0.9111475905555232
2898,0.4795421388071089,1.0186241448954798,0.539082006088371,"Horvitz-Thompson(recency=10.0,delta=0.20)",HT,10.0,0.2,10,20,169,10000,,yes,0.035,0.9111475905555232
2899,0.510299226697326,0.9905964554701411,0.4802972287728151,"Horvitz-Thompson(recency=10.0,delta=0.20)",HT,10.0,0.2,10,20,169,10000,,yes,0.035,0.9111475905555232
2900,0.534702485409168,1.029280154241355,0.494577668832187,"Horvitz-Thompson(recency=10.0,delta=0.20)",HT,10.0,0.2,10,20,169,10000,,yes,0.035,0.9111475905555232
2901,0.5395547356590379,0.9449938292142847,0.40543909355524677,"Horvitz-Thompson(recency=10.0,delta=0.20)",HT,10.0,0.2,10,20,169,10000,,yes,0.035,0.9111475905555232
2902,0.4791911966013041,1.0140989224159245,0.5349077258146204,"Horvitz-Thompson(recency=10.0,delta=0.20)",HT,10.0,0.2,10,20,169,10000,,yes,0.035,0.9111475905555232
2903,0.5292738868403762,0.9772579913728893,0.44798410453251303,"Horvitz-Thompson(recency=10.0,delta=0.20)",HT,10.0,0.2,10,20,169,10000,,yes,0.035,0.9111475905555232
2904,0.5308467380666088,1.004868614783921,0.4740218767173122,"Horvitz-Thompson(recency=10.0,delta=0.20)",HT,10.0,0.2,10,20,169,10000,,yes,0.035,0.9111475905555232
2905,0.5049357341456358,1.0073295504130935,0.5023938162674577,"Horvitz-Thompson(recency=10.0,delta=0.20)",HT,10.0,0.2,10,20,169,10000,,yes,0.035,0.9111475905555232
2906,0.493831937228816,0.990733718574514,0.49690178134569796,"Horvitz-Thompson(recency=10.0,delta=0.20)",HT,10.0,0.2,10,20,169,10000,,yes,0.035,0.9111475905555232
2907,0.5143760705046804,1.0291436426302747,0.5147675721255943,"Horvitz-Thompson(recency=10.0,delta=0.20)",HT,10.0,0.2,10,20,169,10000,,yes,0.035,0.9111475905555232
2908,0.508671078390561,0.9708145279975833,0.46214344960702225,"Horvitz-Thompson(recency=10.0,delta=0.20)",HT,10.0,0.2,10,20,169,10000,,yes,0.035,0.9111475905555232
2909,0.5136694166139825,0.9830987351582675,0.46942931854428505,"Horvitz-Thompson(recency=10.0,delta=0.20)",HT,10.0,0.2,10,20,169,10000,,yes,0.035,0.9111475905555232
2910,0.47752071288461995,1.0119018316667614,0.5343811187821415,"Horvitz-Thompson(recency=10.0,delta=0.20)",HT,10.0,0.2,10,20,169,10000,,yes,0.035,0.9111475905555232
2911,0.5092537729149093,1.014799736498547,0.5055459635836378,"Horvitz-Thompson(recency=10.0,delta=0.20)",HT,10.0,0.2,10,20,169,10000,,yes,0.035,0.9111475905555232
2912,0.5496607681338755,0.9905254767203896,0.44086470858651405,"Horvitz-Thompson(recency=10.0,delta=0.20)",HT,10.0,0.2,10,20,169,10000,,yes,0.035,0.9111475905555232
2913,0.5612419229604255,0.9618942207506829,0.40065229779025735,"Horvitz-Thompson(recency=10.0,delta=0.20)",HT,10.0,0.2,10,20,169,10000,,yes,0.035,0.9111475905555232
2914,0.5175642153706184,1.0008481392513873,0.4832839238807689,"Horvitz-Thompson(recency=10.0,delta=0.20)",HT,10.0,0.2,10,20,169,10000,,yes,0.035,0.9111475905555232
2915,0.5183776781158965,1.0531753652099718,0.5347976870940753,"Horvitz-Thompson(recency=10.0,delta=0.20)",HT,10.0,0.2,10,20,169,10000,,yes,0.035,0.9111475905555232
2916,0.5485951419245053,0.9914290096199074,0.4428338676954021,"Horvitz-Thompson(recency=10.0,delta=0.20)",HT,10.0,0.2,10,20,169,10000,,yes,0.035,0.9111475905555232
2917,0.5192070540311293,1.042088035939745,0.5228809819086158,"Horvitz-Thompson(recency=10.0,delta=0.20)",HT,10.0,0.2,10,20,169,10000,,yes,0.035,0.9111475905555232
2918,0.5021358602972557,0.9916270198285561,0.4894911595313004,"Horvitz-Thompson(recency=10.0,delta=0.20)",HT,10.0,0.2,10,20,169,10000,,yes,0.035,0.9111475905555232
2919,0.5565394392849383,0.9651586896157052,0.40861925033076685,"Horvitz-Thompson(recency=10.0,delta=0.20)",HT,10.0,0.2,10,20,169,10000,,yes,0.035,0.9111475905555232
2920,0.4616033098387506,1.1125353822761077,0.6509320724373571,"Horvitz-Thompson(recency=10.0,delta=0.20)",HT,10.0,0.2,10,20,169,10000,,yes,0.035,0.9111475905555232
2921,0.507527441803849,1.0486178878851595,0.5410904460813105,"Horvitz-Thompson(recency=10.0,delta=0.20)",HT,10.0,0.2,10,20,169,10000,,yes,0.035,0.9111475905555232
2922,0.4694761985479834,1.0290727165123592,0.5595965179643758,"Horvitz-Thompson(recency=10.0,delta=0.20)",HT,10.0,0.2,10,20,169,10000,,yes,0.035,0.9111475905555232
2923,0.524745939670492,1.0084313359309682,0.48368539626047624,"Horvitz-Thompson(recency=10.0,delta=0.20)",HT,10.0,0.2,10,20,169,10000,,yes,0.035,0.9111475905555232
2924,0.4823905376520628,1.0837984243849037,0.601407886732841,"Horvitz-Thompson(recency=10.0,delta=0.20)",HT,10.0,0.2,10,20,169,10000,,yes,0.035,0.9111475905555232
2925,0.5180709271951246,0.9979507177664777,0.4798797905713531,"Horvitz-Thompson(recency=10.0,delta=0.20)",HT,10.0,0.2,10,20,169,10000,,yes,0.035,0.9111475905555232
2926,0.5341319171173703,1.0081450145559703,0.4740130974386,"Horvitz-Thompson(recency=10.0,delta=0.20)",HT,10.0,0.2,10,20,169,10000,,yes,0.035,0.9111475905555232
2927,0.5480487962429267,0.9071986098480883,0.3591498136051616,"Horvitz-Thompson(recency=10.0,delta=0.20)",HT,10.0,0.2,10,20,169,10000,,yes,0.035,0.9111475905555232
2928,0.5724754673538585,0.9452529489225053,0.3727774815686469,"Horvitz-Thompson(recency=10.0,delta=0.20)",HT,10.0,0.2,10,20,169,10000,,yes,0.035,0.9111475905555232
2929,0.518386856724923,1.0084750956129886,0.49008823888806563,"Horvitz-Thompson(recency=10.0,delta=0.20)",HT,10.0,0.2,10,20,169,10000,,yes,0.035,0.9111475905555232
2930,0.5362175378916731,1.0284046023653302,0.492187064473657,"Horvitz-Thompson(recency=10.0,delta=0.20)",HT,10.0,0.2,10,20,169,10000,,yes,0.035,0.9111475905555232
2931,0.5276255965972907,0.9743947787268421,0.4467691821295514,"Horvitz-Thompson(recency=10.0,delta=0.20)",HT,10.0,0.2,10,20,169,10000,,yes,0.035,0.9111475905555232
2932,0.5170494964896787,1.0039573821280616,0.48690788563838294,"Horvitz-Thompson(recency=10.0,delta=0.20)",HT,10.0,0.2,10,20,169,10000,,yes,0.035,0.9111475905555232
2933,0.5232609244472831,0.9926313598320127,0.46937043538472956,"Horvitz-Thompson(recency=10.0,delta=0.20)",HT,10.0,0.2,10,20,169,10000,,yes,0.035,0.9111475905555232
2934,0.5214696970170245,1.0585948588601746,0.5371251618431501,"Horvitz-Thompson(recency=10.0,delta=0.20)",HT,10.0,0.2,10,20,169,10000,,yes,0.035,0.9111475905555232
2935,0.5292559566419445,0.9479673813926622,0.41871142475071776,"Horvitz-Thompson(recency=10.0,delta=0.20)",HT,10.0,0.2,10,20,169,10000,,yes,0.035,0.9111475905555232
2936,0.49901872089495375,0.9917410489091649,0.4927223280142112,"Horvitz-Thompson(recency=10.0,delta=0.20)",HT,10.0,0.2,10,20,169,10000,,yes,0.035,0.9111475905555232
2937,0.5131721494157959,0.9797148442623378,0.46654269484654187,"Horvitz-Thompson(recency=10.0,delta=0.20)",HT,10.0,0.2,10,20,169,10000,,yes,0.035,0.9111475905555232
2938,0.5612083487739884,0.9661597588825347,0.4049514101085463,"Horvitz-Thompson(recency=10.0,delta=0.20)",HT,10.0,0.2,10,20,169,10000,,yes,0.035,0.9111475905555232
2939,0.5058422973117832,1.030223337139913,0.5243810398281298,"Horvitz-Thompson(recency=10.0,delta=0.20)",HT,10.0,0.2,10,20,169,10000,,yes,0.035,0.9111475905555232
2940,0.5459551387597378,0.9900885617856658,0.44413342302592806,"Horvitz-Thompson(recency=10.0,delta=0.20)",HT,10.0,0.2,10,20,169,10000,,yes,0.035,0.9111475905555232
2941,0.5296766235866341,0.9402535179518814,0.41057689436524725,"Horvitz-Thompson(recency=10.0,delta=0.20)",HT,10.0,0.2,10,20,169,10000,,yes,0.035,0.9111475905555232
2942,0.5326331320542405,1.0009359140094398,0.46830278195519937,"Horvitz-Thompson(recency=10.0,delta=0.20)",HT,10.0,0.2,10,20,169,10000,,yes,0.035,0.9111475905555232
2943,0.5205756883437472,0.9796099095419201,0.45903422119817283,"Horvitz-Thompson(recency=10.0,delta=0.20)",HT,10.0,0.2,10,20,169,10000,,yes,0.035,0.9111475905555232
2944,0.5271522080728734,0.9578779099463578,0.43072570187348436,"Horvitz-Thompson(recency=10.0,delta=0.20)",HT,10.0,0.2,10,20,169,10000,,yes,0.035,0.9111475905555232
2945,0.5525471045036944,0.8926015596801055,0.3400544551764111,"Horvitz-Thompson(recency=10.0,delta=0.20)",HT,10.0,0.2,10,20,169,10000,,yes,0.035,0.9111475905555232
2946,0.5160583428042681,0.9774916345818166,0.46143329177754855,"Horvitz-Thompson(recency=10.0,delta=0.20)",HT,10.0,0.2,10,20,169,10000,,yes,0.035,0.9111475905555232
2947,0.5266677381126887,0.9625040992992442,0.43583636118655544,"Horvitz-Thompson(recency=10.0,delta=0.20)",HT,10.0,0.2,10,20,169,10000,,yes,0.035,0.9111475905555232
2948,0.5867460386916105,0.9652442249404357,0.37849818624882525,"Horvitz-Thompson(recency=10.0,delta=0.20)",HT,10.0,0.2,10,20,169,10000,,yes,0.035,0.9111475905555232
2949,0.5454191290134448,0.9505952242415904,0.40517609522814557,"Horvitz-Thompson(recency=10.0,delta=0.20)",HT,10.0,0.2,10,20,169,10000,,yes,0.035,0.9111475905555232
2950,0.5127642003650031,1.0359633395627266,0.5231991391977234,"Horvitz-Thompson(recency=10.0,delta=0.20)",HT,10.0,0.2,10,20,169,10000,,yes,0.035,0.9111475905555232
2951,0.5091748245677705,1.0448516295802788,0.5356768050125083,"Horvitz-Thompson(recency=10.0,delta=0.20)",HT,10.0,0.2,10,20,169,10000,,yes,0.035,0.9111475905555232
2952,0.5064051081035297,1.0519192761165752,0.5455141680130455,"Horvitz-Thompson(recency=10.0,delta=0.20)",HT,10.0,0.2,10,20,169,10000,,yes,0.035,0.9111475905555232
2953,0.5053948453818942,1.0167981438623372,0.5114032984804431,"Horvitz-Thompson(recency=10.0,delta=0.20)",HT,10.0,0.2,10,20,169,10000,,yes,0.035,0.9111475905555232
2954,0.559854930043576,0.9156211564751418,0.35576622643156575,"Horvitz-Thompson(recency=10.0,delta=0.20)",HT,10.0,0.2,10,20,169,10000,,yes,0.035,0.9111475905555232
2955,0.5266018473984461,0.9852883194590896,0.4586864720606435,"Horvitz-Thompson(recency=10.0,delta=0.20)",HT,10.0,0.2,10,20,169,10000,,yes,0.035,0.9111475905555232
2956,0.520799035708559,0.9792971123745156,0.45849807666595654,"Horvitz-Thompson(recency=10.0,delta=0.20)",HT,10.0,0.2,10,20,169,10000,,yes,0.035,0.9111475905555232
2957,0.536731594687673,0.9448221681918371,0.4080905735041641,"Horvitz-Thompson(recency=10.0,delta=0.20)",HT,10.0,0.2,10,20,169,10000,,yes,0.035,0.9111475905555232
2958,0.5171365727387323,1.0148571890350049,0.4977206162962726,"Horvitz-Thompson(recency=10.0,delta=0.20)",HT,10.0,0.2,10,20,169,10000,,yes,0.035,0.9111475905555232
2959,0.4756255813578649,1.0260711145066757,0.5504455331488107,"Horvitz-Thompson(recency=10.0,delta=0.20)",HT,10.0,0.2,10,20,169,10000,,yes,0.035,0.9111475905555232
2960,0.5133392698364876,1.0179931252128664,0.5046538553763789,"Horvitz-Thompson(recency=10.0,delta=0.20)",HT,10.0,0.2,10,20,169,10000,,yes,0.035,0.9111475905555232
2961,0.5246683841575706,0.9892737375623188,0.4646053534047483,"Horvitz-Thompson(recency=10.0,delta=0.20)",HT,10.0,0.2,10,20,169,10000,,yes,0.035,0.9111475905555232
2962,0.505420052272423,1.0122116489751631,0.5067915967027401,"Horvitz-Thompson(recency=10.0,delta=0.20)",HT,10.0,0.2,10,20,169,10000,,yes,0.035,0.9111475905555232
2963,0.534407855189132,0.9451284813746759,0.41072062618554384,"Horvitz-Thompson(recency=10.0,delta=0.20)",HT,10.0,0.2,10,20,169,10000,,yes,0.035,0.9111475905555232
2964,0.5285696433026764,0.8985283942278337,0.3699587509251573,"Horvitz-Thompson(recency=10.0,delta=0.20)",HT,10.0,0.2,10,20,169,10000,,yes,0.035,0.9111475905555232
2965,0.5309735945361597,0.9262460335044804,0.39527243896832076,"Horvitz-Thompson(recency=10.0,delta=0.20)",HT,10.0,0.2,10,20,169,10000,,yes,0.035,0.9111475905555232
2966,0.5541282437351184,0.9701816629547247,0.41605341921960637,"Horvitz-Thompson(recency=10.0,delta=0.20)",HT,10.0,0.2,10,20,169,10000,,yes,0.035,0.9111475905555232
2967,0.47247302356272836,1.0907728415513922,0.6182998179886638,"Horvitz-Thompson(recency=10.0,delta=0.20)",HT,10.0,0.2,10,20,169,10000,,yes,0.035,0.9111475905555232
2968,0.5373916438070402,0.9869394485998882,0.44954780479284806,"Horvitz-Thompson(recency=10.0,delta=0.20)",HT,10.0,0.2,10,20,169,10000,,yes,0.035,0.9111475905555232
2969,0.4909687717193183,1.0674658718095325,0.5764971000902142,"Horvitz-Thompson(recency=10.0,delta=0.20)",HT,10.0,0.2,10,20,169,10000,,yes,0.035,0.9111475905555232
2970,0.5431436554793191,0.9776382056774371,0.434494550198118,"Horvitz-Thompson(recency=10.0,delta=0.20)",HT,10.0,0.2,10,20,169,10000,,yes,0.035,0.9111475905555232
2971,0.5484034762232844,0.9592585122563012,0.41085503603301676,"Horvitz-Thompson(recency=10.0,delta=0.20)",HT,10.0,0.2,10,20,169,10000,,yes,0.035,0.9111475905555232
2972,0.5212906040889869,0.9874720338187822,0.46618142972979537,"Horvitz-Thompson(recency=10.0,delta=0.20)",HT,10.0,0.2,10,20,169,10000,,yes,0.035,0.9111475905555232
2973,0.5025366594429637,1.0551293955420957,0.5525927360991321,"Horvitz-Thompson(recency=10.0,delta=0.20)",HT,10.0,0.2,10,20,169,10000,,yes,0.035,0.9111475905555232
2974,0.5281370658544925,1.0169854989773859,0.4888484331228934,"Horvitz-Thompson(recency=10.0,delta=0.20)",HT,10.0,0.2,10,20,169,10000,,yes,0.035,0.9111475905555232
2975,0.5209528427592375,1.0149287940104077,0.4939759512511702,"Horvitz-Thompson(recency=10.0,delta=0.20)",HT,10.0,0.2,10,20,169,10000,,yes,0.035,0.9111475905555232
2976,0.5184427681365836,1.0038656774902914,0.4854229093537078,"Horvitz-Thompson(recency=10.0,delta=0.20)",HT,10.0,0.2,10,20,169,10000,,yes,0.035,0.9111475905555232
2977,0.5191663911722468,0.9407137989228658,0.42154740775061894,"Horvitz-Thompson(recency=10.0,delta=0.20)",HT,10.0,0.2,10,20,169,10000,,yes,0.035,0.9111475905555232
2978,0.5304979184527221,1.0481122868135693,0.5176143683608472,"Horvitz-Thompson(recency=10.0,delta=0.20)",HT,10.0,0.2,10,20,169,10000,,yes,0.035,0.9111475905555232
2979,0.5109143892765976,0.9795296478143489,0.4686152585377513,"Horvitz-Thompson(recency=10.0,delta=0.20)",HT,10.0,0.2,10,20,169,10000,,yes,0.035,0.9111475905555232
2980,0.5024131760417189,0.9410251962623245,0.43861202022060564,"Horvitz-Thompson(recency=10.0,delta=0.20)",HT,10.0,0.2,10,20,169,10000,,yes,0.035,0.9111475905555232
2981,0.5090870507220078,1.015569383462096,0.5064823327400882,"Horvitz-Thompson(recency=10.0,delta=0.20)",HT,10.0,0.2,10,20,169,10000,,yes,0.035,0.9111475905555232
2982,0.5063749159930151,0.9876457044598173,0.48127078846680216,"Horvitz-Thompson(recency=10.0,delta=0.20)",HT,10.0,0.2,10,20,169,10000,,yes,0.035,0.9111475905555232
2983,0.5085266107855376,0.9581798058890967,0.44965319510355906,"Horvitz-Thompson(recency=10.0,delta=0.20)",HT,10.0,0.2,10,20,169,10000,,yes,0.035,0.9111475905555232
2984,0.5189891890068127,0.9902272872372474,0.4712380982304347,"Horvitz-Thompson(recency=10.0,delta=0.20)",HT,10.0,0.2,10,20,169,10000,,yes,0.035,0.9111475905555232
2985,0.532921831207907,0.9649744392930053,0.43205260808509827,"Horvitz-Thompson(recency=10.0,delta=0.20)",HT,10.0,0.2,10,20,169,10000,,yes,0.035,0.9111475905555232
2986,0.5463052678908628,0.9913274826433223,0.4450222147524595,"Horvitz-Thompson(recency=10.0,delta=0.20)",HT,10.0,0.2,10,20,169,10000,,yes,0.035,0.9111475905555232
2987,0.5268903291932585,0.9726199435891889,0.4457296143959304,"Horvitz-Thompson(recency=10.0,delta=0.20)",HT,10.0,0.2,10,20,169,10000,,yes,0.035,0.9111475905555232
2988,0.5233982091164571,1.0070133982201108,0.48361518910365375,"Horvitz-Thompson(recency=10.0,delta=0.20)",HT,10.0,0.2,10,20,169,10000,,yes,0.035,0.9111475905555232
2989,0.5388929374792317,0.9367404308604143,0.3978474933811825,"Horvitz-Thompson(recency=10.0,delta=0.20)",HT,10.0,0.2,10,20,169,10000,,yes,0.035,0.9111475905555232
2990,0.5165869779423184,1.0033178259890085,0.4867308480466901,"Horvitz-Thompson(recency=10.0,delta=0.20)",HT,10.0,0.2,10,20,169,10000,,yes,0.035,0.9111475905555232
2991,0.530047586348942,1.0018934661608625,0.4718458798119205,"Horvitz-Thompson(recency=10.0,delta=0.20)",HT,10.0,0.2,10,20,169,10000,,yes,0.035,0.9111475905555232
2992,0.5361393760403129,0.9242576492129453,0.38811827317263237,"Horvitz-Thompson(recency=10.0,delta=0.20)",HT,10.0,0.2,10,20,169,10000,,yes,0.035,0.9111475905555232
2993,0.5621670779182006,1.0045601139255849,0.4423930360073842,"Horvitz-Thompson(recency=10.0,delta=0.20)",HT,10.0,0.2,10,20,169,10000,,yes,0.035,0.9111475905555232
2994,0.5367602027987143,0.8929869105232228,0.3562267077245085,"Horvitz-Thompson(recency=10.0,delta=0.20)",HT,10.0,0.2,10,20,169,10000,,yes,0.035,0.9111475905555232
2995,0.5314037084666824,0.944653066327671,0.4132493578609886,"Horvitz-Thompson(recency=10.0,delta=0.20)",HT,10.0,0.2,10,20,169,10000,,yes,0.035,0.9111475905555232
2996,0.47915504948099485,0.9784419459623056,0.49928689648131075,"Horvitz-Thompson(recency=10.0,delta=0.20)",HT,10.0,0.2,10,20,169,10000,,yes,0.035,0.9111475905555232
2997,0.5091995293106167,1.0156674602444946,0.5064679309338779,"Horvitz-Thompson(recency=10.0,delta=0.20)",HT,10.0,0.2,10,20,169,10000,,yes,0.035,0.9111475905555232
2998,0.5172001409958285,0.9736439792534046,0.4564438382575762,"Horvitz-Thompson(recency=10.0,delta=0.20)",HT,10.0,0.2,10,20,169,10000,,yes,0.035,0.9111475905555232
2999,0.5377723792724843,0.9274370466025041,0.3896646673300198,"Horvitz-Thompson(recency=10.0,delta=0.20)",HT,10.0,0.2,10,20,169,10000,,yes,0.035,0.9111475905555232
3000,0.5182474896899515,0.9894127325659366,0.47116524287598516,"Hajek(recency=10.0,delta=0.20)",Hajek,10.0,0.2,10,20,169,10000,,yes,0.035,0.9111475905555232
3001,0.5224785987524474,1.0057249528431853,0.4832463540907379,"Hajek(recency=10.0,delta=0.20)",Hajek,10.0,0.2,10,20,169,10000,,yes,0.035,0.9111475905555232
3002,0.5248379786461922,1.0017293936336784,0.4768914149874862,"Hajek(recency=10.0,delta=0.20)",Hajek,10.0,0.2,10,20,169,10000,,yes,0.035,0.9111475905555232
3003,0.5221487863904974,0.9982853230384443,0.47613653664794686,"Hajek(recency=10.0,delta=0.20)",Hajek,10.0,0.2,10,20,169,10000,,yes,0.035,0.9111475905555232
3004,0.5214686924082941,0.9985220962995807,0.4770534038912866,"Hajek(recency=10.0,delta=0.20)",Hajek,10.0,0.2,10,20,169,10000,,yes,0.035,0.9111475905555232
3005,0.5255787033052033,1.009622011478603,0.4840433081733997,"Hajek(recency=10.0,delta=0.20)",Hajek,10.0,0.2,10,20,169,10000,,yes,0.035,0.9111475905555232
3006,0.522032540315432,0.9910850544372959,0.4690525141218639,"Hajek(recency=10.0,delta=0.20)",Hajek,10.0,0.2,10,20,169,10000,,yes,0.035,0.9111475905555232
3007,0.5204194562271808,1.0045653899031342,0.4841459336759534,"Hajek(recency=10.0,delta=0.20)",Hajek,10.0,0.2,10,20,169,10000,,yes,0.035,0.9111475905555232
3008,0.5187175271347381,0.9973573561580101,0.47863982902327207,"Hajek(recency=10.0,delta=0.20)",Hajek,10.0,0.2,10,20,169,10000,,yes,0.035,0.9111475905555232
3009,0.5268712304617255,1.0065313367877649,0.4796601063260394,"Hajek(recency=10.0,delta=0.20)",Hajek,10.0,0.2,10,20,169,10000,,yes,0.035,0.9111475905555232
3010,0.5299511499696997,0.9890326969443866,0.45908154697468684,"Hajek(recency=10.0,delta=0.20)",Hajek,10.0,0.2,10,20,169,10000,,yes,0.035,0.9111475905555232
3011,0.5251353333466098,0.9995457658252835,0.47441043247867376,"Hajek(recency=10.0,delta=0.20)",Hajek,10.0,0.2,10,20,169,10000,,yes,0.035,0.9111475905555232
3012,0.5269927864303745,0.9870023189457388,0.46000953251536425,"Hajek(recency=10.0,delta=0.20)",Hajek,10.0,0.2,10,20,169,10000,,yes,0.035,0.9111475905555232
3013,0.5206775172080258,1.0028522159474353,0.48217469873940955,"Hajek(recency=10.0,delta=0.20)",Hajek,10.0,0.2,10,20,169,10000,,yes,0.035,0.9111475905555232
3014,0.5248646535621866,0.9931680916330876,0.468303438070901,"Hajek(recency=10.0,delta=0.20)",Hajek,10.0,0.2,10,20,169,10000,,yes,0.035,0.9111475905555232
3015,0.5228997001070812,0.9997605780191211,0.4768608779120399,"Hajek(recency=10.0,delta=0.20)",Hajek,10.0,0.2,10,20,169,10000,,yes,0.035,0.9111475905555232
3016,0.5222255847173488,0.9866522917860163,0.4644267070686675,"Hajek(recency=10.0,delta=0.20)",Hajek,10.0,0.2,10,20,169,10000,,yes,0.035,0.9111475905555232
3017,0.5214427536234474,0.9914956194348657,0.47005286581141836,"Hajek(recency=10.0,delta=0.20)",Hajek,10.0,0.2,10,20,169,10000,,yes,0.035,0.9111475905555232
3018,0.5259902762515501,0.9972653069989222,0.4712750307473721,"Hajek(recency=10.0,delta=0.20)",Hajek,10.0,0.2,10,20,169,10000,,yes,0.035,0.9111475905555232
3019,0.5246453276546011,0.996330576914602,0.4716852492600009,"Hajek(recency=10.0,delta=0.20)",Hajek,10.0,0.2,10,20,169,10000,,yes,0.035,0.9111475905555232
3020,0.5213380910159596,0.9963162681329651,0.4749781771170055,"Hajek(recency=10.0,delta=0.20)",Hajek,10.0,0.2,10,20,169,10000,,yes,0.035,0.9111475905555232
3021,0.5165574294554471,0.9968911653029028,0.48033373584745565,"Hajek(recency=10.0,delta=0.20)",Hajek,10.0,0.2,10,20,169,10000,,yes,0.035,0.9111475905555232
3022,0.5163310995968071,0.9954094271129935,0.4790783275161864,"Hajek(recency=10.0,delta=0.20)",Hajek,10.0,0.2,10,20,169,10000,,yes,0.035,0.9111475905555232
3023,0.5260406959031079,1.0028097111629588,0.47676901525985094,"Hajek(recency=10.0,delta=0.20)",Hajek,10.0,0.2,10,20,169,10000,,yes,0.035,0.9111475905555232
3024,0.5266848670047551,0.9757380408848594,0.44905317388010424,"Hajek(recency=10.0,delta=0.20)",Hajek,10.0,0.2,10,20,169,10000,,yes,0.035,0.9111475905555232
3025,0.5310213876776687,0.9932757035068637,0.46225431582919496,"Hajek(recency=10.0,delta=0.20)",Hajek,10.0,0.2,10,20,169,10000,,yes,0.035,0.9111475905555232
3026,0.5299500049596161,0.9930719310853648,0.46312192612574876,"Hajek(recency=10.0,delta=0.20)",Hajek,10.0,0.2,10,20,169,10000,,yes,0.035,0.9111475905555232
3027,0.5227754385476963,0.987070220909216,0.4642947823615198,"Hajek(recency=10.0,delta=0.20)",Hajek,10.0,0.2,10,20,169,10000,,yes,0.035,0.9111475905555232
3028,0.5273719388500312,0.9825906821181067,0.45521874326807554,"Hajek(recency=10.0,delta=0.20)",Hajek,10.0,0.2,10,20,169,10000,,yes,0.035,0.9111475905555232
3029,0.5246681665528706,0.9912295648997738,0.46656139834690313,"Hajek(recency=10.0,delta=0.20)",Hajek,10.0,0.2,10,20,169,10000,,yes,0.035,0.9111475905555232
3030,0.5276169297410045,0.9778144311517593,0.45019750141075476,"Hajek(recency=10.0,delta=0.20)",Hajek,10.0,0.2,10,20,169,10000,,yes,0.035,0.9111475905555232
3031,0.5251421565441613,1.0000780153602862,0.4749358588161249,"Hajek(recency=10.0,delta=0.20)",Hajek,10.0,0.2,10,20,169,10000,,yes,0.035,0.9111475905555232
3032,0.520651048460325,1.003043526293731,0.482392477833406,"Hajek(recency=10.0,delta=0.20)",Hajek,10.0,0.2,10,20,169,10000,,yes,0.035,0.9111475905555232
3033,0.5181731182740344,0.9934630473209017,0.4752899290468673,"Hajek(recency=10.0,delta=0.20)",Hajek,10.0,0.2,10,20,169,10000,,yes,0.035,0.9111475905555232
3034,0.5273875558906772,1.0019575866932329,0.47457003080255566,"Hajek(recency=10.0,delta=0.20)",Hajek,10.0,0.2,10,20,169,10000,,yes,0.035,0.9111475905555232
3035,0.5199478980709548,0.9958621553483151,0.47591425727736036,"Hajek(recency=10.0,delta=0.20)",Hajek,10.0,0.2,10,20,169,10000,,yes,0.035,0.9111475905555232
3036,0.5250956290782653,1.0043282562927363,0.4792326272144709,"Hajek(recency=10.0,delta=0.20)",Hajek,10.0,0.2,10,20,169,10000,,yes,0.035,0.9111475905555232
3037,0.5234917518168403,0.9962874733882567,0.47279572157141647,"Hajek(recency=10.0,delta=0.20)",Hajek,10.0,0.2,10,20,169,10000,,yes,0.035,0.9111475905555232
3038,0.5208162521048462,0.9944731781874931,0.473656926082647,"Hajek(recency=10.0,delta=0.20)",Hajek,10.0,0.2,10,20,169,10000,,yes,0.035,0.9111475905555232
3039,0.5272594135207919,0.9932780966023312,0.4660186830815394,"Hajek(recency=10.0,delta=0.20)",Hajek,10.0,0.2,10,20,169,10000,,yes,0.035,0.9111475905555232
3040,0.5224620899356276,0.9902871789489003,0.4678250890132727,"Hajek(recency=10.0,delta=0.20)",Hajek,10.0,0.2,10,20,169,10000,,yes,0.035,0.9111475905555232
3041,0.524815587541734,0.9978807518685321,0.4730651643267981,"Hajek(recency=10.0,delta=0.20)",Hajek,10.0,0.2,10,20,169,10000,,yes,0.035,0.9111475905555232
3042,0.5238086860276148,1.0059299106697785,0.4821212246421638,"Hajek(recency=10.0,delta=0.20)",Hajek,10.0,0.2,10,20,169,10000,,yes,0.035,0.9111475905555232
3043,0.5274486543734952,1.0091736406672505,0.48172498629375526,"Hajek(recency=10.0,delta=0.20)",Hajek,10.0,0.2,10,20,169,10000,,yes,0.035,0.9111475905555232
3044,0.5255323242414357,0.9943259843210952,0.4687936600796595,"Hajek(recency=10.0,delta=0.20)",Hajek,10.0,0.2,10,20,169,10000,,yes,0.035,0.9111475905555232
3045,0.5203825725205268,1.0076713738787115,0.48728880135818475,"Hajek(recency=10.0,delta=0.20)",Hajek,10.0,0.2,10,20,169,10000,,yes,0.035,0.9111475905555232
3046,0.526613849049468,0.9989476567221663,0.4723338076726984,"Hajek(recency=10.0,delta=0.20)",Hajek,10.0,0.2,10,20,169,10000,,yes,0.035,0.9111475905555232
3047,0.5196774799694533,0.9916774269073267,0.4719999469378734,"Hajek(recency=10.0,delta=0.20)",Hajek,10.0,0.2,10,20,169,10000,,yes,0.035,0.9111475905555232
3048,0.5265992721781796,1.0079172123573845,0.48131794017920493,"Hajek(recency=10.0,delta=0.20)",Hajek,10.0,0.2,10,20,169,10000,,yes,0.035,0.9111475905555232
3049,0.5209941011865755,0.9852677490872036,0.4642736479006281,"Hajek(recency=10.0,delta=0.20)",Hajek,10.0,0.2,10,20,169,10000,,yes,0.035,0.9111475905555232
3050,0.5205318306518096,1.0053884034913116,0.484856572839502,"Hajek(recency=10.0,delta=0.20)",Hajek,10.0,0.2,10,20,169,10000,,yes,0.035,0.9111475905555232
3051,0.522646032378171,1.0008077820290575,0.47816174965088654,"Hajek(recency=10.0,delta=0.20)",Hajek,10.0,0.2,10,20,169,10000,,yes,0.035,0.9111475905555232
3052,0.5252825938024596,0.9952181102462022,0.46993551644374265,"Hajek(recency=10.0,delta=0.20)",Hajek,10.0,0.2,10,20,169,10000,,yes,0.035,0.9111475905555232
3053,0.5163385529473125,0.9957521341276215,0.4794135811803091,"Hajek(recency=10.0,delta=0.20)",Hajek,10.0,0.2,10,20,169,10000,,yes,0.035,0.9111475905555232
3054,0.525602703417795,0.9916342646990789,0.46603156128128387,"Hajek(recency=10.0,delta=0.20)",Hajek,10.0,0.2,10,20,169,10000,,yes,0.035,0.9111475905555232
3055,0.5262851344434567,0.9893963981778437,0.46311126373438705,"Hajek(recency=10.0,delta=0.20)",Hajek,10.0,0.2,10,20,169,10000,,yes,0.035,0.9111475905555232
3056,0.5274901377652511,0.9901196054733056,0.46262946770805446,"Hajek(recency=10.0,delta=0.20)",Hajek,10.0,0.2,10,20,169,10000,,yes,0.035,0.9111475905555232
3057,0.523862957791046,0.9873487428082859,0.4634857850172399,"Hajek(recency=10.0,delta=0.20)",Hajek,10.0,0.2,10,20,169,10000,,yes,0.035,0.9111475905555232
3058,0.527279544429206,0.9976331577292462,0.4703536133000402,"Hajek(recency=10.0,delta=0.20)",Hajek,10.0,0.2,10,20,169,10000,,yes,0.035,0.9111475905555232
3059,0.5208856452516288,0.982054885113397,0.46116923986176817,"Hajek(recency=10.0,delta=0.20)",Hajek,10.0,0.2,10,20,169,10000,,yes,0.035,0.9111475905555232
3060,0.5175144255939785,1.007906750660425,0.49039232506644637,"Hajek(recency=10.0,delta=0.20)",Hajek,10.0,0.2,10,20,169,10000,,yes,0.035,0.9111475905555232
3061,0.5251826746963801,0.9843348364812285,0.4591521617848484,"Hajek(recency=10.0,delta=0.20)",Hajek,10.0,0.2,10,20,169,10000,,yes,0.035,0.9111475905555232
3062,0.5192125978547336,0.989207800644844,0.4699952027901104,"Hajek(recency=10.0,delta=0.20)",Hajek,10.0,0.2,10,20,169,10000,,yes,0.035,0.9111475905555232
3063,0.5263778973839112,0.9894277411786108,0.4630498437946996,"Hajek(recency=10.0,delta=0.20)",Hajek,10.0,0.2,10,20,169,10000,,yes,0.035,0.9111475905555232
3064,0.5211332793143781,1.0112178461398806,0.4900845668255025,"Hajek(recency=10.0,delta=0.20)",Hajek,10.0,0.2,10,20,169,10000,,yes,0.035,0.9111475905555232
3065,0.525442896216809,0.9891760434939704,0.4637331472771614,"Hajek(recency=10.0,delta=0.20)",Hajek,10.0,0.2,10,20,169,10000,,yes,0.035,0.9111475905555232
3066,0.5202921721774647,1.0031516484135463,0.4828594762360816,"Hajek(recency=10.0,delta=0.20)",Hajek,10.0,0.2,10,20,169,10000,,yes,0.035,0.9111475905555232
3067,0.5221013771668385,0.9924837496503593,0.4703823724835209,"Hajek(recency=10.0,delta=0.20)",Hajek,10.0,0.2,10,20,169,10000,,yes,0.035,0.9111475905555232
3068,0.5181704634491419,0.9903998180905165,0.4722293546413746,"Hajek(recency=10.0,delta=0.20)",Hajek,10.0,0.2,10,20,169,10000,,yes,0.035,0.9111475905555232
3069,0.5267170841845533,0.9958043158357781,0.4690872316512248,"Hajek(recency=10.0,delta=0.20)",Hajek,10.0,0.2,10,20,169,10000,,yes,0.035,0.9111475905555232
3070,0.5251020153365136,0.9970643507977296,0.471962335461216,"Hajek(recency=10.0,delta=0.20)",Hajek,10.0,0.2,10,20,169,10000,,yes,0.035,0.9111475905555232
3071,0.5220191995957034,0.9939042662662787,0.4718850666705753,"Hajek(recency=10.0,delta=0.20)",Hajek,10.0,0.2,10,20,169,10000,,yes,0.035,0.9111475905555232
3072,0.5228702315997481,1.006502698229297,0.48363246662954895,"Hajek(recency=10.0,delta=0.20)",Hajek,10.0,0.2,10,20,169,10000,,yes,0.035,0.9111475905555232
3073,0.5288179417533082,1.0046809949904536,0.4758630532371454,"Hajek(recency=10.0,delta=0.20)",Hajek,10.0,0.2,10,20,169,10000,,yes,0.035,0.9111475905555232
3074,0.5244823917363602,0.9894237922269258,0.46494140049056554,"Hajek(recency=10.0,delta=0.20)",Hajek,10.0,0.2,10,20,169,10000,,yes,0.035,0.9111475905555232
3075,0.5276943688726732,1.008919829891225,0.4812254610185518,"Hajek(recency=10.0,delta=0.20)",Hajek,10.0,0.2,10,20,169,10000,,yes,0.035,0.9111475905555232
3076,0.5245403387318347,0.986833509286854,0.4622931705550193,"Hajek(recency=10.0,delta=0.20)",Hajek,10.0,0.2,10,20,169,10000,,yes,0.035,0.9111475905555232
3077,0.5278903456131232,0.9922816034359183,0.4643912578227951,"Hajek(recency=10.0,delta=0.20)",Hajek,10.0,0.2,10,20,169,10000,,yes,0.035,0.9111475905555232
3078,0.5212247644340131,0.9945496984514194,0.4733249340174063,"Hajek(recency=10.0,delta=0.20)",Hajek,10.0,0.2,10,20,169,10000,,yes,0.035,0.9111475905555232
3079,0.5291429351431085,0.9880143417157584,0.4588714065726499,"Hajek(recency=10.0,delta=0.20)",Hajek,10.0,0.2,10,20,169,10000,,yes,0.035,0.9111475905555232
3080,0.5255077353639298,1.0063964510243215,0.4808887156603917,"Hajek(recency=10.0,delta=0.20)",Hajek,10.0,0.2,10,20,169,10000,,yes,0.035,0.9111475905555232
3081,0.5160286933992959,0.9841363798566081,0.46810768645731216,"Hajek(recency=10.0,delta=0.20)",Hajek,10.0,0.2,10,20,169,10000,,yes,0.035,0.9111475905555232
3082,0.5196492338348055,1.0048990749433042,0.48524984110849867,"Hajek(recency=10.0,delta=0.20)",Hajek,10.0,0.2,10,20,169,10000,,yes,0.035,0.9111475905555232
3083,0.5240729273137408,0.991411096242917,0.46733816892917623,"Hajek(recency=10.0,delta=0.20)",Hajek,10.0,0.2,10,20,169,10000,,yes,0.035,0.9111475905555232
3084,0.522822783475922,0.9949404951775502,0.4721177117016282,"Hajek(recency=10.0,delta=0.20)",Hajek,10.0,0.2,10,20,169,10000,,yes,0.035,0.9111475905555232
3085,0.5215985491820188,0.9983804188489735,0.4767818696669548,"Hajek(recency=10.0,delta=0.20)",Hajek,10.0,0.2,10,20,169,10000,,yes,0.035,0.9111475905555232
3086,0.5273384487731905,0.9955018314935863,0.4681633827203958,"Hajek(recency=10.0,delta=0.20)",Hajek,10.0,0.2,10,20,169,10000,,yes,0.035,0.9111475905555232
3087,0.5256698074719535,1.0023644257264517,0.4766946182544982,"Hajek(recency=10.0,delta=0.20)",Hajek,10.0,0.2,10,20,169,10000,,yes,0.035,0.9111475905555232
3088,0.52226549760091,0.9858897758179135,0.46362427821700347,"Hajek(recency=10.0,delta=0.20)",Hajek,10.0,0.2,10,20,169,10000,,yes,0.035,0.9111475905555232
3089,0.5293140045419058,0.9899210509073444,0.4606070463654386,"Hajek(recency=10.0,delta=0.20)",Hajek,10.0,0.2,10,20,169,10000,,yes,0.035,0.9111475905555232
3090,0.5219668850067382,0.9979368656630666,0.47596998065632845,"Hajek(recency=10.0,delta=0.20)",Hajek,10.0,0.2,10,20,169,10000,,yes,0.035,0.9111475905555232
3091,0.5209620196419386,0.9898467792204227,0.4688847595784842,"Hajek(recency=10.0,delta=0.20)",Hajek,10.0,0.2,10,20,169,10000,,yes,0.035,0.9111475905555232
3092,0.5227496197215916,1.0010417273773764,0.4782921076557848,"Hajek(recency=10.0,delta=0.20)",Hajek,10.0,0.2,10,20,169,10000,,yes,0.035,0.9111475905555232
3093,0.52664733412446,1.0007682432311835,0.47412090910672355,"Hajek(recency=10.0,delta=0.20)",Hajek,10.0,0.2,10,20,169,10000,,yes,0.035,0.9111475905555232
3094,0.5312964238386539,1.0053464303885606,0.4740500065499067,"Hajek(recency=10.0,delta=0.20)",Hajek,10.0,0.2,10,20,169,10000,,yes,0.035,0.9111475905555232
3095,0.5219798271062812,0.9940339214925908,0.47205409438630963,"Hajek(recency=10.0,delta=0.20)",Hajek,10.0,0.2,10,20,169,10000,,yes,0.035,0.9111475905555232
3096,0.5270304393097935,0.9879633228512634,0.4609328835414699,"Hajek(recency=10.0,delta=0.20)",Hajek,10.0,0.2,10,20,169,10000,,yes,0.035,0.9111475905555232
3097,0.5193364518001354,0.9891464757906412,0.46981002399050575,"Hajek(recency=10.0,delta=0.20)",Hajek,10.0,0.2,10,20,169,10000,,yes,0.035,0.9111475905555232
3098,0.5208743890720171,0.9922682051423126,0.4713938160702955,"Hajek(recency=10.0,delta=0.20)",Hajek,10.0,0.2,10,20,169,10000,,yes,0.035,0.9111475905555232
3099,0.5265305048867286,0.9971894726039646,0.47065896771723603,"Hajek(recency=10.0,delta=0.20)",Hajek,10.0,0.2,10,20,169,10000,,yes,0.035,0.9111475905555232
3100,0.5263127877066347,0.9922584451827925,0.4659456574761578,"Hajek(recency=10.0,delta=0.20)",Hajek,10.0,0.2,10,20,169,10000,,yes,0.035,0.9111475905555232
3101,0.5273428474268689,0.9940512006813046,0.4667083532544357,"Hajek(recency=10.0,delta=0.20)",Hajek,10.0,0.2,10,20,169,10000,,yes,0.035,0.9111475905555232
3102,0.5245571522643794,0.9907908144163939,0.46623366215201456,"Hajek(recency=10.0,delta=0.20)",Hajek,10.0,0.2,10,20,169,10000,,yes,0.035,0.9111475905555232
3103,0.523327581067696,0.9992357114752441,0.4759081304075482,"Hajek(recency=10.0,delta=0.20)",Hajek,10.0,0.2,10,20,169,10000,,yes,0.035,0.9111475905555232
3104,0.5219841499286898,0.9912215899035669,0.4692374399748771,"Hajek(recency=10.0,delta=0.20)",Hajek,10.0,0.2,10,20,169,10000,,yes,0.035,0.9111475905555232
3105,0.5183236448615919,1.0013537461831068,0.4830301013215149,"Hajek(recency=10.0,delta=0.20)",Hajek,10.0,0.2,10,20,169,10000,,yes,0.035,0.9111475905555232
3106,0.5172994375372193,0.994783483035993,0.47748404549877366,"Hajek(recency=10.0,delta=0.20)",Hajek,10.0,0.2,10,20,169,10000,,yes,0.035,0.9111475905555232
3107,0.523750942767401,0.9961176874780788,0.47236674471067785,"Hajek(recency=10.0,delta=0.20)",Hajek,10.0,0.2,10,20,169,10000,,yes,0.035,0.9111475905555232
3108,0.5218482962220612,0.997354983172887,0.47550668695082576,"Hajek(recency=10.0,delta=0.20)",Hajek,10.0,0.2,10,20,169,10000,,yes,0.035,0.9111475905555232
3109,0.5212331075196812,0.9935843885388554,0.47235128101917423,"Hajek(recency=10.0,delta=0.20)",Hajek,10.0,0.2,10,20,169,10000,,yes,0.035,0.9111475905555232
3110,0.5230715528041745,0.9882053455094388,0.46513379270526434,"Hajek(recency=10.0,delta=0.20)",Hajek,10.0,0.2,10,20,169,10000,,yes,0.035,0.9111475905555232
3111,0.5258271704978325,0.9898396070284592,0.46401243653062674,"Hajek(recency=10.0,delta=0.20)",Hajek,10.0,0.2,10,20,169,10000,,yes,0.035,0.9111475905555232
3112,0.5254533653163063,0.9967021421224309,0.47124877680612465,"Hajek(recency=10.0,delta=0.20)",Hajek,10.0,0.2,10,20,169,10000,,yes,0.035,0.9111475905555232
3113,0.5216741824975238,0.9860106405321013,0.46433645803457746,"Hajek(recency=10.0,delta=0.20)",Hajek,10.0,0.2,10,20,169,10000,,yes,0.035,0.9111475905555232
3114,0.524088260681613,0.997344324326292,0.4732560636446791,"Hajek(recency=10.0,delta=0.20)",Hajek,10.0,0.2,10,20,169,10000,,yes,0.035,0.9111475905555232
3115,0.52385153335415,0.9935941900738772,0.46974265671972715,"Hajek(recency=10.0,delta=0.20)",Hajek,10.0,0.2,10,20,169,10000,,yes,0.035,0.9111475905555232
3116,0.5260962519388831,1.0039302598038706,0.47783400786498753,"Hajek(recency=10.0,delta=0.20)",Hajek,10.0,0.2,10,20,169,10000,,yes,0.035,0.9111475905555232
3117,0.5221596935447405,0.9866124540711111,0.46445276052637063,"Hajek(recency=10.0,delta=0.20)",Hajek,10.0,0.2,10,20,169,10000,,yes,0.035,0.9111475905555232
3118,0.5238692517712522,0.9972978524953702,0.47342860072411797,"Hajek(recency=10.0,delta=0.20)",Hajek,10.0,0.2,10,20,169,10000,,yes,0.035,0.9111475905555232
3119,0.5256542871142295,0.9822806924013432,0.45662640528711373,"Hajek(recency=10.0,delta=0.20)",Hajek,10.0,0.2,10,20,169,10000,,yes,0.035,0.9111475905555232
3120,0.5283016991930708,1.0003224887793172,0.4720207895862464,"Hajek(recency=10.0,delta=0.20)",Hajek,10.0,0.2,10,20,169,10000,,yes,0.035,0.9111475905555232
3121,0.5246225798806089,1.0032999094870227,0.47867732960641385,"Hajek(recency=10.0,delta=0.20)",Hajek,10.0,0.2,10,20,169,10000,,yes,0.035,0.9111475905555232
3122,0.5302107112643507,0.986626976277004,0.4564162650126533,"Hajek(recency=10.0,delta=0.20)",Hajek,10.0,0.2,10,20,169,10000,,yes,0.035,0.9111475905555232
3123,0.5255129343004417,1.0046454134529503,0.4791324791525087,"Hajek(recency=10.0,delta=0.20)",Hajek,10.0,0.2,10,20,169,10000,,yes,0.035,0.9111475905555232
3124,0.5223153927161365,1.000804709344029,0.4784893166278926,"Hajek(recency=10.0,delta=0.20)",Hajek,10.0,0.2,10,20,169,10000,,yes,0.035,0.9111475905555232
3125,0.5213707306233216,1.0055414622872736,0.48417073166395197,"Hajek(recency=10.0,delta=0.20)",Hajek,10.0,0.2,10,20,169,10000,,yes,0.035,0.9111475905555232
3126,0.5292374585182096,1.001092196519127,0.4718547380009175,"Hajek(recency=10.0,delta=0.20)",Hajek,10.0,0.2,10,20,169,10000,,yes,0.035,0.9111475905555232
3127,0.5199788837508043,1.0002225556543216,0.48024367190351736,"Hajek(recency=10.0,delta=0.20)",Hajek,10.0,0.2,10,20,169,10000,,yes,0.035,0.9111475905555232
3128,0.5225624190486154,0.988809058793489,0.46624663974487357,"Hajek(recency=10.0,delta=0.20)",Hajek,10.0,0.2,10,20,169,10000,,yes,0.035,0.9111475905555232
3129,0.524003463462102,0.9998235298591875,0.4758200663970855,"Hajek(recency=10.0,delta=0.20)",Hajek,10.0,0.2,10,20,169,10000,,yes,0.035,0.9111475905555232
3130,0.5228469435431804,0.998179524495205,0.4753325809520246,"Hajek(recency=10.0,delta=0.20)",Hajek,10.0,0.2,10,20,169,10000,,yes,0.035,0.9111475905555232
3131,0.5213591972734718,1.005158032977735,0.4837988357042632,"Hajek(recency=10.0,delta=0.20)",Hajek,10.0,0.2,10,20,169,10000,,yes,0.035,0.9111475905555232
3132,0.5301599823122184,0.998658224961232,0.46849824264901363,"Hajek(recency=10.0,delta=0.20)",Hajek,10.0,0.2,10,20,169,10000,,yes,0.035,0.9111475905555232
3133,0.5248183256991231,1.0003799356653418,0.47556160996621866,"Hajek(recency=10.0,delta=0.20)",Hajek,10.0,0.2,10,20,169,10000,,yes,0.035,0.9111475905555232
3134,0.5265793680541766,0.9960773773437782,0.4694980092896016,"Hajek(recency=10.0,delta=0.20)",Hajek,10.0,0.2,10,20,169,10000,,yes,0.035,0.9111475905555232
3135,0.5198973720645631,1.0014763036188725,0.4815789315543094,"Hajek(recency=10.0,delta=0.20)",Hajek,10.0,0.2,10,20,169,10000,,yes,0.035,0.9111475905555232
3136,0.519948413970971,1.0066363558594609,0.48668794188848985,"Hajek(recency=10.0,delta=0.20)",Hajek,10.0,0.2,10,20,169,10000,,yes,0.035,0.9111475905555232
3137,0.5227102919108793,1.0034725360876178,0.4807622441767385,"Hajek(recency=10.0,delta=0.20)",Hajek,10.0,0.2,10,20,169,10000,,yes,0.035,0.9111475905555232
3138,0.5231843412441725,0.9965762256075775,0.47339188436340507,"Hajek(recency=10.0,delta=0.20)",Hajek,10.0,0.2,10,20,169,10000,,yes,0.035,0.9111475905555232
3139,0.5209944298963726,0.9810539273030554,0.46005949740668284,"Hajek(recency=10.0,delta=0.20)",Hajek,10.0,0.2,10,20,169,10000,,yes,0.035,0.9111475905555232
3140,0.5217122313147042,1.0118263146104776,0.49011408329577333,"Hajek(recency=10.0,delta=0.20)",Hajek,10.0,0.2,10,20,169,10000,,yes,0.035,0.9111475905555232
3141,0.5283095102196829,0.9985535409492421,0.4702440307295592,"Hajek(recency=10.0,delta=0.20)",Hajek,10.0,0.2,10,20,169,10000,,yes,0.035,0.9111475905555232
3142,0.5238673217927785,1.0055366398383936,0.4816693180456151,"Hajek(recency=10.0,delta=0.20)",Hajek,10.0,0.2,10,20,169,10000,,yes,0.035,0.9111475905555232
3143,0.5245962012130753,0.9890493880362613,0.46445318682318604,"Hajek(recency=10.0,delta=0.20)",Hajek,10.0,0.2,10,20,169,10000,,yes,0.035,0.9111475905555232
3144,0.5238391563325636,0.9975137049914571,0.47367454865889347,"Hajek(recency=10.0,delta=0.20)",Hajek,10.0,0.2,10,20,169,10000,,yes,0.035,0.9111475905555232
3145,0.5301502228543816,0.9926578509303381,0.46250762807595647,"Hajek(recency=10.0,delta=0.20)",Hajek,10.0,0.2,10,20,169,10000,,yes,0.035,0.9111475905555232
3146,0.5201514239836509,0.9893742536824188,0.46922282969876794,"Hajek(recency=10.0,delta=0.20)",Hajek,10.0,0.2,10,20,169,10000,,yes,0.035,0.9111475905555232
3147,0.5234370257220924,0.995737540136887,0.4723005144147946,"Hajek(recency=10.0,delta=0.20)",Hajek,10.0,0.2,10,20,169,10000,,yes,0.035,0.9111475905555232
3148,0.5274770466751781,0.9875163034084079,0.46003925673322976,"Hajek(recency=10.0,delta=0.20)",Hajek,10.0,0.2,10,20,169,10000,,yes,0.035,0.9111475905555232
3149,0.5242295433113677,0.9899453625811746,0.4657158192698069,"Hajek(recency=10.0,delta=0.20)",Hajek,10.0,0.2,10,20,169,10000,,yes,0.035,0.9111475905555232
3150,0.5302306749832918,0.996270487303938,0.4660398123206462,"Hajek(recency=10.0,delta=0.20)",Hajek,10.0,0.2,10,20,169,10000,,yes,0.035,0.9111475905555232
3151,0.5259920987800294,1.0023288822228575,0.47633678344282815,"Hajek(recency=10.0,delta=0.20)",Hajek,10.0,0.2,10,20,169,10000,,yes,0.035,0.9111475905555232
3152,0.5247206932226552,0.9949043756099272,0.47018368238727193,"Hajek(recency=10.0,delta=0.20)",Hajek,10.0,0.2,10,20,169,10000,,yes,0.035,0.9111475905555232
3153,0.5240281473263583,0.990073405033087,0.4660452577067288,"Hajek(recency=10.0,delta=0.20)",Hajek,10.0,0.2,10,20,169,10000,,yes,0.035,0.9111475905555232
3154,0.5205406787559042,0.9946043262485345,0.4740636474926303,"Hajek(recency=10.0,delta=0.20)",Hajek,10.0,0.2,10,20,169,10000,,yes,0.035,0.9111475905555232
3155,0.526958810587447,0.9929087552742988,0.4659499446868518,"Hajek(recency=10.0,delta=0.20)",Hajek,10.0,0.2,10,20,169,10000,,yes,0.035,0.9111475905555232
3156,0.5152530533551194,0.9991731570593608,0.48392010370424143,"Hajek(recency=10.0,delta=0.20)",Hajek,10.0,0.2,10,20,169,10000,,yes,0.035,0.9111475905555232
3157,0.5256625901486671,0.9997563511978977,0.4740937610492306,"Hajek(recency=10.0,delta=0.20)",Hajek,10.0,0.2,10,20,169,10000,,yes,0.035,0.9111475905555232
3158,0.5218833785226742,0.9864173428797302,0.46453396435705596,"Hajek(recency=10.0,delta=0.20)",Hajek,10.0,0.2,10,20,169,10000,,yes,0.035,0.9111475905555232
3159,0.5225824213213014,0.9891425031245271,0.4665600818032257,"Hajek(recency=10.0,delta=0.20)",Hajek,10.0,0.2,10,20,169,10000,,yes,0.035,0.9111475905555232
3160,0.5220840820874773,0.9843599031316828,0.4622758210442055,"Hajek(recency=10.0,delta=0.20)",Hajek,10.0,0.2,10,20,169,10000,,yes,0.035,0.9111475905555232
3161,0.5227526500735803,1.0038727546053254,0.48112010453174514,"Hajek(recency=10.0,delta=0.20)",Hajek,10.0,0.2,10,20,169,10000,,yes,0.035,0.9111475905555232
3162,0.5265723851619982,0.9938586871563495,0.4672863019943513,"Hajek(recency=10.0,delta=0.20)",Hajek,10.0,0.2,10,20,169,10000,,yes,0.035,0.9111475905555232
3163,0.5221950762563542,0.9969160643968151,0.47472098814046093,"Hajek(recency=10.0,delta=0.20)",Hajek,10.0,0.2,10,20,169,10000,,yes,0.035,0.9111475905555232
3164,0.520934809998948,1.0031827794164225,0.4822479694174745,"Hajek(recency=10.0,delta=0.20)",Hajek,10.0,0.2,10,20,169,10000,,yes,0.035,0.9111475905555232
3165,0.5251163790300285,0.9977498072661883,0.47263342823615984,"Hajek(recency=10.0,delta=0.20)",Hajek,10.0,0.2,10,20,169,10000,,yes,0.035,0.9111475905555232
3166,0.5174258063101964,1.0012451327587804,0.48381932644858394,"Hajek(recency=10.0,delta=0.20)",Hajek,10.0,0.2,10,20,169,10000,,yes,0.035,0.9111475905555232
3167,0.524336842472956,0.9824856546126577,0.4581488121397017,"Hajek(recency=10.0,delta=0.20)",Hajek,10.0,0.2,10,20,169,10000,,yes,0.035,0.9111475905555232
3168,0.5236229205821565,0.9917026250885124,0.46807970450635583,"Hajek(recency=10.0,delta=0.20)",Hajek,10.0,0.2,10,20,169,10000,,yes,0.035,0.9111475905555232
3169,0.5183536821718828,0.9956509760181163,0.47729729384623343,"Hajek(recency=10.0,delta=0.20)",Hajek,10.0,0.2,10,20,169,10000,,yes,0.035,0.9111475905555232
3170,0.524551964233678,0.9890558333205306,0.4645038690868526,"Hajek(recency=10.0,delta=0.20)",Hajek,10.0,0.2,10,20,169,10000,,yes,0.035,0.9111475905555232
3171,0.5188760744433468,0.9940330992492658,0.4751570248059189,"Hajek(recency=10.0,delta=0.20)",Hajek,10.0,0.2,10,20,169,10000,,yes,0.035,0.9111475905555232
3172,0.523765966250986,0.9905981186167839,0.4668321523657979,"Hajek(recency=10.0,delta=0.20)",Hajek,10.0,0.2,10,20,169,10000,,yes,0.035,0.9111475905555232
3173,0.522251500101334,0.9960598907062082,0.4738083906048741,"Hajek(recency=10.0,delta=0.20)",Hajek,10.0,0.2,10,20,169,10000,,yes,0.035,0.9111475905555232
3174,0.5228302863527875,0.9991455024767227,0.47631521612393524,"Hajek(recency=10.0,delta=0.20)",Hajek,10.0,0.2,10,20,169,10000,,yes,0.035,0.9111475905555232
3175,0.5233289335773652,0.9959984845584336,0.47266955098106844,"Hajek(recency=10.0,delta=0.20)",Hajek,10.0,0.2,10,20,169,10000,,yes,0.035,0.9111475905555232
3176,0.5282468463619926,0.9968714938589466,0.468624647496954,"Hajek(recency=10.0,delta=0.20)",Hajek,10.0,0.2,10,20,169,10000,,yes,0.035,0.9111475905555232
3177,0.5243388474309136,0.9986351620000677,0.4742963145691541,"Hajek(recency=10.0,delta=0.20)",Hajek,10.0,0.2,10,20,169,10000,,yes,0.035,0.9111475905555232
3178,0.5185530144460291,0.9954820505688087,0.4769290361227796,"Hajek(recency=10.0,delta=0.20)",Hajek,10.0,0.2,10,20,169,10000,,yes,0.035,0.9111475905555232
3179,0.5248211795675246,0.998281468248452,0.4734602886809274,"Hajek(recency=10.0,delta=0.20)",Hajek,10.0,0.2,10,20,169,10000,,yes,0.035,0.9111475905555232
3180,0.5191949233200426,1.005502687442164,0.4863077641221214,"Hajek(recency=10.0,delta=0.20)",Hajek,10.0,0.2,10,20,169,10000,,yes,0.035,0.9111475905555232
3181,0.5246322503220409,1.0068652611012745,0.48223301077923364,"Hajek(recency=10.0,delta=0.20)",Hajek,10.0,0.2,10,20,169,10000,,yes,0.035,0.9111475905555232
3182,0.5220010479847936,0.9967417838581328,0.4747407358733392,"Hajek(recency=10.0,delta=0.20)",Hajek,10.0,0.2,10,20,169,10000,,yes,0.035,0.9111475905555232
3183,0.5212640386456792,1.0017744903910537,0.48051045174537454,"Hajek(recency=10.0,delta=0.20)",Hajek,10.0,0.2,10,20,169,10000,,yes,0.035,0.9111475905555232
3184,0.5217877378767848,0.9987489374421624,0.47696119956537764,"Hajek(recency=10.0,delta=0.20)",Hajek,10.0,0.2,10,20,169,10000,,yes,0.035,0.9111475905555232
3185,0.5193268147436566,0.9868496176462405,0.46752280290258386,"Hajek(recency=10.0,delta=0.20)",Hajek,10.0,0.2,10,20,169,10000,,yes,0.035,0.9111475905555232
3186,0.5246139055639024,0.9870245188327667,0.46241061326886423,"Hajek(recency=10.0,delta=0.20)",Hajek,10.0,0.2,10,20,169,10000,,yes,0.035,0.9111475905555232
3187,0.5234284448756911,0.9969819963070394,0.47355355143134836,"Hajek(recency=10.0,delta=0.20)",Hajek,10.0,0.2,10,20,169,10000,,yes,0.035,0.9111475905555232
3188,0.5225772756351967,0.9911197867652368,0.4685425111300401,"Hajek(recency=10.0,delta=0.20)",Hajek,10.0,0.2,10,20,169,10000,,yes,0.035,0.9111475905555232
3189,0.5213906642556448,1.0026631760905171,0.4812725118348723,"Hajek(recency=10.0,delta=0.20)",Hajek,10.0,0.2,10,20,169,10000,,yes,0.035,0.9111475905555232
3190,0.5234705307093264,0.999658041550928,0.4761875108416016,"Hajek(recency=10.0,delta=0.20)",Hajek,10.0,0.2,10,20,169,10000,,yes,0.035,0.9111475905555232
3191,0.5223325620636273,0.9935300695962501,0.4711975075326228,"Hajek(recency=10.0,delta=0.20)",Hajek,10.0,0.2,10,20,169,10000,,yes,0.035,0.9111475905555232
3192,0.5225694828904709,0.9908061105763035,0.46823662768583263,"Hajek(recency=10.0,delta=0.20)",Hajek,10.0,0.2,10,20,169,10000,,yes,0.035,0.9111475905555232
3193,0.519621426472558,0.9954855785919705,0.47586415211941246,"Hajek(recency=10.0,delta=0.20)",Hajek,10.0,0.2,10,20,169,10000,,yes,0.035,0.9111475905555232
3194,0.5281230567884303,0.9870090680383586,0.45888601124992834,"Hajek(recency=10.0,delta=0.20)",Hajek,10.0,0.2,10,20,169,10000,,yes,0.035,0.9111475905555232
3195,0.5215612573875235,1.0014214464921665,0.479860189104643,"Hajek(recency=10.0,delta=0.20)",Hajek,10.0,0.2,10,20,169,10000,,yes,0.035,0.9111475905555232
3196,0.5259214429683862,0.9962161646997213,0.47029472173133513,"Hajek(recency=10.0,delta=0.20)",Hajek,10.0,0.2,10,20,169,10000,,yes,0.035,0.9111475905555232
3197,0.5253670212484772,0.9847110228031241,0.45934400155464683,"Hajek(recency=10.0,delta=0.20)",Hajek,10.0,0.2,10,20,169,10000,,yes,0.035,0.9111475905555232
3198,0.5216120823323029,0.992450590644793,0.4708385083124901,"Hajek(recency=10.0,delta=0.20)",Hajek,10.0,0.2,10,20,169,10000,,yes,0.035,0.9111475905555232
3199,0.5231711309296284,0.990793714119978,0.46762258319034955,"Hajek(recency=10.0,delta=0.20)",Hajek,10.0,0.2,10,20,169,10000,,yes,0.035,0.9111475905555232
3200,0.5232198598180478,0.993337648156492,0.4701177883384442,"Hajek(recency=10.0,delta=0.20)",Hajek,10.0,0.2,10,20,169,10000,,yes,0.035,0.9111475905555232
3201,0.5264094924382992,1.003404085707427,0.47699459326912774,"Hajek(recency=10.0,delta=0.20)",Hajek,10.0,0.2,10,20,169,10000,,yes,0.035,0.9111475905555232
3202,0.5227336709292956,1.0084003700385524,0.48566669910925686,"Hajek(recency=10.0,delta=0.20)",Hajek,10.0,0.2,10,20,169,10000,,yes,0.035,0.9111475905555232
3203,0.5279123749093778,0.994231613343436,0.4663192384340582,"Hajek(recency=10.0,delta=0.20)",Hajek,10.0,0.2,10,20,169,10000,,yes,0.035,0.9111475905555232
3204,0.5233913443330487,1.0038070317824057,0.48041568744935703,"Hajek(recency=10.0,delta=0.20)",Hajek,10.0,0.2,10,20,169,10000,,yes,0.035,0.9111475905555232
3205,0.5258849783548253,1.0063462066545532,0.4804612282997279,"Hajek(recency=10.0,delta=0.20)",Hajek,10.0,0.2,10,20,169,10000,,yes,0.035,0.9111475905555232
3206,0.5217963703053493,0.9914323259397252,0.4696359556343759,"Hajek(recency=10.0,delta=0.20)",Hajek,10.0,0.2,10,20,169,10000,,yes,0.035,0.9111475905555232
3207,0.5227512153169245,0.9910711000779988,0.46831988476107433,"Hajek(recency=10.0,delta=0.20)",Hajek,10.0,0.2,10,20,169,10000,,yes,0.035,0.9111475905555232
3208,0.5258855096145986,0.9885549996202495,0.46266949000565094,"Hajek(recency=10.0,delta=0.20)",Hajek,10.0,0.2,10,20,169,10000,,yes,0.035,0.9111475905555232
3209,0.5240660792297437,0.9964064303990663,0.4723403511693226,"Hajek(recency=10.0,delta=0.20)",Hajek,10.0,0.2,10,20,169,10000,,yes,0.035,0.9111475905555232
3210,0.5258101689339371,1.0048443097679545,0.4790341408340174,"Hajek(recency=10.0,delta=0.20)",Hajek,10.0,0.2,10,20,169,10000,,yes,0.035,0.9111475905555232
3211,0.5201623664445064,0.9840490750209797,0.4638867085764733,"Hajek(recency=10.0,delta=0.20)",Hajek,10.0,0.2,10,20,169,10000,,yes,0.035,0.9111475905555232
3212,0.5230937201965744,1.0063137053913047,0.4832199851947303,"Hajek(recency=10.0,delta=0.20)",Hajek,10.0,0.2,10,20,169,10000,,yes,0.035,0.9111475905555232
3213,0.5296856351228754,1.0131937538551765,0.48350811873230115,"Hajek(recency=10.0,delta=0.20)",Hajek,10.0,0.2,10,20,169,10000,,yes,0.035,0.9111475905555232
3214,0.5242279237377159,0.9909804895096836,0.4667525657719678,"Hajek(recency=10.0,delta=0.20)",Hajek,10.0,0.2,10,20,169,10000,,yes,0.035,0.9111475905555232
3215,0.5193440218995038,0.984164105180894,0.46482008328139024,"Hajek(recency=10.0,delta=0.20)",Hajek,10.0,0.2,10,20,169,10000,,yes,0.035,0.9111475905555232
3216,0.5233875050966338,1.0018961520788614,0.4785086469822276,"Hajek(recency=10.0,delta=0.20)",Hajek,10.0,0.2,10,20,169,10000,,yes,0.035,0.9111475905555232
3217,0.5269692970902599,1.003205575131869,0.47623627804160906,"Hajek(recency=10.0,delta=0.20)",Hajek,10.0,0.2,10,20,169,10000,,yes,0.035,0.9111475905555232
3218,0.5223922651271238,1.0068490152906382,0.4844567501635144,"Hajek(recency=10.0,delta=0.20)",Hajek,10.0,0.2,10,20,169,10000,,yes,0.035,0.9111475905555232
3219,0.5261737404752933,0.9966691772371447,0.47049543676185135,"Hajek(recency=10.0,delta=0.20)",Hajek,10.0,0.2,10,20,169,10000,,yes,0.035,0.9111475905555232
3220,0.5234575680154198,1.0124541148950499,0.4889965468796301,"Hajek(recency=10.0,delta=0.20)",Hajek,10.0,0.2,10,20,169,10000,,yes,0.035,0.9111475905555232
3221,0.5190719762466871,0.9804553167531689,0.4613833405064818,"Hajek(recency=10.0,delta=0.20)",Hajek,10.0,0.2,10,20,169,10000,,yes,0.035,0.9111475905555232
3222,0.51910296006527,0.9963156377564871,0.4772126776912171,"Hajek(recency=10.0,delta=0.20)",Hajek,10.0,0.2,10,20,169,10000,,yes,0.035,0.9111475905555232
3223,0.5153347595699203,0.9923926784141583,0.4770579188442381,"Hajek(recency=10.0,delta=0.20)",Hajek,10.0,0.2,10,20,169,10000,,yes,0.035,0.9111475905555232
3224,0.5250767962366668,1.0083194335627093,0.48324263732604245,"Hajek(recency=10.0,delta=0.20)",Hajek,10.0,0.2,10,20,169,10000,,yes,0.035,0.9111475905555232
3225,0.5206130561537032,0.9947478022853238,0.47413474613162054,"Hajek(recency=10.0,delta=0.20)",Hajek,10.0,0.2,10,20,169,10000,,yes,0.035,0.9111475905555232
3226,0.5266981203995103,1.0013469673940794,0.4746488469945691,"Hajek(recency=10.0,delta=0.20)",Hajek,10.0,0.2,10,20,169,10000,,yes,0.035,0.9111475905555232
3227,0.5237800410359635,1.0015094919852754,0.47772945094931185,"Hajek(recency=10.0,delta=0.20)",Hajek,10.0,0.2,10,20,169,10000,,yes,0.035,0.9111475905555232
3228,0.5168352568811039,1.005028586885435,0.48819333000433107,"Hajek(recency=10.0,delta=0.20)",Hajek,10.0,0.2,10,20,169,10000,,yes,0.035,0.9111475905555232
3229,0.5182005102825363,0.9985490461266446,0.4803485358441083,"Hajek(recency=10.0,delta=0.20)",Hajek,10.0,0.2,10,20,169,10000,,yes,0.035,0.9111475905555232
3230,0.5242154187325261,0.9916759984018286,0.46746057966930255,"Hajek(recency=10.0,delta=0.20)",Hajek,10.0,0.2,10,20,169,10000,,yes,0.035,0.9111475905555232
3231,0.5312708546992191,0.9947394102876271,0.46346855558840805,"Hajek(recency=10.0,delta=0.20)",Hajek,10.0,0.2,10,20,169,10000,,yes,0.035,0.9111475905555232
3232,0.5243921151463954,0.9905962928230663,0.4662041776766709,"Hajek(recency=10.0,delta=0.20)",Hajek,10.0,0.2,10,20,169,10000,,yes,0.035,0.9111475905555232
3233,0.529402144078481,1.010176126644502,0.480773982566021,"Hajek(recency=10.0,delta=0.20)",Hajek,10.0,0.2,10,20,169,10000,,yes,0.035,0.9111475905555232
3234,0.5255281989980617,1.0031527014734696,0.4776245024754079,"Hajek(recency=10.0,delta=0.20)",Hajek,10.0,0.2,10,20,169,10000,,yes,0.035,0.9111475905555232
3235,0.5226469213025141,0.9944931656856757,0.4718462443831616,"Hajek(recency=10.0,delta=0.20)",Hajek,10.0,0.2,10,20,169,10000,,yes,0.035,0.9111475905555232
3236,0.5268320551992403,1.0003576750600998,0.4735256198608595,"Hajek(recency=10.0,delta=0.20)",Hajek,10.0,0.2,10,20,169,10000,,yes,0.035,0.9111475905555232
3237,0.5233465343832479,0.9949013507127272,0.4715548163294794,"Hajek(recency=10.0,delta=0.20)",Hajek,10.0,0.2,10,20,169,10000,,yes,0.035,0.9111475905555232
3238,0.531461621150984,1.0104109962909096,0.4789493751399255,"Hajek(recency=10.0,delta=0.20)",Hajek,10.0,0.2,10,20,169,10000,,yes,0.035,0.9111475905555232
3239,0.5238613623486742,1.000457267617311,0.4765959052686367,"Hajek(recency=10.0,delta=0.20)",Hajek,10.0,0.2,10,20,169,10000,,yes,0.035,0.9111475905555232
3240,0.5213149840115522,1.0001578444259211,0.47884286041436896,"Hajek(recency=10.0,delta=0.20)",Hajek,10.0,0.2,10,20,169,10000,,yes,0.035,0.9111475905555232
3241,0.5200785155036247,0.9979110169685257,0.47783250146490097,"Hajek(recency=10.0,delta=0.20)",Hajek,10.0,0.2,10,20,169,10000,,yes,0.035,0.9111475905555232
3242,0.5233723356718343,0.9857701251584227,0.4623977894865884,"Hajek(recency=10.0,delta=0.20)",Hajek,10.0,0.2,10,20,169,10000,,yes,0.035,0.9111475905555232
3243,0.5236103365530188,1.0026988253944416,0.47908848884142274,"Hajek(recency=10.0,delta=0.20)",Hajek,10.0,0.2,10,20,169,10000,,yes,0.035,0.9111475905555232
3244,0.525655173307509,0.9954887025709437,0.4698335292634347,"Hajek(recency=10.0,delta=0.20)",Hajek,10.0,0.2,10,20,169,10000,,yes,0.035,0.9111475905555232
3245,0.5236768387253201,0.995410317464647,0.4717334787393269,"Hajek(recency=10.0,delta=0.20)",Hajek,10.0,0.2,10,20,169,10000,,yes,0.035,0.9111475905555232
3246,0.5188702077464493,0.9965944974667148,0.4777242897202655,"Hajek(recency=10.0,delta=0.20)",Hajek,10.0,0.2,10,20,169,10000,,yes,0.035,0.9111475905555232
3247,0.5247748147213783,1.00182524016917,0.47705042544779175,"Hajek(recency=10.0,delta=0.20)",Hajek,10.0,0.2,10,20,169,10000,,yes,0.035,0.9111475905555232
3248,0.523185268897948,1.009324808533047,0.48613953963509904,"Hajek(recency=10.0,delta=0.20)",Hajek,10.0,0.2,10,20,169,10000,,yes,0.035,0.9111475905555232
3249,0.530135282345112,0.9912298884613574,0.4610946061162454,"Hajek(recency=10.0,delta=0.20)",Hajek,10.0,0.2,10,20,169,10000,,yes,0.035,0.9111475905555232
3250,0.5224523894978963,0.9927098139337354,0.47025742443583907,"Hajek(recency=10.0,delta=0.20)",Hajek,10.0,0.2,10,20,169,10000,,yes,0.035,0.9111475905555232
3251,0.5227915052095958,0.9890688588221057,0.4662773536125099,"Hajek(recency=10.0,delta=0.20)",Hajek,10.0,0.2,10,20,169,10000,,yes,0.035,0.9111475905555232
3252,0.5241209728602275,0.9967521839688022,0.47263121110857464,"Hajek(recency=10.0,delta=0.20)",Hajek,10.0,0.2,10,20,169,10000,,yes,0.035,0.9111475905555232
3253,0.5237040239776032,0.9956750595538036,0.47197103557620046,"Hajek(recency=10.0,delta=0.20)",Hajek,10.0,0.2,10,20,169,10000,,yes,0.035,0.9111475905555232
3254,0.5215685778696205,1.000804454874323,0.4792358770047024,"Hajek(recency=10.0,delta=0.20)",Hajek,10.0,0.2,10,20,169,10000,,yes,0.035,0.9111475905555232
3255,0.5201514715888369,0.9785478924300766,0.45839642084123966,"Hajek(recency=10.0,delta=0.20)",Hajek,10.0,0.2,10,20,169,10000,,yes,0.035,0.9111475905555232
3256,0.5265147515825191,0.9925437648015499,0.4660290132190308,"Hajek(recency=10.0,delta=0.20)",Hajek,10.0,0.2,10,20,169,10000,,yes,0.035,0.9111475905555232
3257,0.5236457973789831,0.9968382568745208,0.4731924594955377,"Hajek(recency=10.0,delta=0.20)",Hajek,10.0,0.2,10,20,169,10000,,yes,0.035,0.9111475905555232
3258,0.5258159520110594,0.9912578933221503,0.46544194131109096,"Hajek(recency=10.0,delta=0.20)",Hajek,10.0,0.2,10,20,169,10000,,yes,0.035,0.9111475905555232
3259,0.5228295608302796,1.0029116859492093,0.48008212511892967,"Hajek(recency=10.0,delta=0.20)",Hajek,10.0,0.2,10,20,169,10000,,yes,0.035,0.9111475905555232
3260,0.5222504206667853,0.9895875940256877,0.46733717335890246,"Hajek(recency=10.0,delta=0.20)",Hajek,10.0,0.2,10,20,169,10000,,yes,0.035,0.9111475905555232
3261,0.5248005805248606,0.9980841446264049,0.4732835641015444,"Hajek(recency=10.0,delta=0.20)",Hajek,10.0,0.2,10,20,169,10000,,yes,0.035,0.9111475905555232
3262,0.5228274120200264,0.9882355625108463,0.46540815049081996,"Hajek(recency=10.0,delta=0.20)",Hajek,10.0,0.2,10,20,169,10000,,yes,0.035,0.9111475905555232
3263,0.5178554794454856,1.000437749593437,0.4825822701479513,"Hajek(recency=10.0,delta=0.20)",Hajek,10.0,0.2,10,20,169,10000,,yes,0.035,0.9111475905555232
3264,0.5249163646359107,0.9915945485236547,0.46667818388774396,"Hajek(recency=10.0,delta=0.20)",Hajek,10.0,0.2,10,20,169,10000,,yes,0.035,0.9111475905555232
3265,0.5224428154375408,1.0036936281518394,0.4812508127142986,"Hajek(recency=10.0,delta=0.20)",Hajek,10.0,0.2,10,20,169,10000,,yes,0.035,0.9111475905555232
3266,0.5266073832241951,0.991565148859082,0.4649577656348869,"Hajek(recency=10.0,delta=0.20)",Hajek,10.0,0.2,10,20,169,10000,,yes,0.035,0.9111475905555232
3267,0.5248653454109183,0.9968828039896732,0.4720174585787549,"Hajek(recency=10.0,delta=0.20)",Hajek,10.0,0.2,10,20,169,10000,,yes,0.035,0.9111475905555232
3268,0.5206504103385902,1.0001474279589682,0.479497017620378,"Hajek(recency=10.0,delta=0.20)",Hajek,10.0,0.2,10,20,169,10000,,yes,0.035,0.9111475905555232
3269,0.5185254043596501,0.9917902355821389,0.47326483122248875,"Hajek(recency=10.0,delta=0.20)",Hajek,10.0,0.2,10,20,169,10000,,yes,0.035,0.9111475905555232
3270,0.5202673185357931,0.9934678776050048,0.47320055906921166,"Hajek(recency=10.0,delta=0.20)",Hajek,10.0,0.2,10,20,169,10000,,yes,0.035,0.9111475905555232
3271,0.5261330100638013,1.0001272650588704,0.4739942549950691,"Hajek(recency=10.0,delta=0.20)",Hajek,10.0,0.2,10,20,169,10000,,yes,0.035,0.9111475905555232
3272,0.5249780669063212,1.0026715328201399,0.47769346591381867,"Hajek(recency=10.0,delta=0.20)",Hajek,10.0,0.2,10,20,169,10000,,yes,0.035,0.9111475905555232
3273,0.5235172940228319,0.9972697496633806,0.4737524556405487,"Hajek(recency=10.0,delta=0.20)",Hajek,10.0,0.2,10,20,169,10000,,yes,0.035,0.9111475905555232
3274,0.5252025410299423,1.0015365532976492,0.4763340122677069,"Hajek(recency=10.0,delta=0.20)",Hajek,10.0,0.2,10,20,169,10000,,yes,0.035,0.9111475905555232
3275,0.5264774591017229,0.9973593984658128,0.47088193936408984,"Hajek(recency=10.0,delta=0.20)",Hajek,10.0,0.2,10,20,169,10000,,yes,0.035,0.9111475905555232
3276,0.522848062669927,0.995963527256613,0.47311546458668596,"Hajek(recency=10.0,delta=0.20)",Hajek,10.0,0.2,10,20,169,10000,,yes,0.035,0.9111475905555232
3277,0.5233102601192512,1.0045687543155801,0.48125849419632893,"Hajek(recency=10.0,delta=0.20)",Hajek,10.0,0.2,10,20,169,10000,,yes,0.035,0.9111475905555232
3278,0.5262646249191547,0.9872009612737123,0.46093633635455755,"Hajek(recency=10.0,delta=0.20)",Hajek,10.0,0.2,10,20,169,10000,,yes,0.035,0.9111475905555232
3279,0.5171542222650306,0.994925532962387,0.47777131069735634,"Hajek(recency=10.0,delta=0.20)",Hajek,10.0,0.2,10,20,169,10000,,yes,0.035,0.9111475905555232
3280,0.5219477910807002,0.9922312815469333,0.4702834904662331,"Hajek(recency=10.0,delta=0.20)",Hajek,10.0,0.2,10,20,169,10000,,yes,0.035,0.9111475905555232
3281,0.5260897802392754,0.9880188044633789,0.4619290242241034,"Hajek(recency=10.0,delta=0.20)",Hajek,10.0,0.2,10,20,169,10000,,yes,0.035,0.9111475905555232
3282,0.5199418560961633,0.997637107113517,0.4776952510173538,"Hajek(recency=10.0,delta=0.20)",Hajek,10.0,0.2,10,20,169,10000,,yes,0.035,0.9111475905555232
3283,0.5259017388008643,0.9853914697207574,0.4594897309198931,"Hajek(recency=10.0,delta=0.20)",Hajek,10.0,0.2,10,20,169,10000,,yes,0.035,0.9111475905555232
3284,0.5210378191411561,0.9955293548361124,0.4744915356949563,"Hajek(recency=10.0,delta=0.20)",Hajek,10.0,0.2,10,20,169,10000,,yes,0.035,0.9111475905555232
3285,0.5235801845556068,0.9926812900751347,0.4691011055195279,"Hajek(recency=10.0,delta=0.20)",Hajek,10.0,0.2,10,20,169,10000,,yes,0.035,0.9111475905555232
3286,0.5271362654881331,1.002936151276104,0.47579988578797083,"Hajek(recency=10.0,delta=0.20)",Hajek,10.0,0.2,10,20,169,10000,,yes,0.035,0.9111475905555232
3287,0.5212781747489126,0.9903791262668191,0.46910095151790654,"Hajek(recency=10.0,delta=0.20)",Hajek,10.0,0.2,10,20,169,10000,,yes,0.035,0.9111475905555232
3288,0.52007172191149,0.9909953286184936,0.4709236067070036,"Hajek(recency=10.0,delta=0.20)",Hajek,10.0,0.2,10,20,169,10000,,yes,0.035,0.9111475905555232
3289,0.5209535313086655,0.9862200439530915,0.465266512644426,"Hajek(recency=10.0,delta=0.20)",Hajek,10.0,0.2,10,20,169,10000,,yes,0.035,0.9111475905555232
3290,0.5187256400200463,0.9945786361415163,0.47585299612147003,"Hajek(recency=10.0,delta=0.20)",Hajek,10.0,0.2,10,20,169,10000,,yes,0.035,0.9111475905555232
3291,0.5231409194027874,1.0014716083130877,0.4783306889103003,"Hajek(recency=10.0,delta=0.20)",Hajek,10.0,0.2,10,20,169,10000,,yes,0.035,0.9111475905555232
3292,0.5212929774755484,0.9922373724379479,0.4709443949623995,"Hajek(recency=10.0,delta=0.20)",Hajek,10.0,0.2,10,20,169,10000,,yes,0.035,0.9111475905555232
3293,0.5187300795766964,0.9953943276370885,0.4766642480603921,"Hajek(recency=10.0,delta=0.20)",Hajek,10.0,0.2,10,20,169,10000,,yes,0.035,0.9111475905555232
3294,0.5240141910973859,0.999895130903525,0.4758809398061391,"Hajek(recency=10.0,delta=0.20)",Hajek,10.0,0.2,10,20,169,10000,,yes,0.035,0.9111475905555232
3295,0.5215678873396208,0.9933938781276349,0.4718259907880141,"Hajek(recency=10.0,delta=0.20)",Hajek,10.0,0.2,10,20,169,10000,,yes,0.035,0.9111475905555232
3296,0.5219723400093499,1.003659428270109,0.4816870882607591,"Hajek(recency=10.0,delta=0.20)",Hajek,10.0,0.2,10,20,169,10000,,yes,0.035,0.9111475905555232
3297,0.5246292520951122,0.9940703270565411,0.46944107496142884,"Hajek(recency=10.0,delta=0.20)",Hajek,10.0,0.2,10,20,169,10000,,yes,0.035,0.9111475905555232
3298,0.5241424197523066,0.9979537010133073,0.4738112812610007,"Hajek(recency=10.0,delta=0.20)",Hajek,10.0,0.2,10,20,169,10000,,yes,0.035,0.9111475905555232
3299,0.5190768872425007,0.9916356901323572,0.4725588028898565,"Hajek(recency=10.0,delta=0.20)",Hajek,10.0,0.2,10,20,169,10000,,yes,0.035,0.9111475905555232
3300,0.5165204227435863,0.9922829291923941,0.4757625064488078,"Hajek(recency=10.0,delta=0.20)",Hajek,10.0,0.2,10,20,169,10000,,yes,0.035,0.9111475905555232
3301,0.5257111981618561,0.99483750502788,0.46912630686602397,"Hajek(recency=10.0,delta=0.20)",Hajek,10.0,0.2,10,20,169,10000,,yes,0.035,0.9111475905555232
3302,0.5239363000951115,1.0033603035223422,0.4794240034272307,"Hajek(recency=10.0,delta=0.20)",Hajek,10.0,0.2,10,20,169,10000,,yes,0.035,0.9111475905555232
3303,0.5263513097795447,1.0091504991397429,0.48279918936019817,"Hajek(recency=10.0,delta=0.20)",Hajek,10.0,0.2,10,20,169,10000,,yes,0.035,0.9111475905555232
3304,0.5235479772738313,0.9927795205848646,0.46923154331103334,"Hajek(recency=10.0,delta=0.20)",Hajek,10.0,0.2,10,20,169,10000,,yes,0.035,0.9111475905555232
3305,0.5199115936629776,1.0014881284554435,0.481576534792466,"Hajek(recency=10.0,delta=0.20)",Hajek,10.0,0.2,10,20,169,10000,,yes,0.035,0.9111475905555232
3306,0.5213900959647463,1.00314379884042,0.48175370287567365,"Hajek(recency=10.0,delta=0.20)",Hajek,10.0,0.2,10,20,169,10000,,yes,0.035,0.9111475905555232
3307,0.5298718350403782,0.9970585002442924,0.4671866652039143,"Hajek(recency=10.0,delta=0.20)",Hajek,10.0,0.2,10,20,169,10000,,yes,0.035,0.9111475905555232
3308,0.526977647139134,0.990823360442273,0.46384571330313906,"Hajek(recency=10.0,delta=0.20)",Hajek,10.0,0.2,10,20,169,10000,,yes,0.035,0.9111475905555232
3309,0.5292979747566983,0.9838643048573907,0.4545663301006925,"Hajek(recency=10.0,delta=0.20)",Hajek,10.0,0.2,10,20,169,10000,,yes,0.035,0.9111475905555232
3310,0.5220218566002414,0.9871647664788186,0.4651429098785772,"Hajek(recency=10.0,delta=0.20)",Hajek,10.0,0.2,10,20,169,10000,,yes,0.035,0.9111475905555232
3311,0.522575811804182,0.9965703030764081,0.47399449127222615,"Hajek(recency=10.0,delta=0.20)",Hajek,10.0,0.2,10,20,169,10000,,yes,0.035,0.9111475905555232
3312,0.5204358811341535,0.9862761912502673,0.4658403101161138,"Hajek(recency=10.0,delta=0.20)",Hajek,10.0,0.2,10,20,169,10000,,yes,0.035,0.9111475905555232
3313,0.5244252207084644,0.9992901797504128,0.47486495904194836,"Hajek(recency=10.0,delta=0.20)",Hajek,10.0,0.2,10,20,169,10000,,yes,0.035,0.9111475905555232
3314,0.5246627228846331,0.9927440520470389,0.46808132916240575,"Hajek(recency=10.0,delta=0.20)",Hajek,10.0,0.2,10,20,169,10000,,yes,0.035,0.9111475905555232
3315,0.5190891036860007,0.9977625577327207,0.47867345404672,"Hajek(recency=10.0,delta=0.20)",Hajek,10.0,0.2,10,20,169,10000,,yes,0.035,0.9111475905555232
3316,0.5218959816570046,0.9953464386347494,0.4734504569777448,"Hajek(recency=10.0,delta=0.20)",Hajek,10.0,0.2,10,20,169,10000,,yes,0.035,0.9111475905555232
3317,0.5268314825450404,0.9928539842686779,0.46602250172363746,"Hajek(recency=10.0,delta=0.20)",Hajek,10.0,0.2,10,20,169,10000,,yes,0.035,0.9111475905555232
3318,0.5271216112305755,1.0043818185461504,0.47726020731557484,"Hajek(recency=10.0,delta=0.20)",Hajek,10.0,0.2,10,20,169,10000,,yes,0.035,0.9111475905555232
3319,0.5186307179080525,0.9965717084310337,0.4779409905229812,"Hajek(recency=10.0,delta=0.20)",Hajek,10.0,0.2,10,20,169,10000,,yes,0.035,0.9111475905555232
3320,0.5195655260266309,0.9898990656721123,0.4703335396454814,"Hajek(recency=10.0,delta=0.20)",Hajek,10.0,0.2,10,20,169,10000,,yes,0.035,0.9111475905555232
3321,0.5250982788370697,0.9949401847447007,0.469841905907631,"Hajek(recency=10.0,delta=0.20)",Hajek,10.0,0.2,10,20,169,10000,,yes,0.035,0.9111475905555232
3322,0.5222528003185742,0.9720405615513819,0.4497877612328076,"Hajek(recency=10.0,delta=0.20)",Hajek,10.0,0.2,10,20,169,10000,,yes,0.035,0.9111475905555232
3323,0.530567041783209,0.9942781682244364,0.46371112644122736,"Hajek(recency=10.0,delta=0.20)",Hajek,10.0,0.2,10,20,169,10000,,yes,0.035,0.9111475905555232
3324,0.521389732137726,0.9972212664800212,0.4758315343422952,"Hajek(recency=10.0,delta=0.20)",Hajek,10.0,0.2,10,20,169,10000,,yes,0.035,0.9111475905555232
3325,0.517940833681895,0.990430864440508,0.47249003075861296,"Hajek(recency=10.0,delta=0.20)",Hajek,10.0,0.2,10,20,169,10000,,yes,0.035,0.9111475905555232
3326,0.5306262196885009,0.9946472601273334,0.4640210404388325,"Hajek(recency=10.0,delta=0.20)",Hajek,10.0,0.2,10,20,169,10000,,yes,0.035,0.9111475905555232
3327,0.5210177066363327,0.9948325301459887,0.473814823509656,"Hajek(recency=10.0,delta=0.20)",Hajek,10.0,0.2,10,20,169,10000,,yes,0.035,0.9111475905555232
3328,0.5207564137351078,0.9778927417110327,0.45713632797592485,"Hajek(recency=10.0,delta=0.20)",Hajek,10.0,0.2,10,20,169,10000,,yes,0.035,0.9111475905555232
3329,0.5230736213366017,0.9868153803641713,0.46374175902756953,"Hajek(recency=10.0,delta=0.20)",Hajek,10.0,0.2,10,20,169,10000,,yes,0.035,0.9111475905555232
3330,0.5184528915944333,0.9901391753255783,0.47168628373114496,"Hajek(recency=10.0,delta=0.20)",Hajek,10.0,0.2,10,20,169,10000,,yes,0.035,0.9111475905555232
3331,0.5190603199039011,0.99384909495853,0.4747887750546289,"Hajek(recency=10.0,delta=0.20)",Hajek,10.0,0.2,10,20,169,10000,,yes,0.035,0.9111475905555232
3332,0.5144534655172023,0.9862460938200953,0.47179262830289304,"Hajek(recency=10.0,delta=0.20)",Hajek,10.0,0.2,10,20,169,10000,,yes,0.035,0.9111475905555232
3333,0.5235787136884116,0.9978936068119381,0.4743148931235265,"Hajek(recency=10.0,delta=0.20)",Hajek,10.0,0.2,10,20,169,10000,,yes,0.035,0.9111475905555232
3334,0.5202470340433654,0.992575048512664,0.4723280144692986,"Hajek(recency=10.0,delta=0.20)",Hajek,10.0,0.2,10,20,169,10000,,yes,0.035,0.9111475905555232
3335,0.5192299338211146,0.9992425466019538,0.4800126127808392,"Hajek(recency=10.0,delta=0.20)",Hajek,10.0,0.2,10,20,169,10000,,yes,0.035,0.9111475905555232
3336,0.5270851535115548,1.0075998764379284,0.48051472292637354,"Hajek(recency=10.0,delta=0.20)",Hajek,10.0,0.2,10,20,169,10000,,yes,0.035,0.9111475905555232
3337,0.523439835845665,0.9795996683957682,0.4561598325501032,"Hajek(recency=10.0,delta=0.20)",Hajek,10.0,0.2,10,20,169,10000,,yes,0.035,0.9111475905555232
3338,0.5240095233735312,0.9950573201697855,0.4710477967962543,"Hajek(recency=10.0,delta=0.20)",Hajek,10.0,0.2,10,20,169,10000,,yes,0.035,0.9111475905555232
3339,0.5217275062603057,0.9924330845967562,0.47070557833645044,"Hajek(recency=10.0,delta=0.20)",Hajek,10.0,0.2,10,20,169,10000,,yes,0.035,0.9111475905555232
3340,0.5207803057979834,0.9925956652589495,0.4718153594609661,"Hajek(recency=10.0,delta=0.20)",Hajek,10.0,0.2,10,20,169,10000,,yes,0.035,0.9111475905555232
3341,0.5221873517907283,0.9956668687906538,0.4734795169999255,"Hajek(recency=10.0,delta=0.20)",Hajek,10.0,0.2,10,20,169,10000,,yes,0.035,0.9111475905555232
3342,0.5196771523326044,1.005599715831368,0.4859225634987637,"Hajek(recency=10.0,delta=0.20)",Hajek,10.0,0.2,10,20,169,10000,,yes,0.035,0.9111475905555232
3343,0.5215302990302609,1.000248215900146,0.4787179168698851,"Hajek(recency=10.0,delta=0.20)",Hajek,10.0,0.2,10,20,169,10000,,yes,0.035,0.9111475905555232
3344,0.5237653501052012,0.9947435824349813,0.4709782323297801,"Hajek(recency=10.0,delta=0.20)",Hajek,10.0,0.2,10,20,169,10000,,yes,0.035,0.9111475905555232
3345,0.5235465211943283,1.004157051738753,0.4806105305444247,"Hajek(recency=10.0,delta=0.20)",Hajek,10.0,0.2,10,20,169,10000,,yes,0.035,0.9111475905555232
3346,0.5239082921772809,0.992999341824887,0.4690910496476062,"Hajek(recency=10.0,delta=0.20)",Hajek,10.0,0.2,10,20,169,10000,,yes,0.035,0.9111475905555232
3347,0.5227229099892047,0.991841657798624,0.4691187478094193,"Hajek(recency=10.0,delta=0.20)",Hajek,10.0,0.2,10,20,169,10000,,yes,0.035,0.9111475905555232
3348,0.5236714495058736,0.9862650017632373,0.46259355225736365,"Hajek(recency=10.0,delta=0.20)",Hajek,10.0,0.2,10,20,169,10000,,yes,0.035,0.9111475905555232
3349,0.5227678188865645,1.0019980669849722,0.47923024809840764,"Hajek(recency=10.0,delta=0.20)",Hajek,10.0,0.2,10,20,169,10000,,yes,0.035,0.9111475905555232
3350,0.5262896955146427,0.9961155758026624,0.46982588028801975,"Hajek(recency=10.0,delta=0.20)",Hajek,10.0,0.2,10,20,169,10000,,yes,0.035,0.9111475905555232
3351,0.5199363582202762,0.9805430634615955,0.4606067052413193,"Hajek(recency=10.0,delta=0.20)",Hajek,10.0,0.2,10,20,169,10000,,yes,0.035,0.9111475905555232
3352,0.5240417406124354,0.9998793948341151,0.4758376542216798,"Hajek(recency=10.0,delta=0.20)",Hajek,10.0,0.2,10,20,169,10000,,yes,0.035,0.9111475905555232
3353,0.519587804858319,0.9841968271036777,0.4646090222453587,"Hajek(recency=10.0,delta=0.20)",Hajek,10.0,0.2,10,20,169,10000,,yes,0.035,0.9111475905555232
3354,0.5206253925503375,0.9945214687800429,0.4738960762297054,"Hajek(recency=10.0,delta=0.20)",Hajek,10.0,0.2,10,20,169,10000,,yes,0.035,0.9111475905555232
3355,0.5230657455365029,0.9953824658224867,0.4723167202859838,"Hajek(recency=10.0,delta=0.20)",Hajek,10.0,0.2,10,20,169,10000,,yes,0.035,0.9111475905555232
3356,0.522440679356162,1.000918313493956,0.4784776341377941,"Hajek(recency=10.0,delta=0.20)",Hajek,10.0,0.2,10,20,169,10000,,yes,0.035,0.9111475905555232
3357,0.5270491728939488,0.9856229473463712,0.4585737744524224,"Hajek(recency=10.0,delta=0.20)",Hajek,10.0,0.2,10,20,169,10000,,yes,0.035,0.9111475905555232
3358,0.5214528602337114,0.9864741303749349,0.4650212701412235,"Hajek(recency=10.0,delta=0.20)",Hajek,10.0,0.2,10,20,169,10000,,yes,0.035,0.9111475905555232
3359,0.5268519159129063,0.9953939613101221,0.4685420453972159,"Hajek(recency=10.0,delta=0.20)",Hajek,10.0,0.2,10,20,169,10000,,yes,0.035,0.9111475905555232
3360,0.5246767290942116,0.988198834144564,0.4635221050503524,"Hajek(recency=10.0,delta=0.20)",Hajek,10.0,0.2,10,20,169,10000,,yes,0.035,0.9111475905555232
3361,0.5249527356104674,0.9823459835181391,0.45739324790767166,"Hajek(recency=10.0,delta=0.20)",Hajek,10.0,0.2,10,20,169,10000,,yes,0.035,0.9111475905555232
3362,0.5231665054737884,1.0036605766200177,0.48049407114622933,"Hajek(recency=10.0,delta=0.20)",Hajek,10.0,0.2,10,20,169,10000,,yes,0.035,0.9111475905555232
3363,0.5213876470737842,0.9903806419357356,0.46899299486195145,"Hajek(recency=10.0,delta=0.20)",Hajek,10.0,0.2,10,20,169,10000,,yes,0.035,0.9111475905555232
3364,0.5302442801244188,1.006433417041523,0.4761891369171042,"Hajek(recency=10.0,delta=0.20)",Hajek,10.0,0.2,10,20,169,10000,,yes,0.035,0.9111475905555232
3365,0.5158301407953814,0.9913074159716893,0.4754772751763079,"Hajek(recency=10.0,delta=0.20)",Hajek,10.0,0.2,10,20,169,10000,,yes,0.035,0.9111475905555232
3366,0.5273594562398266,1.0084105996858337,0.4810511434460071,"Hajek(recency=10.0,delta=0.20)",Hajek,10.0,0.2,10,20,169,10000,,yes,0.035,0.9111475905555232
3367,0.5132583432699843,1.0016652123900653,0.488406869120081,"Hajek(recency=10.0,delta=0.20)",Hajek,10.0,0.2,10,20,169,10000,,yes,0.035,0.9111475905555232
3368,0.5201996379624162,0.9920638359146214,0.47186419795220524,"Hajek(recency=10.0,delta=0.20)",Hajek,10.0,0.2,10,20,169,10000,,yes,0.035,0.9111475905555232
3369,0.5276244797123899,0.991176431621375,0.4635519519089851,"Hajek(recency=10.0,delta=0.20)",Hajek,10.0,0.2,10,20,169,10000,,yes,0.035,0.9111475905555232
3370,0.5290293319017919,1.003498299899328,0.47446896799753613,"Hajek(recency=10.0,delta=0.20)",Hajek,10.0,0.2,10,20,169,10000,,yes,0.035,0.9111475905555232
3371,0.5233854997681304,1.0077041161527318,0.4843186163846014,"Hajek(recency=10.0,delta=0.20)",Hajek,10.0,0.2,10,20,169,10000,,yes,0.035,0.9111475905555232
3372,0.5241134429375298,0.9915168893101455,0.46740344637261566,"Hajek(recency=10.0,delta=0.20)",Hajek,10.0,0.2,10,20,169,10000,,yes,0.035,0.9111475905555232
3373,0.5189146013859829,0.9957761573465754,0.47686155596059254,"Hajek(recency=10.0,delta=0.20)",Hajek,10.0,0.2,10,20,169,10000,,yes,0.035,0.9111475905555232
3374,0.5266928990147982,0.9931045799213349,0.46641168090653673,"Hajek(recency=10.0,delta=0.20)",Hajek,10.0,0.2,10,20,169,10000,,yes,0.035,0.9111475905555232
3375,0.5228313634265745,0.9977812237421694,0.47494986031559483,"Hajek(recency=10.0,delta=0.20)",Hajek,10.0,0.2,10,20,169,10000,,yes,0.035,0.9111475905555232
3376,0.5249431685178411,0.9926319183708765,0.46768874985303543,"Hajek(recency=10.0,delta=0.20)",Hajek,10.0,0.2,10,20,169,10000,,yes,0.035,0.9111475905555232
3377,0.5194538447249617,1.0053503850076224,0.4858965402826607,"Hajek(recency=10.0,delta=0.20)",Hajek,10.0,0.2,10,20,169,10000,,yes,0.035,0.9111475905555232
3378,0.5159383203315636,1.000384748565381,0.48444642823381734,"Hajek(recency=10.0,delta=0.20)",Hajek,10.0,0.2,10,20,169,10000,,yes,0.035,0.9111475905555232
3379,0.5252716173539365,0.9954358234194729,0.47016420606553644,"Hajek(recency=10.0,delta=0.20)",Hajek,10.0,0.2,10,20,169,10000,,yes,0.035,0.9111475905555232
3380,0.5195671946790834,1.0045087651360294,0.48494157045694597,"Hajek(recency=10.0,delta=0.20)",Hajek,10.0,0.2,10,20,169,10000,,yes,0.035,0.9111475905555232
3381,0.5242765173113937,0.991696308580711,0.4674197912693173,"Hajek(recency=10.0,delta=0.20)",Hajek,10.0,0.2,10,20,169,10000,,yes,0.035,0.9111475905555232
3382,0.5223505056960176,0.9912222447237575,0.46887173902773993,"Hajek(recency=10.0,delta=0.20)",Hajek,10.0,0.2,10,20,169,10000,,yes,0.035,0.9111475905555232
3383,0.5235663897409448,0.9997662153307135,0.4761998255897687,"Hajek(recency=10.0,delta=0.20)",Hajek,10.0,0.2,10,20,169,10000,,yes,0.035,0.9111475905555232
3384,0.5203875143606514,0.9855928555343946,0.4652053411737431,"Hajek(recency=10.0,delta=0.20)",Hajek,10.0,0.2,10,20,169,10000,,yes,0.035,0.9111475905555232
3385,0.5254703110508385,1.001128431233241,0.4756581201824024,"Hajek(recency=10.0,delta=0.20)",Hajek,10.0,0.2,10,20,169,10000,,yes,0.035,0.9111475905555232
3386,0.5192088316734048,0.9931931761366086,0.4739843444632038,"Hajek(recency=10.0,delta=0.20)",Hajek,10.0,0.2,10,20,169,10000,,yes,0.035,0.9111475905555232
3387,0.5198860079246365,0.9971130269832158,0.47722701905857934,"Hajek(recency=10.0,delta=0.20)",Hajek,10.0,0.2,10,20,169,10000,,yes,0.035,0.9111475905555232
3388,0.5226388508506742,0.9952724429218781,0.4726335920712039,"Hajek(recency=10.0,delta=0.20)",Hajek,10.0,0.2,10,20,169,10000,,yes,0.035,0.9111475905555232
3389,0.5253181935832653,0.9920218680426715,0.4667036744594062,"Hajek(recency=10.0,delta=0.20)",Hajek,10.0,0.2,10,20,169,10000,,yes,0.035,0.9111475905555232
3390,0.5230161457477716,0.9840732621446499,0.4610571163968783,"Hajek(recency=10.0,delta=0.20)",Hajek,10.0,0.2,10,20,169,10000,,yes,0.035,0.9111475905555232
3391,0.520619268260542,0.9988722534716331,0.47825298521109116,"Hajek(recency=10.0,delta=0.20)",Hajek,10.0,0.2,10,20,169,10000,,yes,0.035,0.9111475905555232
3392,0.5254148861187339,1.0018940110918504,0.4764791249731165,"Hajek(recency=10.0,delta=0.20)",Hajek,10.0,0.2,10,20,169,10000,,yes,0.035,0.9111475905555232
3393,0.5277518403125433,0.9861696699072725,0.4584178295947292,"Hajek(recency=10.0,delta=0.20)",Hajek,10.0,0.2,10,20,169,10000,,yes,0.035,0.9111475905555232
3394,0.5248754318871158,0.9992662079132615,0.47439077602614566,"Hajek(recency=10.0,delta=0.20)",Hajek,10.0,0.2,10,20,169,10000,,yes,0.035,0.9111475905555232
3395,0.5225052145818367,1.0068903207955622,0.48438510621372544,"Hajek(recency=10.0,delta=0.20)",Hajek,10.0,0.2,10,20,169,10000,,yes,0.035,0.9111475905555232
3396,0.5230092740499752,0.997106561851884,0.47409728780190874,"Hajek(recency=10.0,delta=0.20)",Hajek,10.0,0.2,10,20,169,10000,,yes,0.035,0.9111475905555232
3397,0.5269803362076675,0.9980999329839836,0.4711195967763161,"Hajek(recency=10.0,delta=0.20)",Hajek,10.0,0.2,10,20,169,10000,,yes,0.035,0.9111475905555232
3398,0.5231523323557612,1.0052670121750147,0.4821146798192535,"Hajek(recency=10.0,delta=0.20)",Hajek,10.0,0.2,10,20,169,10000,,yes,0.035,0.9111475905555232
3399,0.5239085761726386,0.9889843408217407,0.46507576464910205,"Hajek(recency=10.0,delta=0.20)",Hajek,10.0,0.2,10,20,169,10000,,yes,0.035,0.9111475905555232
3400,0.5287700167859403,0.9949128653734949,0.4661428485875546,"Hajek(recency=10.0,delta=0.20)",Hajek,10.0,0.2,10,20,169,10000,,yes,0.035,0.9111475905555232
3401,0.5276866820677378,0.9961381964133651,0.46845151434562726,"Hajek(recency=10.0,delta=0.20)",Hajek,10.0,0.2,10,20,169,10000,,yes,0.035,0.9111475905555232
3402,0.5200291786868264,1.0020975181100558,0.48206833942322935,"Hajek(recency=10.0,delta=0.20)",Hajek,10.0,0.2,10,20,169,10000,,yes,0.035,0.9111475905555232
3403,0.5250113389436842,1.005077992138453,0.4800666531947687,"Hajek(recency=10.0,delta=0.20)",Hajek,10.0,0.2,10,20,169,10000,,yes,0.035,0.9111475905555232
3404,0.519379773085421,0.9850162026858259,0.46563642960040486,"Hajek(recency=10.0,delta=0.20)",Hajek,10.0,0.2,10,20,169,10000,,yes,0.035,0.9111475905555232
3405,0.5174454920705127,1.0100153095272244,0.4925698174567117,"Hajek(recency=10.0,delta=0.20)",Hajek,10.0,0.2,10,20,169,10000,,yes,0.035,0.9111475905555232
3406,0.5191993307035659,1.0016447936356028,0.48244546293203683,"Hajek(recency=10.0,delta=0.20)",Hajek,10.0,0.2,10,20,169,10000,,yes,0.035,0.9111475905555232
3407,0.5180168845138367,0.9897095803997001,0.4716926958858635,"Hajek(recency=10.0,delta=0.20)",Hajek,10.0,0.2,10,20,169,10000,,yes,0.035,0.9111475905555232
3408,0.523404427040192,0.9958586605078689,0.4724542334676769,"Hajek(recency=10.0,delta=0.20)",Hajek,10.0,0.2,10,20,169,10000,,yes,0.035,0.9111475905555232
3409,0.5231884559513305,0.9949668855560676,0.47177842960473715,"Hajek(recency=10.0,delta=0.20)",Hajek,10.0,0.2,10,20,169,10000,,yes,0.035,0.9111475905555232
3410,0.524921080827123,1.0070684505464316,0.4821473697193086,"Hajek(recency=10.0,delta=0.20)",Hajek,10.0,0.2,10,20,169,10000,,yes,0.035,0.9111475905555232
3411,0.5301637341572469,1.0028734305711684,0.47270969641392147,"Hajek(recency=10.0,delta=0.20)",Hajek,10.0,0.2,10,20,169,10000,,yes,0.035,0.9111475905555232
3412,0.5218286766488253,0.9963249840751618,0.4744963074263365,"Hajek(recency=10.0,delta=0.20)",Hajek,10.0,0.2,10,20,169,10000,,yes,0.035,0.9111475905555232
3413,0.5257828094756876,0.9931801614162226,0.467397351940535,"Hajek(recency=10.0,delta=0.20)",Hajek,10.0,0.2,10,20,169,10000,,yes,0.035,0.9111475905555232
3414,0.5315362260236153,0.9969871431592758,0.46545091713566056,"Hajek(recency=10.0,delta=0.20)",Hajek,10.0,0.2,10,20,169,10000,,yes,0.035,0.9111475905555232
3415,0.5273799950122265,0.9864126024194944,0.4590326074072678,"Hajek(recency=10.0,delta=0.20)",Hajek,10.0,0.2,10,20,169,10000,,yes,0.035,0.9111475905555232
3416,0.5247387770294196,1.0016034688226103,0.4768646917931907,"Hajek(recency=10.0,delta=0.20)",Hajek,10.0,0.2,10,20,169,10000,,yes,0.035,0.9111475905555232
3417,0.5235669977804502,0.9974052252691632,0.47383822748871296,"Hajek(recency=10.0,delta=0.20)",Hajek,10.0,0.2,10,20,169,10000,,yes,0.035,0.9111475905555232
3418,0.5234607538916833,0.9995019299674305,0.47604117607574714,"Hajek(recency=10.0,delta=0.20)",Hajek,10.0,0.2,10,20,169,10000,,yes,0.035,0.9111475905555232
3419,0.5228623224825748,0.9991891247994584,0.4763268023168836,"Hajek(recency=10.0,delta=0.20)",Hajek,10.0,0.2,10,20,169,10000,,yes,0.035,0.9111475905555232
3420,0.5172525155236011,1.002591117597276,0.48533860207367485,"Hajek(recency=10.0,delta=0.20)",Hajek,10.0,0.2,10,20,169,10000,,yes,0.035,0.9111475905555232
3421,0.521377593155455,1.0108743351757945,0.48949674202033955,"Hajek(recency=10.0,delta=0.20)",Hajek,10.0,0.2,10,20,169,10000,,yes,0.035,0.9111475905555232
3422,0.5224384719717675,0.9927195657947235,0.470281093822956,"Hajek(recency=10.0,delta=0.20)",Hajek,10.0,0.2,10,20,169,10000,,yes,0.035,0.9111475905555232
3423,0.525196488612815,1.0043732851987899,0.4791767965859749,"Hajek(recency=10.0,delta=0.20)",Hajek,10.0,0.2,10,20,169,10000,,yes,0.035,0.9111475905555232
3424,0.5261162267396922,0.9998055834731199,0.4736893567334277,"Hajek(recency=10.0,delta=0.20)",Hajek,10.0,0.2,10,20,169,10000,,yes,0.035,0.9111475905555232
3425,0.5223262648072117,0.9957307746341519,0.47340450982694027,"Hajek(recency=10.0,delta=0.20)",Hajek,10.0,0.2,10,20,169,10000,,yes,0.035,0.9111475905555232
3426,0.5256683726771885,0.9972027953728607,0.47153442269567225,"Hajek(recency=10.0,delta=0.20)",Hajek,10.0,0.2,10,20,169,10000,,yes,0.035,0.9111475905555232
3427,0.5132004771776898,0.989648082818676,0.4764476056409862,"Hajek(recency=10.0,delta=0.20)",Hajek,10.0,0.2,10,20,169,10000,,yes,0.035,0.9111475905555232
3428,0.524081123848598,0.9999686898703007,0.4758875660217028,"Hajek(recency=10.0,delta=0.20)",Hajek,10.0,0.2,10,20,169,10000,,yes,0.035,0.9111475905555232
3429,0.5269015571106673,0.988473333884595,0.4615717767739277,"Hajek(recency=10.0,delta=0.20)",Hajek,10.0,0.2,10,20,169,10000,,yes,0.035,0.9111475905555232
3430,0.523979983408913,0.9841648573620825,0.4601848739531694,"Hajek(recency=10.0,delta=0.20)",Hajek,10.0,0.2,10,20,169,10000,,yes,0.035,0.9111475905555232
3431,0.5327395997505605,1.0007541603496188,0.4680145605990583,"Hajek(recency=10.0,delta=0.20)",Hajek,10.0,0.2,10,20,169,10000,,yes,0.035,0.9111475905555232
3432,0.524742932723307,0.9932232977411215,0.46848036501781454,"Hajek(recency=10.0,delta=0.20)",Hajek,10.0,0.2,10,20,169,10000,,yes,0.035,0.9111475905555232
3433,0.5213593871487923,0.9975812257331212,0.476221838584329,"Hajek(recency=10.0,delta=0.20)",Hajek,10.0,0.2,10,20,169,10000,,yes,0.035,0.9111475905555232
3434,0.5274665149901996,0.9914682655555898,0.46400175056539017,"Hajek(recency=10.0,delta=0.20)",Hajek,10.0,0.2,10,20,169,10000,,yes,0.035,0.9111475905555232
3435,0.5266122213949823,0.9979003609433246,0.47128813954834226,"Hajek(recency=10.0,delta=0.20)",Hajek,10.0,0.2,10,20,169,10000,,yes,0.035,0.9111475905555232
3436,0.5227236497205451,1.0020722506492405,0.47934860092869547,"Hajek(recency=10.0,delta=0.20)",Hajek,10.0,0.2,10,20,169,10000,,yes,0.035,0.9111475905555232
3437,0.5213007871720166,0.9970048874670432,0.47570410029502663,"Hajek(recency=10.0,delta=0.20)",Hajek,10.0,0.2,10,20,169,10000,,yes,0.035,0.9111475905555232
3438,0.5247301483680122,1.0062141520795458,0.48148400371153355,"Hajek(recency=10.0,delta=0.20)",Hajek,10.0,0.2,10,20,169,10000,,yes,0.035,0.9111475905555232
3439,0.5161577212792523,1.000291330469855,0.4841336091906028,"Hajek(recency=10.0,delta=0.20)",Hajek,10.0,0.2,10,20,169,10000,,yes,0.035,0.9111475905555232
3440,0.5200560207467672,0.9942581922999163,0.47420217155314914,"Hajek(recency=10.0,delta=0.20)",Hajek,10.0,0.2,10,20,169,10000,,yes,0.035,0.9111475905555232
3441,0.5273911069839123,1.0060614307558522,0.47867032377193985,"Hajek(recency=10.0,delta=0.20)",Hajek,10.0,0.2,10,20,169,10000,,yes,0.035,0.9111475905555232
3442,0.5210460807323912,0.9845286770957071,0.4634825963633159,"Hajek(recency=10.0,delta=0.20)",Hajek,10.0,0.2,10,20,169,10000,,yes,0.035,0.9111475905555232
3443,0.531665388511312,0.987455849399522,0.45579046088821007,"Hajek(recency=10.0,delta=0.20)",Hajek,10.0,0.2,10,20,169,10000,,yes,0.035,0.9111475905555232
3444,0.5273032989892633,0.9859019815240082,0.4585986825347449,"Hajek(recency=10.0,delta=0.20)",Hajek,10.0,0.2,10,20,169,10000,,yes,0.035,0.9111475905555232
3445,0.5275155799568549,1.0019304318618174,0.47441485190496246,"Hajek(recency=10.0,delta=0.20)",Hajek,10.0,0.2,10,20,169,10000,,yes,0.035,0.9111475905555232
3446,0.524139667822156,0.9925224356233042,0.4683827678011482,"Hajek(recency=10.0,delta=0.20)",Hajek,10.0,0.2,10,20,169,10000,,yes,0.035,0.9111475905555232
3447,0.5195515866735309,1.0084114620460627,0.48885987537253184,"Hajek(recency=10.0,delta=0.20)",Hajek,10.0,0.2,10,20,169,10000,,yes,0.035,0.9111475905555232
3448,0.5143785720716497,1.004701303312539,0.4903227312408892,"Hajek(recency=10.0,delta=0.20)",Hajek,10.0,0.2,10,20,169,10000,,yes,0.035,0.9111475905555232
3449,0.5252145394987933,0.9963510119092477,0.4711364724104544,"Hajek(recency=10.0,delta=0.20)",Hajek,10.0,0.2,10,20,169,10000,,yes,0.035,0.9111475905555232
3450,0.5262190622928078,0.9950444812520441,0.46882541895923635,"Hajek(recency=10.0,delta=0.20)",Hajek,10.0,0.2,10,20,169,10000,,yes,0.035,0.9111475905555232
3451,0.5223225025041475,1.0008453475838532,0.47852284507970577,"Hajek(recency=10.0,delta=0.20)",Hajek,10.0,0.2,10,20,169,10000,,yes,0.035,0.9111475905555232
3452,0.5220332965939344,1.0012772617999997,0.47924396520606527,"Hajek(recency=10.0,delta=0.20)",Hajek,10.0,0.2,10,20,169,10000,,yes,0.035,0.9111475905555232
3453,0.5202426498164429,0.9946660648214714,0.4744234150050285,"Hajek(recency=10.0,delta=0.20)",Hajek,10.0,0.2,10,20,169,10000,,yes,0.035,0.9111475905555232
3454,0.5231425075865068,0.9992862467225387,0.4761437391360319,"Hajek(recency=10.0,delta=0.20)",Hajek,10.0,0.2,10,20,169,10000,,yes,0.035,0.9111475905555232
3455,0.5282999498321725,0.988999182581103,0.46069923274893043,"Hajek(recency=10.0,delta=0.20)",Hajek,10.0,0.2,10,20,169,10000,,yes,0.035,0.9111475905555232
3456,0.5259979084164342,0.9965344357725651,0.47053652735613083,"Hajek(recency=10.0,delta=0.20)",Hajek,10.0,0.2,10,20,169,10000,,yes,0.035,0.9111475905555232
3457,0.5215204121921457,0.9947888898331989,0.4732684776410532,"Hajek(recency=10.0,delta=0.20)",Hajek,10.0,0.2,10,20,169,10000,,yes,0.035,0.9111475905555232
3458,0.5222411560032068,0.9936350964242995,0.4713939404210927,"Hajek(recency=10.0,delta=0.20)",Hajek,10.0,0.2,10,20,169,10000,,yes,0.035,0.9111475905555232
3459,0.5261232808030989,0.9972816931449615,0.4711584123418626,"Hajek(recency=10.0,delta=0.20)",Hajek,10.0,0.2,10,20,169,10000,,yes,0.035,0.9111475905555232
3460,0.5180086985355162,1.001366886593517,0.4833581880580008,"Hajek(recency=10.0,delta=0.20)",Hajek,10.0,0.2,10,20,169,10000,,yes,0.035,0.9111475905555232
3461,0.5250593323029454,0.993445260337288,0.46838592803434254,"Hajek(recency=10.0,delta=0.20)",Hajek,10.0,0.2,10,20,169,10000,,yes,0.035,0.9111475905555232
3462,0.5277001605341904,0.9862903022289138,0.45859014169472334,"Hajek(recency=10.0,delta=0.20)",Hajek,10.0,0.2,10,20,169,10000,,yes,0.035,0.9111475905555232
3463,0.5239394735886354,1.0015731064625943,0.477633632873959,"Hajek(recency=10.0,delta=0.20)",Hajek,10.0,0.2,10,20,169,10000,,yes,0.035,0.9111475905555232
3464,0.5283058822287294,1.000421890036933,0.4721160078082036,"Hajek(recency=10.0,delta=0.20)",Hajek,10.0,0.2,10,20,169,10000,,yes,0.035,0.9111475905555232
3465,0.5199784146470231,0.9951902458892458,0.47521183124222266,"Hajek(recency=10.0,delta=0.20)",Hajek,10.0,0.2,10,20,169,10000,,yes,0.035,0.9111475905555232
3466,0.5234836782344895,1.0156969304027241,0.49221325216823464,"Hajek(recency=10.0,delta=0.20)",Hajek,10.0,0.2,10,20,169,10000,,yes,0.035,0.9111475905555232
3467,0.5210137075153364,0.9988405998574772,0.4778268923421408,"Hajek(recency=10.0,delta=0.20)",Hajek,10.0,0.2,10,20,169,10000,,yes,0.035,0.9111475905555232
3468,0.5211193663178874,1.0034872338237557,0.48236786750586835,"Hajek(recency=10.0,delta=0.20)",Hajek,10.0,0.2,10,20,169,10000,,yes,0.035,0.9111475905555232
3469,0.5248487789570693,1.0020389769510525,0.4771901979939832,"Hajek(recency=10.0,delta=0.20)",Hajek,10.0,0.2,10,20,169,10000,,yes,0.035,0.9111475905555232
3470,0.5208093765891405,1.0078347229161508,0.48702534632701033,"Hajek(recency=10.0,delta=0.20)",Hajek,10.0,0.2,10,20,169,10000,,yes,0.035,0.9111475905555232
3471,0.5249541815402228,0.997378648256036,0.4724244667158132,"Hajek(recency=10.0,delta=0.20)",Hajek,10.0,0.2,10,20,169,10000,,yes,0.035,0.9111475905555232
3472,0.5183374057703221,0.9781279040245939,0.4597904982542719,"Hajek(recency=10.0,delta=0.20)",Hajek,10.0,0.2,10,20,169,10000,,yes,0.035,0.9111475905555232
3473,0.5200945325826857,0.9944753922984227,0.47438085971573707,"Hajek(recency=10.0,delta=0.20)",Hajek,10.0,0.2,10,20,169,10000,,yes,0.035,0.9111475905555232
3474,0.5272721567599223,1.0007037788196878,0.4734316220597654,"Hajek(recency=10.0,delta=0.20)",Hajek,10.0,0.2,10,20,169,10000,,yes,0.035,0.9111475905555232
3475,0.5286005374343147,0.9910855109525954,0.4624849735182808,"Hajek(recency=10.0,delta=0.20)",Hajek,10.0,0.2,10,20,169,10000,,yes,0.035,0.9111475905555232
3476,0.5222934498050965,1.004802707127054,0.4825092573219575,"Hajek(recency=10.0,delta=0.20)",Hajek,10.0,0.2,10,20,169,10000,,yes,0.035,0.9111475905555232
3477,0.5275367351666407,0.9929453628814238,0.4654086277147831,"Hajek(recency=10.0,delta=0.20)",Hajek,10.0,0.2,10,20,169,10000,,yes,0.035,0.9111475905555232
3478,0.5280318179077127,1.0061105656200524,0.4780787477123397,"Hajek(recency=10.0,delta=0.20)",Hajek,10.0,0.2,10,20,169,10000,,yes,0.035,0.9111475905555232
3479,0.5256286634810097,0.9965696646537238,0.4709410011727141,"Hajek(recency=10.0,delta=0.20)",Hajek,10.0,0.2,10,20,169,10000,,yes,0.035,0.9111475905555232
3480,0.5192136104974806,0.9923149883238443,0.47310137782636374,"Hajek(recency=10.0,delta=0.20)",Hajek,10.0,0.2,10,20,169,10000,,yes,0.035,0.9111475905555232
3481,0.5247939325841654,0.9901902847294685,0.46539635214530306,"Hajek(recency=10.0,delta=0.20)",Hajek,10.0,0.2,10,20,169,10000,,yes,0.035,0.9111475905555232
3482,0.5169209659917673,0.9954990920740892,0.47857812608232186,"Hajek(recency=10.0,delta=0.20)",Hajek,10.0,0.2,10,20,169,10000,,yes,0.035,0.9111475905555232
3483,0.5270068897010819,1.0075529568693806,0.48054606716829873,"Hajek(recency=10.0,delta=0.20)",Hajek,10.0,0.2,10,20,169,10000,,yes,0.035,0.9111475905555232
3484,0.5245804566753826,0.9925720829305961,0.4679916262552135,"Hajek(recency=10.0,delta=0.20)",Hajek,10.0,0.2,10,20,169,10000,,yes,0.035,0.9111475905555232
3485,0.5261527819275529,0.9896081482927571,0.46345536636520424,"Hajek(recency=10.0,delta=0.20)",Hajek,10.0,0.2,10,20,169,10000,,yes,0.035,0.9111475905555232
3486,0.5207845553666813,0.9996562425247018,0.4788716871580204,"Hajek(recency=10.0,delta=0.20)",Hajek,10.0,0.2,10,20,169,10000,,yes,0.035,0.9111475905555232
3487,0.5230089157677993,0.9879676353066832,0.4649587195388839,"Hajek(recency=10.0,delta=0.20)",Hajek,10.0,0.2,10,20,169,10000,,yes,0.035,0.9111475905555232
3488,0.5248678308108791,0.9959304746217758,0.4710626438108967,"Hajek(recency=10.0,delta=0.20)",Hajek,10.0,0.2,10,20,169,10000,,yes,0.035,0.9111475905555232
3489,0.5222483127246275,1.0007032204465054,0.47845490772187793,"Hajek(recency=10.0,delta=0.20)",Hajek,10.0,0.2,10,20,169,10000,,yes,0.035,0.9111475905555232
3490,0.5184440893948242,1.0027745211111552,0.48433043171633094,"Hajek(recency=10.0,delta=0.20)",Hajek,10.0,0.2,10,20,169,10000,,yes,0.035,0.9111475905555232
3491,0.523410038368338,0.9880578867701819,0.4646478484018439,"Hajek(recency=10.0,delta=0.20)",Hajek,10.0,0.2,10,20,169,10000,,yes,0.035,0.9111475905555232
3492,0.5198858462660059,0.9879482012458904,0.4680623549798846,"Hajek(recency=10.0,delta=0.20)",Hajek,10.0,0.2,10,20,169,10000,,yes,0.035,0.9111475905555232
3493,0.5197923165709638,0.9925542176822563,0.47276190111129246,"Hajek(recency=10.0,delta=0.20)",Hajek,10.0,0.2,10,20,169,10000,,yes,0.035,0.9111475905555232
3494,0.5279196850026188,0.9812558274899222,0.4533361424873035,"Hajek(recency=10.0,delta=0.20)",Hajek,10.0,0.2,10,20,169,10000,,yes,0.035,0.9111475905555232
3495,0.5228929529591899,0.9961842854889746,0.4732913325297847,"Hajek(recency=10.0,delta=0.20)",Hajek,10.0,0.2,10,20,169,10000,,yes,0.035,0.9111475905555232
3496,0.5254265924769597,0.988449504549302,0.46302291207234236,"Hajek(recency=10.0,delta=0.20)",Hajek,10.0,0.2,10,20,169,10000,,yes,0.035,0.9111475905555232
3497,0.5240127594849766,0.9919883827992529,0.46797562331427633,"Hajek(recency=10.0,delta=0.20)",Hajek,10.0,0.2,10,20,169,10000,,yes,0.035,0.9111475905555232
3498,0.5168086355021312,0.9822869354782514,0.4654782999761202,"Hajek(recency=10.0,delta=0.20)",Hajek,10.0,0.2,10,20,169,10000,,yes,0.035,0.9111475905555232
3499,0.5235600849436945,0.9864638335637678,0.4629037486200732,"Hajek(recency=10.0,delta=0.20)",Hajek,10.0,0.2,10,20,169,10000,,yes,0.035,0.9111475905555232
3500,0.5250766837903195,0.9830095165926626,0.4579328328023431,"Hajek(recency=10.0,delta=0.20)",Hajek,10.0,0.2,10,20,169,10000,,yes,0.035,0.9111475905555232
3501,0.5142992251702556,1.0096460312058106,0.49534680603555503,"Hajek(recency=10.0,delta=0.20)",Hajek,10.0,0.2,10,20,169,10000,,yes,0.035,0.9111475905555232
3502,0.5192790312191786,0.9978261639901869,0.47854713277100824,"Hajek(recency=10.0,delta=0.20)",Hajek,10.0,0.2,10,20,169,10000,,yes,0.035,0.9111475905555232
3503,0.5250417456390254,1.0053910244220572,0.4803492787830318,"Hajek(recency=10.0,delta=0.20)",Hajek,10.0,0.2,10,20,169,10000,,yes,0.035,0.9111475905555232
3504,0.5208630202049758,0.991579633251035,0.4707166130460593,"Hajek(recency=10.0,delta=0.20)",Hajek,10.0,0.2,10,20,169,10000,,yes,0.035,0.9111475905555232
3505,0.5322047278865848,0.9907631005903306,0.4585583727037458,"Hajek(recency=10.0,delta=0.20)",Hajek,10.0,0.2,10,20,169,10000,,yes,0.035,0.9111475905555232
3506,0.5240228515107945,1.0055379492175731,0.4815150977067786,"Hajek(recency=10.0,delta=0.20)",Hajek,10.0,0.2,10,20,169,10000,,yes,0.035,0.9111475905555232
3507,0.5212207806524198,0.9877599297438964,0.46653914909147653,"Hajek(recency=10.0,delta=0.20)",Hajek,10.0,0.2,10,20,169,10000,,yes,0.035,0.9111475905555232
3508,0.5249454081028803,0.9862256099357245,0.46128020183284424,"Hajek(recency=10.0,delta=0.20)",Hajek,10.0,0.2,10,20,169,10000,,yes,0.035,0.9111475905555232
3509,0.5215756227155897,0.9893838955470675,0.46780827283147786,"Hajek(recency=10.0,delta=0.20)",Hajek,10.0,0.2,10,20,169,10000,,yes,0.035,0.9111475905555232
3510,0.5242409413282224,0.9922598779589661,0.4680189366307437,"Hajek(recency=10.0,delta=0.20)",Hajek,10.0,0.2,10,20,169,10000,,yes,0.035,0.9111475905555232
3511,0.5262807245423825,0.9968953436584594,0.47061461911607694,"Hajek(recency=10.0,delta=0.20)",Hajek,10.0,0.2,10,20,169,10000,,yes,0.035,0.9111475905555232
3512,0.5224503634606462,1.007923084478903,0.4854727210182569,"Hajek(recency=10.0,delta=0.20)",Hajek,10.0,0.2,10,20,169,10000,,yes,0.035,0.9111475905555232
3513,0.5252331949264023,0.9934315699215344,0.46819837499513206,"Hajek(recency=10.0,delta=0.20)",Hajek,10.0,0.2,10,20,169,10000,,yes,0.035,0.9111475905555232
3514,0.527426735355134,1.002584594178427,0.4751578588232931,"Hajek(recency=10.0,delta=0.20)",Hajek,10.0,0.2,10,20,169,10000,,yes,0.035,0.9111475905555232
3515,0.5209912496948528,1.0015861079773956,0.4805948582825428,"Hajek(recency=10.0,delta=0.20)",Hajek,10.0,0.2,10,20,169,10000,,yes,0.035,0.9111475905555232
3516,0.5215476511548105,0.9988255663504542,0.47727791519564366,"Hajek(recency=10.0,delta=0.20)",Hajek,10.0,0.2,10,20,169,10000,,yes,0.035,0.9111475905555232
3517,0.5235416547381954,0.9869400253937123,0.4633983706555169,"Hajek(recency=10.0,delta=0.20)",Hajek,10.0,0.2,10,20,169,10000,,yes,0.035,0.9111475905555232
3518,0.5276356906076952,0.9968178678875961,0.46918217727990086,"Hajek(recency=10.0,delta=0.20)",Hajek,10.0,0.2,10,20,169,10000,,yes,0.035,0.9111475905555232
3519,0.5250994494700192,1.0168315376113413,0.4917320881413221,"Hajek(recency=10.0,delta=0.20)",Hajek,10.0,0.2,10,20,169,10000,,yes,0.035,0.9111475905555232
3520,0.5229344058735194,0.9926824362055238,0.4697480303320044,"Hajek(recency=10.0,delta=0.20)",Hajek,10.0,0.2,10,20,169,10000,,yes,0.035,0.9111475905555232
3521,0.528510610553401,0.9915499770241298,0.46303936647072885,"Hajek(recency=10.0,delta=0.20)",Hajek,10.0,0.2,10,20,169,10000,,yes,0.035,0.9111475905555232
3522,0.526218347078771,0.996646776662698,0.47042842958392694,"Hajek(recency=10.0,delta=0.20)",Hajek,10.0,0.2,10,20,169,10000,,yes,0.035,0.9111475905555232
3523,0.5174870652697999,0.9855279817537878,0.4680409164839878,"Hajek(recency=10.0,delta=0.20)",Hajek,10.0,0.2,10,20,169,10000,,yes,0.035,0.9111475905555232
3524,0.5236668866887912,0.9997463153467689,0.4760794286579777,"Hajek(recency=10.0,delta=0.20)",Hajek,10.0,0.2,10,20,169,10000,,yes,0.035,0.9111475905555232
3525,0.5195394148483107,1.0105390511466845,0.49099963629837384,"Hajek(recency=10.0,delta=0.20)",Hajek,10.0,0.2,10,20,169,10000,,yes,0.035,0.9111475905555232
3526,0.5255572392599558,1.0055650834091627,0.48000784414920694,"Hajek(recency=10.0,delta=0.20)",Hajek,10.0,0.2,10,20,169,10000,,yes,0.035,0.9111475905555232
3527,0.5251729280798002,0.9966354747732017,0.4714625466934015,"Hajek(recency=10.0,delta=0.20)",Hajek,10.0,0.2,10,20,169,10000,,yes,0.035,0.9111475905555232
3528,0.5289164414315621,1.0032116099724984,0.47429516854093623,"Hajek(recency=10.0,delta=0.20)",Hajek,10.0,0.2,10,20,169,10000,,yes,0.035,0.9111475905555232
3529,0.5188265048796707,1.0000673618337177,0.48124085695404695,"Hajek(recency=10.0,delta=0.20)",Hajek,10.0,0.2,10,20,169,10000,,yes,0.035,0.9111475905555232
3530,0.5215657192279174,1.001089718631031,0.47952399940311363,"Hajek(recency=10.0,delta=0.20)",Hajek,10.0,0.2,10,20,169,10000,,yes,0.035,0.9111475905555232
3531,0.5288152092922539,0.9986248903958342,0.46980968110358035,"Hajek(recency=10.0,delta=0.20)",Hajek,10.0,0.2,10,20,169,10000,,yes,0.035,0.9111475905555232
3532,0.5306627937198065,0.9939827659382066,0.46331997221840004,"Hajek(recency=10.0,delta=0.20)",Hajek,10.0,0.2,10,20,169,10000,,yes,0.035,0.9111475905555232
3533,0.520453941799172,0.9947138514404845,0.4742599096413125,"Hajek(recency=10.0,delta=0.20)",Hajek,10.0,0.2,10,20,169,10000,,yes,0.035,0.9111475905555232
3534,0.5185064056625093,0.9888605230163483,0.47035411735383903,"Hajek(recency=10.0,delta=0.20)",Hajek,10.0,0.2,10,20,169,10000,,yes,0.035,0.9111475905555232
3535,0.5264735516330774,0.9931369354353119,0.4666633838022345,"Hajek(recency=10.0,delta=0.20)",Hajek,10.0,0.2,10,20,169,10000,,yes,0.035,0.9111475905555232
3536,0.5299941121639039,0.9940150557430595,0.4640209435791556,"Hajek(recency=10.0,delta=0.20)",Hajek,10.0,0.2,10,20,169,10000,,yes,0.035,0.9111475905555232
3537,0.5178448215311201,1.002343558352973,0.48449873682185285,"Hajek(recency=10.0,delta=0.20)",Hajek,10.0,0.2,10,20,169,10000,,yes,0.035,0.9111475905555232
3538,0.5181577612329593,0.9942480041824727,0.4760902429495134,"Hajek(recency=10.0,delta=0.20)",Hajek,10.0,0.2,10,20,169,10000,,yes,0.035,0.9111475905555232
3539,0.52400117687598,0.983957439144483,0.45995626226850295,"Hajek(recency=10.0,delta=0.20)",Hajek,10.0,0.2,10,20,169,10000,,yes,0.035,0.9111475905555232
3540,0.5193462054645727,0.9847843815664193,0.4654381761018467,"Hajek(recency=10.0,delta=0.20)",Hajek,10.0,0.2,10,20,169,10000,,yes,0.035,0.9111475905555232
3541,0.5304338071626573,0.9914646948884362,0.46103088772577894,"Hajek(recency=10.0,delta=0.20)",Hajek,10.0,0.2,10,20,169,10000,,yes,0.035,0.9111475905555232
3542,0.5317249411986802,1.0049374757333205,0.4732125345346403,"Hajek(recency=10.0,delta=0.20)",Hajek,10.0,0.2,10,20,169,10000,,yes,0.035,0.9111475905555232
3543,0.5228480018314107,0.9864805668799457,0.463632565048535,"Hajek(recency=10.0,delta=0.20)",Hajek,10.0,0.2,10,20,169,10000,,yes,0.035,0.9111475905555232
3544,0.5158446511713859,0.9824260567387636,0.4665814055673777,"Hajek(recency=10.0,delta=0.20)",Hajek,10.0,0.2,10,20,169,10000,,yes,0.035,0.9111475905555232
3545,0.525161956548962,1.0083615927494762,0.4831996362005142,"Hajek(recency=10.0,delta=0.20)",Hajek,10.0,0.2,10,20,169,10000,,yes,0.035,0.9111475905555232
3546,0.5180418726449895,0.9858310186331384,0.4677891459881489,"Hajek(recency=10.0,delta=0.20)",Hajek,10.0,0.2,10,20,169,10000,,yes,0.035,0.9111475905555232
3547,0.5236972524189235,0.9903866517714257,0.4666893993525022,"Hajek(recency=10.0,delta=0.20)",Hajek,10.0,0.2,10,20,169,10000,,yes,0.035,0.9111475905555232
3548,0.5299705859531023,0.9987940482454992,0.4688234622923969,"Hajek(recency=10.0,delta=0.20)",Hajek,10.0,0.2,10,20,169,10000,,yes,0.035,0.9111475905555232
3549,0.5219333266814662,0.9964435334509935,0.47451020676952727,"Hajek(recency=10.0,delta=0.20)",Hajek,10.0,0.2,10,20,169,10000,,yes,0.035,0.9111475905555232
3550,0.5194286792923789,1.0010411274051465,0.4816124481127676,"Hajek(recency=10.0,delta=0.20)",Hajek,10.0,0.2,10,20,169,10000,,yes,0.035,0.9111475905555232
3551,0.5242461179244065,1.003740982785917,0.4794948648615105,"Hajek(recency=10.0,delta=0.20)",Hajek,10.0,0.2,10,20,169,10000,,yes,0.035,0.9111475905555232
3552,0.5245861004585097,0.9987200392710583,0.4741339388125486,"Hajek(recency=10.0,delta=0.20)",Hajek,10.0,0.2,10,20,169,10000,,yes,0.035,0.9111475905555232
3553,0.5275908365870925,0.9944952673703191,0.46690443078322663,"Hajek(recency=10.0,delta=0.20)",Hajek,10.0,0.2,10,20,169,10000,,yes,0.035,0.9111475905555232
3554,0.5205538408092041,1.0030894755545239,0.4825356347453198,"Hajek(recency=10.0,delta=0.20)",Hajek,10.0,0.2,10,20,169,10000,,yes,0.035,0.9111475905555232
3555,0.523063760116384,1.0075664970466713,0.48450273693028734,"Hajek(recency=10.0,delta=0.20)",Hajek,10.0,0.2,10,20,169,10000,,yes,0.035,0.9111475905555232
3556,0.5222828200862795,0.9919974855822818,0.4697146654960024,"Hajek(recency=10.0,delta=0.20)",Hajek,10.0,0.2,10,20,169,10000,,yes,0.035,0.9111475905555232
3557,0.5213449275883721,1.003319373338123,0.4819744457497508,"Hajek(recency=10.0,delta=0.20)",Hajek,10.0,0.2,10,20,169,10000,,yes,0.035,0.9111475905555232
3558,0.5246438372563303,1.0018654663906637,0.4772216291343333,"Hajek(recency=10.0,delta=0.20)",Hajek,10.0,0.2,10,20,169,10000,,yes,0.035,0.9111475905555232
3559,0.5238378473952147,1.000607804190496,0.47676995679528134,"Hajek(recency=10.0,delta=0.20)",Hajek,10.0,0.2,10,20,169,10000,,yes,0.035,0.9111475905555232
3560,0.5230601051861758,1.0024080700410707,0.47934796485489484,"Hajek(recency=10.0,delta=0.20)",Hajek,10.0,0.2,10,20,169,10000,,yes,0.035,0.9111475905555232
3561,0.5300120241806824,0.9802544686149524,0.45024244443427,"Hajek(recency=10.0,delta=0.20)",Hajek,10.0,0.2,10,20,169,10000,,yes,0.035,0.9111475905555232
3562,0.5274095331890258,1.0007902045660484,0.47338067137702255,"Hajek(recency=10.0,delta=0.20)",Hajek,10.0,0.2,10,20,169,10000,,yes,0.035,0.9111475905555232
3563,0.5242812452679729,0.9983816259202765,0.47410038065230353,"Hajek(recency=10.0,delta=0.20)",Hajek,10.0,0.2,10,20,169,10000,,yes,0.035,0.9111475905555232
3564,0.5229146870365803,0.9958534319606188,0.47293874492403853,"Hajek(recency=10.0,delta=0.20)",Hajek,10.0,0.2,10,20,169,10000,,yes,0.035,0.9111475905555232
3565,0.5211338742684312,1.0078425285618446,0.4867086542934135,"Hajek(recency=10.0,delta=0.20)",Hajek,10.0,0.2,10,20,169,10000,,yes,0.035,0.9111475905555232
3566,0.5210266375763203,0.994749258451826,0.47372262087550576,"Hajek(recency=10.0,delta=0.20)",Hajek,10.0,0.2,10,20,169,10000,,yes,0.035,0.9111475905555232
3567,0.519276033976452,0.9867804451031138,0.46750441112666186,"Hajek(recency=10.0,delta=0.20)",Hajek,10.0,0.2,10,20,169,10000,,yes,0.035,0.9111475905555232
3568,0.5245698958124215,0.9988600433235693,0.47429014751114773,"Hajek(recency=10.0,delta=0.20)",Hajek,10.0,0.2,10,20,169,10000,,yes,0.035,0.9111475905555232
3569,0.5256769013328815,1.0040059147175284,0.47832901338464695,"Hajek(recency=10.0,delta=0.20)",Hajek,10.0,0.2,10,20,169,10000,,yes,0.035,0.9111475905555232
3570,0.5256436312425301,1.0013965065478865,0.47575287530535637,"Hajek(recency=10.0,delta=0.20)",Hajek,10.0,0.2,10,20,169,10000,,yes,0.035,0.9111475905555232
3571,0.5221085506636179,1.0003798658116942,0.4782713151480763,"Hajek(recency=10.0,delta=0.20)",Hajek,10.0,0.2,10,20,169,10000,,yes,0.035,0.9111475905555232
3572,0.5302182115749087,0.9947074285976657,0.46448921702275703,"Hajek(recency=10.0,delta=0.20)",Hajek,10.0,0.2,10,20,169,10000,,yes,0.035,0.9111475905555232
3573,0.5193737691840686,0.9864347404210878,0.4670609712370192,"Hajek(recency=10.0,delta=0.20)",Hajek,10.0,0.2,10,20,169,10000,,yes,0.035,0.9111475905555232
3574,0.5243658631903361,0.9784158660538917,0.4540500028635557,"Hajek(recency=10.0,delta=0.20)",Hajek,10.0,0.2,10,20,169,10000,,yes,0.035,0.9111475905555232
3575,0.5284724037190544,0.9988023202297224,0.470329916510668,"Hajek(recency=10.0,delta=0.20)",Hajek,10.0,0.2,10,20,169,10000,,yes,0.035,0.9111475905555232
3576,0.5187893596566054,0.9992728377440575,0.48048347808745206,"Hajek(recency=10.0,delta=0.20)",Hajek,10.0,0.2,10,20,169,10000,,yes,0.035,0.9111475905555232
3577,0.5272620507884127,0.9935242945691023,0.4662622437806896,"Hajek(recency=10.0,delta=0.20)",Hajek,10.0,0.2,10,20,169,10000,,yes,0.035,0.9111475905555232
3578,0.5226246737232324,0.9971705603552982,0.47454588663206576,"Hajek(recency=10.0,delta=0.20)",Hajek,10.0,0.2,10,20,169,10000,,yes,0.035,0.9111475905555232
3579,0.5190276547046863,0.9864032884134327,0.46737563370874646,"Hajek(recency=10.0,delta=0.20)",Hajek,10.0,0.2,10,20,169,10000,,yes,0.035,0.9111475905555232
3580,0.5188711487065379,0.994317197598305,0.475446048891767,"Hajek(recency=10.0,delta=0.20)",Hajek,10.0,0.2,10,20,169,10000,,yes,0.035,0.9111475905555232
3581,0.5172671138536563,0.9882998459056821,0.4710327320520258,"Hajek(recency=10.0,delta=0.20)",Hajek,10.0,0.2,10,20,169,10000,,yes,0.035,0.9111475905555232
3582,0.5175266353650685,0.9848617077274627,0.46733507236239424,"Hajek(recency=10.0,delta=0.20)",Hajek,10.0,0.2,10,20,169,10000,,yes,0.035,0.9111475905555232
3583,0.5213169664018245,0.9886983790964607,0.4673814126946363,"Hajek(recency=10.0,delta=0.20)",Hajek,10.0,0.2,10,20,169,10000,,yes,0.035,0.9111475905555232
3584,0.5253839837547614,1.011684415383513,0.4863004316287516,"Hajek(recency=10.0,delta=0.20)",Hajek,10.0,0.2,10,20,169,10000,,yes,0.035,0.9111475905555232
3585,0.5239657025640381,0.9927057380337562,0.4687400354697181,"Hajek(recency=10.0,delta=0.20)",Hajek,10.0,0.2,10,20,169,10000,,yes,0.035,0.9111475905555232
3586,0.522684034216578,1.0003904829466455,0.4777064487300674,"Hajek(recency=10.0,delta=0.20)",Hajek,10.0,0.2,10,20,169,10000,,yes,0.035,0.9111475905555232
3587,0.5297339585705831,0.9997178969307187,0.4699839383601355,"Hajek(recency=10.0,delta=0.20)",Hajek,10.0,0.2,10,20,169,10000,,yes,0.035,0.9111475905555232
3588,0.5200237098141707,1.0056694128533863,0.4856457030392156,"Hajek(recency=10.0,delta=0.20)",Hajek,10.0,0.2,10,20,169,10000,,yes,0.035,0.9111475905555232
3589,0.5240339144432646,1.0071979779128262,0.48316406346956153,"Hajek(recency=10.0,delta=0.20)",Hajek,10.0,0.2,10,20,169,10000,,yes,0.035,0.9111475905555232
3590,0.5181555037807565,0.9927747225200223,0.4746192187392658,"Hajek(recency=10.0,delta=0.20)",Hajek,10.0,0.2,10,20,169,10000,,yes,0.035,0.9111475905555232
3591,0.5231007806654546,1.014967083033576,0.49186630236812134,"Hajek(recency=10.0,delta=0.20)",Hajek,10.0,0.2,10,20,169,10000,,yes,0.035,0.9111475905555232
3592,0.5206757498147021,1.0009104232907495,0.4802346734760474,"Hajek(recency=10.0,delta=0.20)",Hajek,10.0,0.2,10,20,169,10000,,yes,0.035,0.9111475905555232
3593,0.5258156792706737,1.008096788831849,0.4822811095611753,"Hajek(recency=10.0,delta=0.20)",Hajek,10.0,0.2,10,20,169,10000,,yes,0.035,0.9111475905555232
3594,0.5235197719934234,0.9933912064430183,0.4698714344495949,"Hajek(recency=10.0,delta=0.20)",Hajek,10.0,0.2,10,20,169,10000,,yes,0.035,0.9111475905555232
3595,0.5263898823721407,1.0018518922243818,0.4754620098522411,"Hajek(recency=10.0,delta=0.20)",Hajek,10.0,0.2,10,20,169,10000,,yes,0.035,0.9111475905555232
3596,0.5254206274597979,0.9929025922965541,0.4674819648367562,"Hajek(recency=10.0,delta=0.20)",Hajek,10.0,0.2,10,20,169,10000,,yes,0.035,0.9111475905555232
3597,0.5228694466687892,0.9986278704606556,0.4757584237918664,"Hajek(recency=10.0,delta=0.20)",Hajek,10.0,0.2,10,20,169,10000,,yes,0.035,0.9111475905555232
3598,0.5221547529298216,0.9984543250316267,0.47629957210180507,"Hajek(recency=10.0,delta=0.20)",Hajek,10.0,0.2,10,20,169,10000,,yes,0.035,0.9111475905555232
3599,0.5264541337396559,0.9984758023551807,0.47202166861552486,"Hajek(recency=10.0,delta=0.20)",Hajek,10.0,0.2,10,20,169,10000,,yes,0.035,0.9111475905555232
3600,0.5249641224562933,0.9837126468988474,0.4587485244425541,"Hajek(recency=10.0,delta=0.20)",Hajek,10.0,0.2,10,20,169,10000,,yes,0.035,0.9111475905555232
3601,0.527507148967613,1.0074410942076342,0.4799339452400212,"Hajek(recency=10.0,delta=0.20)",Hajek,10.0,0.2,10,20,169,10000,,yes,0.035,0.9111475905555232
3602,0.5204692537400285,1.0010820001962137,0.48061274645618524,"Hajek(recency=10.0,delta=0.20)",Hajek,10.0,0.2,10,20,169,10000,,yes,0.035,0.9111475905555232
3603,0.5155972606612297,0.9844362063994654,0.4688389457382357,"Hajek(recency=10.0,delta=0.20)",Hajek,10.0,0.2,10,20,169,10000,,yes,0.035,0.9111475905555232
3604,0.5148015254616429,1.0015179729042554,0.48671644744261244,"Hajek(recency=10.0,delta=0.20)",Hajek,10.0,0.2,10,20,169,10000,,yes,0.035,0.9111475905555232
3605,0.5237867053556604,0.9894581288132764,0.46567142345761603,"Hajek(recency=10.0,delta=0.20)",Hajek,10.0,0.2,10,20,169,10000,,yes,0.035,0.9111475905555232
3606,0.5254864440247334,0.9832187245163552,0.45773228049162173,"Hajek(recency=10.0,delta=0.20)",Hajek,10.0,0.2,10,20,169,10000,,yes,0.035,0.9111475905555232
3607,0.5278829242279622,1.005892870941422,0.47800994671345987,"Hajek(recency=10.0,delta=0.20)",Hajek,10.0,0.2,10,20,169,10000,,yes,0.035,0.9111475905555232
3608,0.5287567888392293,1.0022132912610926,0.4734565024218633,"Hajek(recency=10.0,delta=0.20)",Hajek,10.0,0.2,10,20,169,10000,,yes,0.035,0.9111475905555232
3609,0.5283066062918853,0.9931069569724369,0.4648003506805516,"Hajek(recency=10.0,delta=0.20)",Hajek,10.0,0.2,10,20,169,10000,,yes,0.035,0.9111475905555232
3610,0.5226569938196609,0.9926332701274074,0.4699762763077465,"Hajek(recency=10.0,delta=0.20)",Hajek,10.0,0.2,10,20,169,10000,,yes,0.035,0.9111475905555232
3611,0.5192334161329677,1.0068223346673035,0.48758891853433584,"Hajek(recency=10.0,delta=0.20)",Hajek,10.0,0.2,10,20,169,10000,,yes,0.035,0.9111475905555232
3612,0.5239172038909617,1.0060632443752022,0.4821460404842405,"Hajek(recency=10.0,delta=0.20)",Hajek,10.0,0.2,10,20,169,10000,,yes,0.035,0.9111475905555232
3613,0.5277225817271156,1.0049001264901058,0.47717754476299024,"Hajek(recency=10.0,delta=0.20)",Hajek,10.0,0.2,10,20,169,10000,,yes,0.035,0.9111475905555232
3614,0.5247219946696079,0.9923899021132953,0.46766790744368736,"Hajek(recency=10.0,delta=0.20)",Hajek,10.0,0.2,10,20,169,10000,,yes,0.035,0.9111475905555232
3615,0.525300043349008,1.0123616334447074,0.4870615900956994,"Hajek(recency=10.0,delta=0.20)",Hajek,10.0,0.2,10,20,169,10000,,yes,0.035,0.9111475905555232
3616,0.5168995088715961,0.9951771523417329,0.4782776434701368,"Hajek(recency=10.0,delta=0.20)",Hajek,10.0,0.2,10,20,169,10000,,yes,0.035,0.9111475905555232
3617,0.5242850694257281,0.989989973376074,0.4657049039503459,"Hajek(recency=10.0,delta=0.20)",Hajek,10.0,0.2,10,20,169,10000,,yes,0.035,0.9111475905555232
3618,0.5222359856533859,1.0009230917668364,0.47868710611345044,"Hajek(recency=10.0,delta=0.20)",Hajek,10.0,0.2,10,20,169,10000,,yes,0.035,0.9111475905555232
3619,0.5273875187081877,0.9948090292279547,0.467421510519767,"Hajek(recency=10.0,delta=0.20)",Hajek,10.0,0.2,10,20,169,10000,,yes,0.035,0.9111475905555232
3620,0.521697381905461,0.9963169194524187,0.47461953754695774,"Hajek(recency=10.0,delta=0.20)",Hajek,10.0,0.2,10,20,169,10000,,yes,0.035,0.9111475905555232
3621,0.5249554540659049,1.0028332504958781,0.4778777964299732,"Hajek(recency=10.0,delta=0.20)",Hajek,10.0,0.2,10,20,169,10000,,yes,0.035,0.9111475905555232
3622,0.5190073198130113,0.9863874223834062,0.46738010257039486,"Hajek(recency=10.0,delta=0.20)",Hajek,10.0,0.2,10,20,169,10000,,yes,0.035,0.9111475905555232
3623,0.5246879378259838,1.0007010298251606,0.47601309199917685,"Hajek(recency=10.0,delta=0.20)",Hajek,10.0,0.2,10,20,169,10000,,yes,0.035,0.9111475905555232
3624,0.5290123640773872,0.9925238471396992,0.46351148306231205,"Hajek(recency=10.0,delta=0.20)",Hajek,10.0,0.2,10,20,169,10000,,yes,0.035,0.9111475905555232
3625,0.5166388190306108,0.9907137768089586,0.47407495777834774,"Hajek(recency=10.0,delta=0.20)",Hajek,10.0,0.2,10,20,169,10000,,yes,0.035,0.9111475905555232
3626,0.5217992490135803,0.988184721914722,0.46638547290114163,"Hajek(recency=10.0,delta=0.20)",Hajek,10.0,0.2,10,20,169,10000,,yes,0.035,0.9111475905555232
3627,0.5218772671692471,1.0044333871905669,0.48255612002131976,"Hajek(recency=10.0,delta=0.20)",Hajek,10.0,0.2,10,20,169,10000,,yes,0.035,0.9111475905555232
3628,0.5167869232427968,0.994161992164808,0.4773750689220112,"Hajek(recency=10.0,delta=0.20)",Hajek,10.0,0.2,10,20,169,10000,,yes,0.035,0.9111475905555232
3629,0.521657671422652,0.9886224592540888,0.4669647878314368,"Hajek(recency=10.0,delta=0.20)",Hajek,10.0,0.2,10,20,169,10000,,yes,0.035,0.9111475905555232
3630,0.5208698514594304,1.0100757901115436,0.48920593865211315,"Hajek(recency=10.0,delta=0.20)",Hajek,10.0,0.2,10,20,169,10000,,yes,0.035,0.9111475905555232
3631,0.5201166560945285,0.9944379997807266,0.47432134368619805,"Hajek(recency=10.0,delta=0.20)",Hajek,10.0,0.2,10,20,169,10000,,yes,0.035,0.9111475905555232
3632,0.5258519122029028,0.9834940611328695,0.4576421489299667,"Hajek(recency=10.0,delta=0.20)",Hajek,10.0,0.2,10,20,169,10000,,yes,0.035,0.9111475905555232
3633,0.5228760605859726,1.0007624908218993,0.4778864302359267,"Hajek(recency=10.0,delta=0.20)",Hajek,10.0,0.2,10,20,169,10000,,yes,0.035,0.9111475905555232
3634,0.5197692648285441,1.001301990351613,0.4815327255230688,"Hajek(recency=10.0,delta=0.20)",Hajek,10.0,0.2,10,20,169,10000,,yes,0.035,0.9111475905555232
3635,0.5261914734895162,0.9867436539118263,0.46055218042231005,"Hajek(recency=10.0,delta=0.20)",Hajek,10.0,0.2,10,20,169,10000,,yes,0.035,0.9111475905555232
3636,0.527787586353227,0.995892651879028,0.468105065525801,"Hajek(recency=10.0,delta=0.20)",Hajek,10.0,0.2,10,20,169,10000,,yes,0.035,0.9111475905555232
3637,0.5225765768107373,0.9984000043287169,0.47582342751797957,"Hajek(recency=10.0,delta=0.20)",Hajek,10.0,0.2,10,20,169,10000,,yes,0.035,0.9111475905555232
3638,0.5215321247492838,0.9945507571178424,0.47301863236855857,"Hajek(recency=10.0,delta=0.20)",Hajek,10.0,0.2,10,20,169,10000,,yes,0.035,0.9111475905555232
3639,0.5151759572321515,0.9846653943611563,0.4694894371290048,"Hajek(recency=10.0,delta=0.20)",Hajek,10.0,0.2,10,20,169,10000,,yes,0.035,0.9111475905555232
3640,0.5247158033916107,0.9986919609590653,0.4739761575674546,"Hajek(recency=10.0,delta=0.20)",Hajek,10.0,0.2,10,20,169,10000,,yes,0.035,0.9111475905555232
3641,0.5209122072027726,0.9923478405220459,0.4714356333192733,"Hajek(recency=10.0,delta=0.20)",Hajek,10.0,0.2,10,20,169,10000,,yes,0.035,0.9111475905555232
3642,0.5193100560315599,0.9986757564119946,0.4793657003804347,"Hajek(recency=10.0,delta=0.20)",Hajek,10.0,0.2,10,20,169,10000,,yes,0.035,0.9111475905555232
3643,0.5245248564965899,0.9934382459487667,0.46891338945217687,"Hajek(recency=10.0,delta=0.20)",Hajek,10.0,0.2,10,20,169,10000,,yes,0.035,0.9111475905555232
3644,0.5254800550047081,1.0011620421373344,0.4756819871326263,"Hajek(recency=10.0,delta=0.20)",Hajek,10.0,0.2,10,20,169,10000,,yes,0.035,0.9111475905555232
3645,0.523306620849499,0.99661544054306,0.473308819693561,"Hajek(recency=10.0,delta=0.20)",Hajek,10.0,0.2,10,20,169,10000,,yes,0.035,0.9111475905555232
3646,0.5176735999690872,0.9958908910528972,0.47821729108380995,"Hajek(recency=10.0,delta=0.20)",Hajek,10.0,0.2,10,20,169,10000,,yes,0.035,0.9111475905555232
3647,0.5193887122890567,0.9945836042268422,0.4751948919377855,"Hajek(recency=10.0,delta=0.20)",Hajek,10.0,0.2,10,20,169,10000,,yes,0.035,0.9111475905555232
3648,0.5243161942527012,0.9965640653727308,0.47224787112002964,"Hajek(recency=10.0,delta=0.20)",Hajek,10.0,0.2,10,20,169,10000,,yes,0.035,0.9111475905555232
3649,0.5267899468806371,0.998944555948568,0.47215460906793094,"Hajek(recency=10.0,delta=0.20)",Hajek,10.0,0.2,10,20,169,10000,,yes,0.035,0.9111475905555232
3650,0.5240941727723845,0.9892743556704661,0.4651801828980816,"Hajek(recency=10.0,delta=0.20)",Hajek,10.0,0.2,10,20,169,10000,,yes,0.035,0.9111475905555232
3651,0.5273150296790161,0.9912794013311503,0.4639643716521342,"Hajek(recency=10.0,delta=0.20)",Hajek,10.0,0.2,10,20,169,10000,,yes,0.035,0.9111475905555232
3652,0.5209734512308151,0.9985418046762903,0.4775683534454752,"Hajek(recency=10.0,delta=0.20)",Hajek,10.0,0.2,10,20,169,10000,,yes,0.035,0.9111475905555232
3653,0.5187260203593832,0.980930045062467,0.46220402470308375,"Hajek(recency=10.0,delta=0.20)",Hajek,10.0,0.2,10,20,169,10000,,yes,0.035,0.9111475905555232
3654,0.5197800818680581,0.9994644216675967,0.4796843397995386,"Hajek(recency=10.0,delta=0.20)",Hajek,10.0,0.2,10,20,169,10000,,yes,0.035,0.9111475905555232
3655,0.5211391449647034,0.9855532185034688,0.4644140735387654,"Hajek(recency=10.0,delta=0.20)",Hajek,10.0,0.2,10,20,169,10000,,yes,0.035,0.9111475905555232
3656,0.5251332106087389,0.9924614881903793,0.4673282775816404,"Hajek(recency=10.0,delta=0.20)",Hajek,10.0,0.2,10,20,169,10000,,yes,0.035,0.9111475905555232
3657,0.5270919320811142,0.9909734666863734,0.46388153460525927,"Hajek(recency=10.0,delta=0.20)",Hajek,10.0,0.2,10,20,169,10000,,yes,0.035,0.9111475905555232
3658,0.5267548491731665,1.0061947970798995,0.47943994790673294,"Hajek(recency=10.0,delta=0.20)",Hajek,10.0,0.2,10,20,169,10000,,yes,0.035,0.9111475905555232
3659,0.5166355875961696,0.994461332292742,0.47782574469657246,"Hajek(recency=10.0,delta=0.20)",Hajek,10.0,0.2,10,20,169,10000,,yes,0.035,0.9111475905555232
3660,0.5290006165390825,1.000986762074042,0.47198614553495954,"Hajek(recency=10.0,delta=0.20)",Hajek,10.0,0.2,10,20,169,10000,,yes,0.035,0.9111475905555232
3661,0.5206552359031338,0.9907002756452162,0.47004503974208245,"Hajek(recency=10.0,delta=0.20)",Hajek,10.0,0.2,10,20,169,10000,,yes,0.035,0.9111475905555232
3662,0.5245113511764845,0.9869086640783513,0.4623973129018668,"Hajek(recency=10.0,delta=0.20)",Hajek,10.0,0.2,10,20,169,10000,,yes,0.035,0.9111475905555232
3663,0.5190067783940967,0.9934217168560341,0.4744149384619374,"Hajek(recency=10.0,delta=0.20)",Hajek,10.0,0.2,10,20,169,10000,,yes,0.035,0.9111475905555232
3664,0.5204836513188419,0.9848432108695802,0.46435955955073827,"Hajek(recency=10.0,delta=0.20)",Hajek,10.0,0.2,10,20,169,10000,,yes,0.035,0.9111475905555232
3665,0.5262252387127595,1.0031671849632378,0.47694194625047825,"Hajek(recency=10.0,delta=0.20)",Hajek,10.0,0.2,10,20,169,10000,,yes,0.035,0.9111475905555232
3666,0.5173210341759746,0.9888500458580273,0.47152901168205263,"Hajek(recency=10.0,delta=0.20)",Hajek,10.0,0.2,10,20,169,10000,,yes,0.035,0.9111475905555232
3667,0.5279270004036182,0.996113769943236,0.4681867695396178,"Hajek(recency=10.0,delta=0.20)",Hajek,10.0,0.2,10,20,169,10000,,yes,0.035,0.9111475905555232
3668,0.5197178656339845,0.9865855181541913,0.4668676525202068,"Hajek(recency=10.0,delta=0.20)",Hajek,10.0,0.2,10,20,169,10000,,yes,0.035,0.9111475905555232
3669,0.523198452258741,0.9948537728624378,0.47165532060369686,"Hajek(recency=10.0,delta=0.20)",Hajek,10.0,0.2,10,20,169,10000,,yes,0.035,0.9111475905555232
3670,0.5172923623630087,0.9897067797030237,0.472414417340015,"Hajek(recency=10.0,delta=0.20)",Hajek,10.0,0.2,10,20,169,10000,,yes,0.035,0.9111475905555232
3671,0.5266154109689859,0.9976013712540013,0.4709859602850154,"Hajek(recency=10.0,delta=0.20)",Hajek,10.0,0.2,10,20,169,10000,,yes,0.035,0.9111475905555232
3672,0.52524921835368,1.0137382638124792,0.48848904545879923,"Hajek(recency=10.0,delta=0.20)",Hajek,10.0,0.2,10,20,169,10000,,yes,0.035,0.9111475905555232
3673,0.5240504995917836,0.9996270610098914,0.4755765614181078,"Hajek(recency=10.0,delta=0.20)",Hajek,10.0,0.2,10,20,169,10000,,yes,0.035,0.9111475905555232
3674,0.5228006971224931,0.9979919757091891,0.47519127858669596,"Hajek(recency=10.0,delta=0.20)",Hajek,10.0,0.2,10,20,169,10000,,yes,0.035,0.9111475905555232
3675,0.523331101019195,1.0151497894641313,0.49181868844493626,"Hajek(recency=10.0,delta=0.20)",Hajek,10.0,0.2,10,20,169,10000,,yes,0.035,0.9111475905555232
3676,0.5129043960658467,0.9891988717165436,0.47629447565069694,"Hajek(recency=10.0,delta=0.20)",Hajek,10.0,0.2,10,20,169,10000,,yes,0.035,0.9111475905555232
3677,0.5211383725786608,0.9957092012920895,0.4745708287134287,"Hajek(recency=10.0,delta=0.20)",Hajek,10.0,0.2,10,20,169,10000,,yes,0.035,0.9111475905555232
3678,0.5229335866290716,0.9866904461679362,0.4637568595388646,"Hajek(recency=10.0,delta=0.20)",Hajek,10.0,0.2,10,20,169,10000,,yes,0.035,0.9111475905555232
3679,0.5246920067973011,0.9972369171324014,0.47254491033510027,"Hajek(recency=10.0,delta=0.20)",Hajek,10.0,0.2,10,20,169,10000,,yes,0.035,0.9111475905555232
3680,0.5270412411404702,0.9919840010959871,0.4649427599555168,"Hajek(recency=10.0,delta=0.20)",Hajek,10.0,0.2,10,20,169,10000,,yes,0.035,0.9111475905555232
3681,0.5216004970955309,1.002389577262114,0.48078908016658317,"Hajek(recency=10.0,delta=0.20)",Hajek,10.0,0.2,10,20,169,10000,,yes,0.035,0.9111475905555232
3682,0.522505911692249,0.9971399177198658,0.47463400602761674,"Hajek(recency=10.0,delta=0.20)",Hajek,10.0,0.2,10,20,169,10000,,yes,0.035,0.9111475905555232
3683,0.5241583251216824,0.9914429291801212,0.46728460405843886,"Hajek(recency=10.0,delta=0.20)",Hajek,10.0,0.2,10,20,169,10000,,yes,0.035,0.9111475905555232
3684,0.52318042811406,1.001188993408415,0.4780085652943551,"Hajek(recency=10.0,delta=0.20)",Hajek,10.0,0.2,10,20,169,10000,,yes,0.035,0.9111475905555232
3685,0.525018232556498,1.0018692719237667,0.4768510393672687,"Hajek(recency=10.0,delta=0.20)",Hajek,10.0,0.2,10,20,169,10000,,yes,0.035,0.9111475905555232
3686,0.5245484109739764,0.993578662127543,0.46903025115356656,"Hajek(recency=10.0,delta=0.20)",Hajek,10.0,0.2,10,20,169,10000,,yes,0.035,0.9111475905555232
3687,0.5272705226570562,1.001599094598228,0.47432857194117184,"Hajek(recency=10.0,delta=0.20)",Hajek,10.0,0.2,10,20,169,10000,,yes,0.035,0.9111475905555232
3688,0.5218915614600804,1.0036332204502059,0.48174165899012544,"Hajek(recency=10.0,delta=0.20)",Hajek,10.0,0.2,10,20,169,10000,,yes,0.035,0.9111475905555232
3689,0.5236159470450126,1.0019367463399336,0.478320799294921,"Hajek(recency=10.0,delta=0.20)",Hajek,10.0,0.2,10,20,169,10000,,yes,0.035,0.9111475905555232
3690,0.5199714681667772,1.0094294976686158,0.4894580295018386,"Hajek(recency=10.0,delta=0.20)",Hajek,10.0,0.2,10,20,169,10000,,yes,0.035,0.9111475905555232
3691,0.518998354663287,0.9879009802175165,0.46890262555422946,"Hajek(recency=10.0,delta=0.20)",Hajek,10.0,0.2,10,20,169,10000,,yes,0.035,0.9111475905555232
3692,0.5269661961777132,0.9935861503356502,0.466619954157937,"Hajek(recency=10.0,delta=0.20)",Hajek,10.0,0.2,10,20,169,10000,,yes,0.035,0.9111475905555232
3693,0.529054351712526,1.006827914571648,0.4777735628591221,"Hajek(recency=10.0,delta=0.20)",Hajek,10.0,0.2,10,20,169,10000,,yes,0.035,0.9111475905555232
3694,0.5225637800044117,1.0004557595073984,0.4778919795029867,"Hajek(recency=10.0,delta=0.20)",Hajek,10.0,0.2,10,20,169,10000,,yes,0.035,0.9111475905555232
3695,0.5266560767437776,0.9865460444511548,0.4598899677073772,"Hajek(recency=10.0,delta=0.20)",Hajek,10.0,0.2,10,20,169,10000,,yes,0.035,0.9111475905555232
3696,0.5242191330913504,0.994865067874551,0.4706459347832006,"Hajek(recency=10.0,delta=0.20)",Hajek,10.0,0.2,10,20,169,10000,,yes,0.035,0.9111475905555232
3697,0.519886910509278,0.9938283846132356,0.4739414741039576,"Hajek(recency=10.0,delta=0.20)",Hajek,10.0,0.2,10,20,169,10000,,yes,0.035,0.9111475905555232
3698,0.524893683019296,0.9963560311140012,0.4714623480947052,"Hajek(recency=10.0,delta=0.20)",Hajek,10.0,0.2,10,20,169,10000,,yes,0.035,0.9111475905555232
3699,0.5230019981287004,1.004791710429691,0.48178971230099066,"Hajek(recency=10.0,delta=0.20)",Hajek,10.0,0.2,10,20,169,10000,,yes,0.035,0.9111475905555232
3700,0.5161298574002712,0.9960144353886544,0.47988457798838324,"Hajek(recency=10.0,delta=0.20)",Hajek,10.0,0.2,10,20,169,10000,,yes,0.035,0.9111475905555232
3701,0.5182608475294593,0.9884365331175589,0.4701756855880995,"Hajek(recency=10.0,delta=0.20)",Hajek,10.0,0.2,10,20,169,10000,,yes,0.035,0.9111475905555232
3702,0.5173252533941844,0.9860265167458049,0.46870126335162043,"Hajek(recency=10.0,delta=0.20)",Hajek,10.0,0.2,10,20,169,10000,,yes,0.035,0.9111475905555232
3703,0.5241757588952792,0.9973605066896163,0.47318474779433706,"Hajek(recency=10.0,delta=0.20)",Hajek,10.0,0.2,10,20,169,10000,,yes,0.035,0.9111475905555232
3704,0.5279775660810804,0.9955158978528771,0.4675383317717967,"Hajek(recency=10.0,delta=0.20)",Hajek,10.0,0.2,10,20,169,10000,,yes,0.035,0.9111475905555232
3705,0.5223215657934779,0.9936700472178264,0.4713484814243485,"Hajek(recency=10.0,delta=0.20)",Hajek,10.0,0.2,10,20,169,10000,,yes,0.035,0.9111475905555232
3706,0.5238403604708871,0.9996574864103597,0.47581712593947256,"Hajek(recency=10.0,delta=0.20)",Hajek,10.0,0.2,10,20,169,10000,,yes,0.035,0.9111475905555232
3707,0.5223189413876358,0.9938851562473935,0.4715662148597577,"Hajek(recency=10.0,delta=0.20)",Hajek,10.0,0.2,10,20,169,10000,,yes,0.035,0.9111475905555232
3708,0.5254810500002426,0.9897007076052017,0.4642196576049591,"Hajek(recency=10.0,delta=0.20)",Hajek,10.0,0.2,10,20,169,10000,,yes,0.035,0.9111475905555232
3709,0.528826481154877,0.9997639756756864,0.47093749452080946,"Hajek(recency=10.0,delta=0.20)",Hajek,10.0,0.2,10,20,169,10000,,yes,0.035,0.9111475905555232
3710,0.5224302795665088,0.9910233770323534,0.46859309746584465,"Hajek(recency=10.0,delta=0.20)",Hajek,10.0,0.2,10,20,169,10000,,yes,0.035,0.9111475905555232
3711,0.5260786902054346,0.9926137421203828,0.46653505191494815,"Hajek(recency=10.0,delta=0.20)",Hajek,10.0,0.2,10,20,169,10000,,yes,0.035,0.9111475905555232
3712,0.5217097852816636,0.9964218489729896,0.474712063691326,"Hajek(recency=10.0,delta=0.20)",Hajek,10.0,0.2,10,20,169,10000,,yes,0.035,0.9111475905555232
3713,0.5213855966214195,1.0000009390116813,0.4786153423902618,"Hajek(recency=10.0,delta=0.20)",Hajek,10.0,0.2,10,20,169,10000,,yes,0.035,0.9111475905555232
3714,0.5215840280757035,0.996870650816608,0.4752866227409045,"Hajek(recency=10.0,delta=0.20)",Hajek,10.0,0.2,10,20,169,10000,,yes,0.035,0.9111475905555232
3715,0.5271913218200958,1.0004518836452179,0.4732605618251221,"Hajek(recency=10.0,delta=0.20)",Hajek,10.0,0.2,10,20,169,10000,,yes,0.035,0.9111475905555232
3716,0.5231199635460274,1.001874260491769,0.47875429694574156,"Hajek(recency=10.0,delta=0.20)",Hajek,10.0,0.2,10,20,169,10000,,yes,0.035,0.9111475905555232
3717,0.5221426778054482,0.9900509927209742,0.467908314915526,"Hajek(recency=10.0,delta=0.20)",Hajek,10.0,0.2,10,20,169,10000,,yes,0.035,0.9111475905555232
3718,0.5227801554716549,0.986140203630949,0.4633600481592941,"Hajek(recency=10.0,delta=0.20)",Hajek,10.0,0.2,10,20,169,10000,,yes,0.035,0.9111475905555232
3719,0.5288906485315089,0.9958138166876125,0.4669231681561036,"Hajek(recency=10.0,delta=0.20)",Hajek,10.0,0.2,10,20,169,10000,,yes,0.035,0.9111475905555232
3720,0.5187590246963336,1.0130530509689935,0.49429402627265984,"Hajek(recency=10.0,delta=0.20)",Hajek,10.0,0.2,10,20,169,10000,,yes,0.035,0.9111475905555232
3721,0.5196883330215806,0.9920926481049512,0.47240431508337066,"Hajek(recency=10.0,delta=0.20)",Hajek,10.0,0.2,10,20,169,10000,,yes,0.035,0.9111475905555232
3722,0.5248501469028476,0.99599275151207,0.4711426046092224,"Hajek(recency=10.0,delta=0.20)",Hajek,10.0,0.2,10,20,169,10000,,yes,0.035,0.9111475905555232
3723,0.5272094579983398,0.9970607597005383,0.46985130170219847,"Hajek(recency=10.0,delta=0.20)",Hajek,10.0,0.2,10,20,169,10000,,yes,0.035,0.9111475905555232
3724,0.523510902031325,0.9946973647318823,0.4711864627005573,"Hajek(recency=10.0,delta=0.20)",Hajek,10.0,0.2,10,20,169,10000,,yes,0.035,0.9111475905555232
3725,0.5227067689719164,0.9971184541558349,0.4744116851839185,"Hajek(recency=10.0,delta=0.20)",Hajek,10.0,0.2,10,20,169,10000,,yes,0.035,0.9111475905555232
3726,0.5206680481760274,0.9980361746852675,0.4773681265092401,"Hajek(recency=10.0,delta=0.20)",Hajek,10.0,0.2,10,20,169,10000,,yes,0.035,0.9111475905555232
3727,0.5260471747743782,1.0057999645848956,0.4797527898105174,"Hajek(recency=10.0,delta=0.20)",Hajek,10.0,0.2,10,20,169,10000,,yes,0.035,0.9111475905555232
3728,0.5259837260205359,1.0032817381090078,0.4772980120884719,"Hajek(recency=10.0,delta=0.20)",Hajek,10.0,0.2,10,20,169,10000,,yes,0.035,0.9111475905555232
3729,0.5204811632600176,0.9943794040483012,0.4738982407882836,"Hajek(recency=10.0,delta=0.20)",Hajek,10.0,0.2,10,20,169,10000,,yes,0.035,0.9111475905555232
3730,0.5226642714794564,0.9920063750247103,0.46934210354525396,"Hajek(recency=10.0,delta=0.20)",Hajek,10.0,0.2,10,20,169,10000,,yes,0.035,0.9111475905555232
3731,0.5270072733291855,0.9957194402782467,0.46871216694906115,"Hajek(recency=10.0,delta=0.20)",Hajek,10.0,0.2,10,20,169,10000,,yes,0.035,0.9111475905555232
3732,0.5234673231805084,0.9898727254463197,0.4664054022658113,"Hajek(recency=10.0,delta=0.20)",Hajek,10.0,0.2,10,20,169,10000,,yes,0.035,0.9111475905555232
3733,0.5193727942777003,0.9873595555331756,0.4679867612554752,"Hajek(recency=10.0,delta=0.20)",Hajek,10.0,0.2,10,20,169,10000,,yes,0.035,0.9111475905555232
3734,0.5183438588386554,0.994586781561418,0.4762429227227626,"Hajek(recency=10.0,delta=0.20)",Hajek,10.0,0.2,10,20,169,10000,,yes,0.035,0.9111475905555232
3735,0.5247128845123795,0.996791263326868,0.47207837881448844,"Hajek(recency=10.0,delta=0.20)",Hajek,10.0,0.2,10,20,169,10000,,yes,0.035,0.9111475905555232
3736,0.5278982189393231,0.9858808433034912,0.45798262436416814,"Hajek(recency=10.0,delta=0.20)",Hajek,10.0,0.2,10,20,169,10000,,yes,0.035,0.9111475905555232
3737,0.5208864561683324,0.991231934574129,0.47034547840579655,"Hajek(recency=10.0,delta=0.20)",Hajek,10.0,0.2,10,20,169,10000,,yes,0.035,0.9111475905555232
3738,0.5189452291002632,0.993129616927696,0.4741843878274328,"Hajek(recency=10.0,delta=0.20)",Hajek,10.0,0.2,10,20,169,10000,,yes,0.035,0.9111475905555232
3739,0.5147939936209349,0.98851505898675,0.47372106536581504,"Hajek(recency=10.0,delta=0.20)",Hajek,10.0,0.2,10,20,169,10000,,yes,0.035,0.9111475905555232
3740,0.5285355769575235,1.007468004047144,0.47893242708962047,"Hajek(recency=10.0,delta=0.20)",Hajek,10.0,0.2,10,20,169,10000,,yes,0.035,0.9111475905555232
3741,0.5186066744785842,0.9932431702941973,0.47463649581561307,"Hajek(recency=10.0,delta=0.20)",Hajek,10.0,0.2,10,20,169,10000,,yes,0.035,0.9111475905555232
3742,0.5261646816638677,0.9782754795584216,0.452110797894554,"Hajek(recency=10.0,delta=0.20)",Hajek,10.0,0.2,10,20,169,10000,,yes,0.035,0.9111475905555232
3743,0.5237101633415959,0.996786475895066,0.47307631255347005,"Hajek(recency=10.0,delta=0.20)",Hajek,10.0,0.2,10,20,169,10000,,yes,0.035,0.9111475905555232
3744,0.5219981601620705,0.995333807580467,0.4733356474183965,"Hajek(recency=10.0,delta=0.20)",Hajek,10.0,0.2,10,20,169,10000,,yes,0.035,0.9111475905555232
3745,0.5236709064544157,0.993906117215044,0.47023521076062824,"Hajek(recency=10.0,delta=0.20)",Hajek,10.0,0.2,10,20,169,10000,,yes,0.035,0.9111475905555232
3746,0.5171879894612361,0.9934650706886518,0.47627708122741563,"Hajek(recency=10.0,delta=0.20)",Hajek,10.0,0.2,10,20,169,10000,,yes,0.035,0.9111475905555232
3747,0.5234857685202027,1.00800449791886,0.48451872939865737,"Hajek(recency=10.0,delta=0.20)",Hajek,10.0,0.2,10,20,169,10000,,yes,0.035,0.9111475905555232
3748,0.5270286386590155,0.9948670855702356,0.4678384469112201,"Hajek(recency=10.0,delta=0.20)",Hajek,10.0,0.2,10,20,169,10000,,yes,0.035,0.9111475905555232
3749,0.519643131485178,0.9936286258662078,0.47398549438102977,"Hajek(recency=10.0,delta=0.20)",Hajek,10.0,0.2,10,20,169,10000,,yes,0.035,0.9111475905555232
3750,0.5219991774865997,0.9981758580374964,0.4761766805508967,"Hajek(recency=10.0,delta=0.20)",Hajek,10.0,0.2,10,20,169,10000,,yes,0.035,0.9111475905555232
3751,0.5224359744564372,0.9839048059855056,0.46146883152906837,"Hajek(recency=10.0,delta=0.20)",Hajek,10.0,0.2,10,20,169,10000,,yes,0.035,0.9111475905555232
3752,0.5166250117099898,1.0066133401883364,0.4899883284783466,"Hajek(recency=10.0,delta=0.20)",Hajek,10.0,0.2,10,20,169,10000,,yes,0.035,0.9111475905555232
3753,0.5230605561499718,0.9996223124605025,0.47656175631053066,"Hajek(recency=10.0,delta=0.20)",Hajek,10.0,0.2,10,20,169,10000,,yes,0.035,0.9111475905555232
3754,0.5240753161097162,1.0095106504694598,0.4854353343597435,"Hajek(recency=10.0,delta=0.20)",Hajek,10.0,0.2,10,20,169,10000,,yes,0.035,0.9111475905555232
3755,0.5220334071430641,0.9917669644162437,0.46973355727317956,"Hajek(recency=10.0,delta=0.20)",Hajek,10.0,0.2,10,20,169,10000,,yes,0.035,0.9111475905555232
3756,0.5253084474592811,0.9983958283105293,0.47308738085124824,"Hajek(recency=10.0,delta=0.20)",Hajek,10.0,0.2,10,20,169,10000,,yes,0.035,0.9111475905555232
3757,0.525707471881263,0.9952443971701912,0.4695369252889282,"Hajek(recency=10.0,delta=0.20)",Hajek,10.0,0.2,10,20,169,10000,,yes,0.035,0.9111475905555232
3758,0.5219969593328461,1.0029883472668666,0.4809913879340205,"Hajek(recency=10.0,delta=0.20)",Hajek,10.0,0.2,10,20,169,10000,,yes,0.035,0.9111475905555232
3759,0.5225265887582984,0.9982441547771086,0.4757175660188102,"Hajek(recency=10.0,delta=0.20)",Hajek,10.0,0.2,10,20,169,10000,,yes,0.035,0.9111475905555232
3760,0.5264796118945035,1.0031672111663856,0.4766875992718821,"Hajek(recency=10.0,delta=0.20)",Hajek,10.0,0.2,10,20,169,10000,,yes,0.035,0.9111475905555232
3761,0.5205533112162819,0.9900452637132434,0.4694919524969615,"Hajek(recency=10.0,delta=0.20)",Hajek,10.0,0.2,10,20,169,10000,,yes,0.035,0.9111475905555232
3762,0.5219111194088103,1.0002327521923662,0.4783216327835559,"Hajek(recency=10.0,delta=0.20)",Hajek,10.0,0.2,10,20,169,10000,,yes,0.035,0.9111475905555232
3763,0.5189337942613285,0.9870230187270593,0.46808922446573087,"Hajek(recency=10.0,delta=0.20)",Hajek,10.0,0.2,10,20,169,10000,,yes,0.035,0.9111475905555232
3764,0.522820472341568,0.9887561773591543,0.4659357050175863,"Hajek(recency=10.0,delta=0.20)",Hajek,10.0,0.2,10,20,169,10000,,yes,0.035,0.9111475905555232
3765,0.523597236944069,0.9921242223385465,0.46852698539447746,"Hajek(recency=10.0,delta=0.20)",Hajek,10.0,0.2,10,20,169,10000,,yes,0.035,0.9111475905555232
3766,0.5147030820136568,0.9866412336309096,0.47193815161725283,"Hajek(recency=10.0,delta=0.20)",Hajek,10.0,0.2,10,20,169,10000,,yes,0.035,0.9111475905555232
3767,0.5163723030850761,0.9876514788773056,0.47127917579222955,"Hajek(recency=10.0,delta=0.20)",Hajek,10.0,0.2,10,20,169,10000,,yes,0.035,0.9111475905555232
3768,0.5176282590469213,0.9829433601416692,0.46531510109474783,"Hajek(recency=10.0,delta=0.20)",Hajek,10.0,0.2,10,20,169,10000,,yes,0.035,0.9111475905555232
3769,0.5247186177917134,0.9925872695415436,0.4678686517498303,"Hajek(recency=10.0,delta=0.20)",Hajek,10.0,0.2,10,20,169,10000,,yes,0.035,0.9111475905555232
3770,0.5284235160390657,0.9966846949099173,0.4682611788708516,"Hajek(recency=10.0,delta=0.20)",Hajek,10.0,0.2,10,20,169,10000,,yes,0.035,0.9111475905555232
3771,0.5286426945712834,0.9927044272961718,0.4640617327248884,"Hajek(recency=10.0,delta=0.20)",Hajek,10.0,0.2,10,20,169,10000,,yes,0.035,0.9111475905555232
3772,0.5183457916251025,0.9914737496782632,0.47312795805316066,"Hajek(recency=10.0,delta=0.20)",Hajek,10.0,0.2,10,20,169,10000,,yes,0.035,0.9111475905555232
3773,0.5286857648089389,0.9979222228704321,0.46923645806149317,"Hajek(recency=10.0,delta=0.20)",Hajek,10.0,0.2,10,20,169,10000,,yes,0.035,0.9111475905555232
3774,0.5226030705732175,0.9849643831246764,0.46236131255145885,"Hajek(recency=10.0,delta=0.20)",Hajek,10.0,0.2,10,20,169,10000,,yes,0.035,0.9111475905555232
3775,0.5190544615185813,0.9902444883882179,0.4711900268696366,"Hajek(recency=10.0,delta=0.20)",Hajek,10.0,0.2,10,20,169,10000,,yes,0.035,0.9111475905555232
3776,0.5250465337736753,0.9982335316048263,0.47318699783115103,"Hajek(recency=10.0,delta=0.20)",Hajek,10.0,0.2,10,20,169,10000,,yes,0.035,0.9111475905555232
3777,0.523786390329206,1.010573157659267,0.4867867673300609,"Hajek(recency=10.0,delta=0.20)",Hajek,10.0,0.2,10,20,169,10000,,yes,0.035,0.9111475905555232
3778,0.5199782268526059,1.0001810781816454,0.4802028513290395,"Hajek(recency=10.0,delta=0.20)",Hajek,10.0,0.2,10,20,169,10000,,yes,0.035,0.9111475905555232
3779,0.5245627683397117,0.9956140794761309,0.4710513111364192,"Hajek(recency=10.0,delta=0.20)",Hajek,10.0,0.2,10,20,169,10000,,yes,0.035,0.9111475905555232
3780,0.5248455487496607,1.0007162277944859,0.47587067904482516,"Hajek(recency=10.0,delta=0.20)",Hajek,10.0,0.2,10,20,169,10000,,yes,0.035,0.9111475905555232
3781,0.5242158507204603,0.988743589078197,0.46452773835773675,"Hajek(recency=10.0,delta=0.20)",Hajek,10.0,0.2,10,20,169,10000,,yes,0.035,0.9111475905555232
3782,0.5283610070080832,0.9843303698817782,0.45596936287369505,"Hajek(recency=10.0,delta=0.20)",Hajek,10.0,0.2,10,20,169,10000,,yes,0.035,0.9111475905555232
3783,0.5265193834477736,0.9952061465493561,0.4686867631015825,"Hajek(recency=10.0,delta=0.20)",Hajek,10.0,0.2,10,20,169,10000,,yes,0.035,0.9111475905555232
3784,0.5220921533109977,0.9983409382219335,0.4762487849109358,"Hajek(recency=10.0,delta=0.20)",Hajek,10.0,0.2,10,20,169,10000,,yes,0.035,0.9111475905555232
3785,0.5210032531508,0.9985612081017169,0.4775579549509169,"Hajek(recency=10.0,delta=0.20)",Hajek,10.0,0.2,10,20,169,10000,,yes,0.035,0.9111475905555232
3786,0.5308949788391686,1.0008262054401278,0.4699312266009592,"Hajek(recency=10.0,delta=0.20)",Hajek,10.0,0.2,10,20,169,10000,,yes,0.035,0.9111475905555232
3787,0.5220572322207447,1.0074328975911195,0.4853756653703748,"Hajek(recency=10.0,delta=0.20)",Hajek,10.0,0.2,10,20,169,10000,,yes,0.035,0.9111475905555232
3788,0.520640661909803,1.0027805856508818,0.48213992374107884,"Hajek(recency=10.0,delta=0.20)",Hajek,10.0,0.2,10,20,169,10000,,yes,0.035,0.9111475905555232
3789,0.5203785832846747,1.0022408176077047,0.48186223432303,"Hajek(recency=10.0,delta=0.20)",Hajek,10.0,0.2,10,20,169,10000,,yes,0.035,0.9111475905555232
3790,0.5209310956187144,1.0011566761876516,0.48022558056893716,"Hajek(recency=10.0,delta=0.20)",Hajek,10.0,0.2,10,20,169,10000,,yes,0.035,0.9111475905555232
3791,0.5233418476909952,0.9924688435279703,0.46912699583697504,"Hajek(recency=10.0,delta=0.20)",Hajek,10.0,0.2,10,20,169,10000,,yes,0.035,0.9111475905555232
3792,0.5204364638948554,1.0115254896623638,0.49108902576750835,"Hajek(recency=10.0,delta=0.20)",Hajek,10.0,0.2,10,20,169,10000,,yes,0.035,0.9111475905555232
3793,0.5281597260056047,1.0124075596367352,0.48424783363113055,"Hajek(recency=10.0,delta=0.20)",Hajek,10.0,0.2,10,20,169,10000,,yes,0.035,0.9111475905555232
3794,0.5282106867615639,0.9888737100314494,0.4606630232698855,"Hajek(recency=10.0,delta=0.20)",Hajek,10.0,0.2,10,20,169,10000,,yes,0.035,0.9111475905555232
3795,0.5224441606168971,0.9918149447303262,0.46937078411342903,"Hajek(recency=10.0,delta=0.20)",Hajek,10.0,0.2,10,20,169,10000,,yes,0.035,0.9111475905555232
3796,0.52436945347135,0.9982604234563677,0.4738909699850177,"Hajek(recency=10.0,delta=0.20)",Hajek,10.0,0.2,10,20,169,10000,,yes,0.035,0.9111475905555232
3797,0.5249307590679694,0.9943110921094824,0.46938033304151305,"Hajek(recency=10.0,delta=0.20)",Hajek,10.0,0.2,10,20,169,10000,,yes,0.035,0.9111475905555232
3798,0.5255630566919934,0.9927619985752981,0.4671989418833047,"Hajek(recency=10.0,delta=0.20)",Hajek,10.0,0.2,10,20,169,10000,,yes,0.035,0.9111475905555232
3799,0.5200823396518188,1.0076415658196394,0.48755922616782055,"Hajek(recency=10.0,delta=0.20)",Hajek,10.0,0.2,10,20,169,10000,,yes,0.035,0.9111475905555232
3800,0.5245847819976799,0.998042814256296,0.47345803225861616,"Hajek(recency=10.0,delta=0.20)",Hajek,10.0,0.2,10,20,169,10000,,yes,0.035,0.9111475905555232
3801,0.5205784835691613,0.993085330179035,0.47250684660987374,"Hajek(recency=10.0,delta=0.20)",Hajek,10.0,0.2,10,20,169,10000,,yes,0.035,0.9111475905555232
3802,0.5213923143313207,0.9921972437311004,0.4708049293997797,"Hajek(recency=10.0,delta=0.20)",Hajek,10.0,0.2,10,20,169,10000,,yes,0.035,0.9111475905555232
3803,0.5213797550813537,1.0054063707414005,0.4840266156600468,"Hajek(recency=10.0,delta=0.20)",Hajek,10.0,0.2,10,20,169,10000,,yes,0.035,0.9111475905555232
3804,0.5201461310282585,0.9884002244762783,0.4682540934480198,"Hajek(recency=10.0,delta=0.20)",Hajek,10.0,0.2,10,20,169,10000,,yes,0.035,0.9111475905555232
3805,0.5217859658972138,0.9985389046449548,0.47675293874774094,"Hajek(recency=10.0,delta=0.20)",Hajek,10.0,0.2,10,20,169,10000,,yes,0.035,0.9111475905555232
3806,0.5297867087540745,0.9941716679040158,0.46438495914994127,"Hajek(recency=10.0,delta=0.20)",Hajek,10.0,0.2,10,20,169,10000,,yes,0.035,0.9111475905555232
3807,0.5314525318070437,0.9993154018287352,0.4678628700216916,"Hajek(recency=10.0,delta=0.20)",Hajek,10.0,0.2,10,20,169,10000,,yes,0.035,0.9111475905555232
3808,0.5219272263297154,0.99818855926822,0.4762613329385046,"Hajek(recency=10.0,delta=0.20)",Hajek,10.0,0.2,10,20,169,10000,,yes,0.035,0.9111475905555232
3809,0.5245154418739262,0.9929307878407347,0.46841534596680856,"Hajek(recency=10.0,delta=0.20)",Hajek,10.0,0.2,10,20,169,10000,,yes,0.035,0.9111475905555232
3810,0.5217632524979284,0.99275635479198,0.47099310229405156,"Hajek(recency=10.0,delta=0.20)",Hajek,10.0,0.2,10,20,169,10000,,yes,0.035,0.9111475905555232
3811,0.5216787142519002,0.996850618703607,0.4751719044517069,"Hajek(recency=10.0,delta=0.20)",Hajek,10.0,0.2,10,20,169,10000,,yes,0.035,0.9111475905555232
3812,0.5181522553224158,0.9937959914762406,0.4756437361538248,"Hajek(recency=10.0,delta=0.20)",Hajek,10.0,0.2,10,20,169,10000,,yes,0.035,0.9111475905555232
3813,0.5267257035342277,0.9969827511788661,0.4702570476446385,"Hajek(recency=10.0,delta=0.20)",Hajek,10.0,0.2,10,20,169,10000,,yes,0.035,0.9111475905555232
3814,0.5186066959843271,1.0005117875600171,0.48190509157569006,"Hajek(recency=10.0,delta=0.20)",Hajek,10.0,0.2,10,20,169,10000,,yes,0.035,0.9111475905555232
3815,0.5255497081110767,0.9987002956443175,0.4731505875332408,"Hajek(recency=10.0,delta=0.20)",Hajek,10.0,0.2,10,20,169,10000,,yes,0.035,0.9111475905555232
3816,0.5169488120444683,0.980169343786377,0.4632205317419087,"Hajek(recency=10.0,delta=0.20)",Hajek,10.0,0.2,10,20,169,10000,,yes,0.035,0.9111475905555232
3817,0.527141027658352,0.9896975554722068,0.4625565278138548,"Hajek(recency=10.0,delta=0.20)",Hajek,10.0,0.2,10,20,169,10000,,yes,0.035,0.9111475905555232
3818,0.5167069285677142,0.9937847202184258,0.4770777916507116,"Hajek(recency=10.0,delta=0.20)",Hajek,10.0,0.2,10,20,169,10000,,yes,0.035,0.9111475905555232
3819,0.5241010069056103,0.986979546216676,0.4628785393110657,"Hajek(recency=10.0,delta=0.20)",Hajek,10.0,0.2,10,20,169,10000,,yes,0.035,0.9111475905555232
3820,0.527926532605294,0.9983168076341251,0.47039027502883113,"Hajek(recency=10.0,delta=0.20)",Hajek,10.0,0.2,10,20,169,10000,,yes,0.035,0.9111475905555232
3821,0.5231239309223997,0.998930644181526,0.47580671325912627,"Hajek(recency=10.0,delta=0.20)",Hajek,10.0,0.2,10,20,169,10000,,yes,0.035,0.9111475905555232
3822,0.5227283044753348,0.9983017247026098,0.475573420227275,"Hajek(recency=10.0,delta=0.20)",Hajek,10.0,0.2,10,20,169,10000,,yes,0.035,0.9111475905555232
3823,0.5220566849886141,1.0125102471027707,0.4904535621141566,"Hajek(recency=10.0,delta=0.20)",Hajek,10.0,0.2,10,20,169,10000,,yes,0.035,0.9111475905555232
3824,0.5223450203309274,0.9909272447931909,0.4685822244622635,"Hajek(recency=10.0,delta=0.20)",Hajek,10.0,0.2,10,20,169,10000,,yes,0.035,0.9111475905555232
3825,0.5250230654754857,0.9904042261449808,0.4653811606694951,"Hajek(recency=10.0,delta=0.20)",Hajek,10.0,0.2,10,20,169,10000,,yes,0.035,0.9111475905555232
3826,0.5248817145420797,0.991402968929921,0.4665212543878413,"Hajek(recency=10.0,delta=0.20)",Hajek,10.0,0.2,10,20,169,10000,,yes,0.035,0.9111475905555232
3827,0.5323542636524848,0.9930899778901139,0.46073571423762905,"Hajek(recency=10.0,delta=0.20)",Hajek,10.0,0.2,10,20,169,10000,,yes,0.035,0.9111475905555232
3828,0.5217176011932653,1.001543800260915,0.4798261990676497,"Hajek(recency=10.0,delta=0.20)",Hajek,10.0,0.2,10,20,169,10000,,yes,0.035,0.9111475905555232
3829,0.5196763697029034,0.9949155544324592,0.47523918472955573,"Hajek(recency=10.0,delta=0.20)",Hajek,10.0,0.2,10,20,169,10000,,yes,0.035,0.9111475905555232
3830,0.5209764666879817,0.9906745833636292,0.46969811667564754,"Hajek(recency=10.0,delta=0.20)",Hajek,10.0,0.2,10,20,169,10000,,yes,0.035,0.9111475905555232
3831,0.5237458040923811,0.9878810627740524,0.46413525868167127,"Hajek(recency=10.0,delta=0.20)",Hajek,10.0,0.2,10,20,169,10000,,yes,0.035,0.9111475905555232
3832,0.5222584369077822,0.9987374698167413,0.4764790329089591,"Hajek(recency=10.0,delta=0.20)",Hajek,10.0,0.2,10,20,169,10000,,yes,0.035,0.9111475905555232
3833,0.5240147593636421,0.9998483351011814,0.47583357573753937,"Hajek(recency=10.0,delta=0.20)",Hajek,10.0,0.2,10,20,169,10000,,yes,0.035,0.9111475905555232
3834,0.5265613005043992,1.001995398417315,0.4754340979129159,"Hajek(recency=10.0,delta=0.20)",Hajek,10.0,0.2,10,20,169,10000,,yes,0.035,0.9111475905555232
3835,0.5302410073475328,1.0035336901040919,0.4732926827565591,"Hajek(recency=10.0,delta=0.20)",Hajek,10.0,0.2,10,20,169,10000,,yes,0.035,0.9111475905555232
3836,0.5212560484799079,0.9874776005689258,0.46622155208901783,"Hajek(recency=10.0,delta=0.20)",Hajek,10.0,0.2,10,20,169,10000,,yes,0.035,0.9111475905555232
3837,0.5257675274461375,0.9978596999944009,0.4720921725482634,"Hajek(recency=10.0,delta=0.20)",Hajek,10.0,0.2,10,20,169,10000,,yes,0.035,0.9111475905555232
3838,0.5233532670719327,0.9910700283951995,0.4677167613232668,"Hajek(recency=10.0,delta=0.20)",Hajek,10.0,0.2,10,20,169,10000,,yes,0.035,0.9111475905555232
3839,0.5210492030604513,0.9930291067248567,0.47197990366440534,"Hajek(recency=10.0,delta=0.20)",Hajek,10.0,0.2,10,20,169,10000,,yes,0.035,0.9111475905555232
3840,0.5227369919125112,1.0057255271681678,0.48298853525565655,"Hajek(recency=10.0,delta=0.20)",Hajek,10.0,0.2,10,20,169,10000,,yes,0.035,0.9111475905555232
3841,0.5234613524365435,0.9949658501428781,0.4715044977063346,"Hajek(recency=10.0,delta=0.20)",Hajek,10.0,0.2,10,20,169,10000,,yes,0.035,0.9111475905555232
3842,0.520442196739114,0.9931392346216804,0.47269703788256645,"Hajek(recency=10.0,delta=0.20)",Hajek,10.0,0.2,10,20,169,10000,,yes,0.035,0.9111475905555232
3843,0.5278447644541123,0.985785012294332,0.4579402478402197,"Hajek(recency=10.0,delta=0.20)",Hajek,10.0,0.2,10,20,169,10000,,yes,0.035,0.9111475905555232
3844,0.5257072832272425,1.0045660082521655,0.478858725024923,"Hajek(recency=10.0,delta=0.20)",Hajek,10.0,0.2,10,20,169,10000,,yes,0.035,0.9111475905555232
3845,0.5256316421887407,0.9831676443627146,0.45753600217397394,"Hajek(recency=10.0,delta=0.20)",Hajek,10.0,0.2,10,20,169,10000,,yes,0.035,0.9111475905555232
3846,0.5187648540023506,0.9853179603447387,0.4665531063423881,"Hajek(recency=10.0,delta=0.20)",Hajek,10.0,0.2,10,20,169,10000,,yes,0.035,0.9111475905555232
3847,0.5210362738489707,1.0033218324635755,0.48228555861460487,"Hajek(recency=10.0,delta=0.20)",Hajek,10.0,0.2,10,20,169,10000,,yes,0.035,0.9111475905555232
3848,0.5226546391575113,0.9888158226596935,0.46616118350218216,"Hajek(recency=10.0,delta=0.20)",Hajek,10.0,0.2,10,20,169,10000,,yes,0.035,0.9111475905555232
3849,0.5246460093891898,0.9919462389861367,0.46730022959694684,"Hajek(recency=10.0,delta=0.20)",Hajek,10.0,0.2,10,20,169,10000,,yes,0.035,0.9111475905555232
3850,0.5213619982149671,0.9979436279955065,0.4765816297805394,"Hajek(recency=10.0,delta=0.20)",Hajek,10.0,0.2,10,20,169,10000,,yes,0.035,0.9111475905555232
3851,0.522818436743402,0.9942424553705709,0.4714240186271689,"Hajek(recency=10.0,delta=0.20)",Hajek,10.0,0.2,10,20,169,10000,,yes,0.035,0.9111475905555232
3852,0.5221355928661545,0.9960168799892846,0.47388128712313005,"Hajek(recency=10.0,delta=0.20)",Hajek,10.0,0.2,10,20,169,10000,,yes,0.035,0.9111475905555232
3853,0.5235132292359401,1.0020175886192055,0.4785043593832654,"Hajek(recency=10.0,delta=0.20)",Hajek,10.0,0.2,10,20,169,10000,,yes,0.035,0.9111475905555232
3854,0.5241237926854576,0.9791339530435607,0.45501016035810304,"Hajek(recency=10.0,delta=0.20)",Hajek,10.0,0.2,10,20,169,10000,,yes,0.035,0.9111475905555232
3855,0.5262581603409039,0.9923846501791115,0.4661264898382076,"Hajek(recency=10.0,delta=0.20)",Hajek,10.0,0.2,10,20,169,10000,,yes,0.035,0.9111475905555232
3856,0.5219006926417582,1.0169692200566454,0.49506852741488716,"Hajek(recency=10.0,delta=0.20)",Hajek,10.0,0.2,10,20,169,10000,,yes,0.035,0.9111475905555232
3857,0.5229862116893751,1.004344794987928,0.48135858329855297,"Hajek(recency=10.0,delta=0.20)",Hajek,10.0,0.2,10,20,169,10000,,yes,0.035,0.9111475905555232
3858,0.520130805072076,0.9990260200856262,0.47889521501355026,"Hajek(recency=10.0,delta=0.20)",Hajek,10.0,0.2,10,20,169,10000,,yes,0.035,0.9111475905555232
3859,0.522282253204359,0.9973007164247308,0.4750184632203719,"Hajek(recency=10.0,delta=0.20)",Hajek,10.0,0.2,10,20,169,10000,,yes,0.035,0.9111475905555232
3860,0.5207146896030966,0.9968237418313445,0.47610905222824784,"Hajek(recency=10.0,delta=0.20)",Hajek,10.0,0.2,10,20,169,10000,,yes,0.035,0.9111475905555232
3861,0.5206015559714274,1.0072351772549613,0.4866336212835338,"Hajek(recency=10.0,delta=0.20)",Hajek,10.0,0.2,10,20,169,10000,,yes,0.035,0.9111475905555232
3862,0.5213828614431839,1.0017285888809604,0.4803457274377765,"Hajek(recency=10.0,delta=0.20)",Hajek,10.0,0.2,10,20,169,10000,,yes,0.035,0.9111475905555232
3863,0.5221974421681586,0.9846397712454662,0.46244232907730765,"Hajek(recency=10.0,delta=0.20)",Hajek,10.0,0.2,10,20,169,10000,,yes,0.035,0.9111475905555232
3864,0.5252403762480212,1.0018140898583505,0.4765737136103293,"Hajek(recency=10.0,delta=0.20)",Hajek,10.0,0.2,10,20,169,10000,,yes,0.035,0.9111475905555232
3865,0.5263650399488996,0.999008045907948,0.4726430059590484,"Hajek(recency=10.0,delta=0.20)",Hajek,10.0,0.2,10,20,169,10000,,yes,0.035,0.9111475905555232
3866,0.5278814050677564,0.995077269388378,0.46719586432062166,"Hajek(recency=10.0,delta=0.20)",Hajek,10.0,0.2,10,20,169,10000,,yes,0.035,0.9111475905555232
3867,0.52471695040664,0.9847195824366002,0.46000263202996017,"Hajek(recency=10.0,delta=0.20)",Hajek,10.0,0.2,10,20,169,10000,,yes,0.035,0.9111475905555232
3868,0.5230398071082175,1.0028581198792397,0.47981831277102216,"Hajek(recency=10.0,delta=0.20)",Hajek,10.0,0.2,10,20,169,10000,,yes,0.035,0.9111475905555232
3869,0.5238899678435847,0.9945455100277306,0.47065554218414596,"Hajek(recency=10.0,delta=0.20)",Hajek,10.0,0.2,10,20,169,10000,,yes,0.035,0.9111475905555232
3870,0.5186241282425893,0.9936702686241197,0.47504614038153037,"Hajek(recency=10.0,delta=0.20)",Hajek,10.0,0.2,10,20,169,10000,,yes,0.035,0.9111475905555232
3871,0.5239645799688609,0.9930132323896584,0.4690486524207975,"Hajek(recency=10.0,delta=0.20)",Hajek,10.0,0.2,10,20,169,10000,,yes,0.035,0.9111475905555232
3872,0.5199727044852704,1.0051267020466723,0.4851539975614019,"Hajek(recency=10.0,delta=0.20)",Hajek,10.0,0.2,10,20,169,10000,,yes,0.035,0.9111475905555232
3873,0.5245866063157991,0.9912867046778286,0.4667000983620295,"Hajek(recency=10.0,delta=0.20)",Hajek,10.0,0.2,10,20,169,10000,,yes,0.035,0.9111475905555232
3874,0.5236136485968065,1.0046810477827326,0.4810673991859261,"Hajek(recency=10.0,delta=0.20)",Hajek,10.0,0.2,10,20,169,10000,,yes,0.035,0.9111475905555232
3875,0.522617895604855,0.9923118165728686,0.46969392096801355,"Hajek(recency=10.0,delta=0.20)",Hajek,10.0,0.2,10,20,169,10000,,yes,0.035,0.9111475905555232
3876,0.5223018593982415,0.9766517210444543,0.4543498616462128,"Hajek(recency=10.0,delta=0.20)",Hajek,10.0,0.2,10,20,169,10000,,yes,0.035,0.9111475905555232
3877,0.5131986494491158,1.0099263184579126,0.49672766900879683,"Hajek(recency=10.0,delta=0.20)",Hajek,10.0,0.2,10,20,169,10000,,yes,0.035,0.9111475905555232
3878,0.517617047790314,0.9807113474820622,0.4630942996917482,"Hajek(recency=10.0,delta=0.20)",Hajek,10.0,0.2,10,20,169,10000,,yes,0.035,0.9111475905555232
3879,0.5190711221755903,0.9873141578551722,0.4682430356795819,"Hajek(recency=10.0,delta=0.20)",Hajek,10.0,0.2,10,20,169,10000,,yes,0.035,0.9111475905555232
3880,0.5323028842116411,0.991765792675094,0.45946290846345295,"Hajek(recency=10.0,delta=0.20)",Hajek,10.0,0.2,10,20,169,10000,,yes,0.035,0.9111475905555232
3881,0.5199573926564373,0.988117679919738,0.4681602872633007,"Hajek(recency=10.0,delta=0.20)",Hajek,10.0,0.2,10,20,169,10000,,yes,0.035,0.9111475905555232
3882,0.5249995164109283,0.9967684999959702,0.4717689835850418,"Hajek(recency=10.0,delta=0.20)",Hajek,10.0,0.2,10,20,169,10000,,yes,0.035,0.9111475905555232
3883,0.5230269294600873,0.9982032726882886,0.47517634322820124,"Hajek(recency=10.0,delta=0.20)",Hajek,10.0,0.2,10,20,169,10000,,yes,0.035,0.9111475905555232
3884,0.5237105454896841,1.0037084896729898,0.47999794418330566,"Hajek(recency=10.0,delta=0.20)",Hajek,10.0,0.2,10,20,169,10000,,yes,0.035,0.9111475905555232
3885,0.5219852633321458,0.992706818443389,0.47072155511124325,"Hajek(recency=10.0,delta=0.20)",Hajek,10.0,0.2,10,20,169,10000,,yes,0.035,0.9111475905555232
3886,0.5189669333430617,0.9986285771702129,0.47966164382715126,"Hajek(recency=10.0,delta=0.20)",Hajek,10.0,0.2,10,20,169,10000,,yes,0.035,0.9111475905555232
3887,0.5173609466374528,0.9983683781259481,0.48100743148849534,"Hajek(recency=10.0,delta=0.20)",Hajek,10.0,0.2,10,20,169,10000,,yes,0.035,0.9111475905555232
3888,0.5217408957421699,1.0070267263085162,0.48528583056634633,"Hajek(recency=10.0,delta=0.20)",Hajek,10.0,0.2,10,20,169,10000,,yes,0.035,0.9111475905555232
3889,0.526976107711563,0.9931615101446577,0.4661854024330947,"Hajek(recency=10.0,delta=0.20)",Hajek,10.0,0.2,10,20,169,10000,,yes,0.035,0.9111475905555232
3890,0.521658945713605,0.9806078651257214,0.45894891941211635,"Hajek(recency=10.0,delta=0.20)",Hajek,10.0,0.2,10,20,169,10000,,yes,0.035,0.9111475905555232
3891,0.5230411068499228,0.9990847756236991,0.47604366877377635,"Hajek(recency=10.0,delta=0.20)",Hajek,10.0,0.2,10,20,169,10000,,yes,0.035,0.9111475905555232
3892,0.5198420314845458,1.0101115285402034,0.4902694970556576,"Hajek(recency=10.0,delta=0.20)",Hajek,10.0,0.2,10,20,169,10000,,yes,0.035,0.9111475905555232
3893,0.5259519350733932,0.9931421319037994,0.4671901968304062,"Hajek(recency=10.0,delta=0.20)",Hajek,10.0,0.2,10,20,169,10000,,yes,0.035,0.9111475905555232
3894,0.5245486798146469,1.0015359049217698,0.4769872251071229,"Hajek(recency=10.0,delta=0.20)",Hajek,10.0,0.2,10,20,169,10000,,yes,0.035,0.9111475905555232
3895,0.5220550763218436,0.9944500553357504,0.4723949790139068,"Hajek(recency=10.0,delta=0.20)",Hajek,10.0,0.2,10,20,169,10000,,yes,0.035,0.9111475905555232
3896,0.5217638280258461,0.9957614629581929,0.4739976349323468,"Hajek(recency=10.0,delta=0.20)",Hajek,10.0,0.2,10,20,169,10000,,yes,0.035,0.9111475905555232
3897,0.5210758205902102,0.9908446824416521,0.46976886185144195,"Hajek(recency=10.0,delta=0.20)",Hajek,10.0,0.2,10,20,169,10000,,yes,0.035,0.9111475905555232
3898,0.5232692338977524,0.9988734322187007,0.47560419832094836,"Hajek(recency=10.0,delta=0.20)",Hajek,10.0,0.2,10,20,169,10000,,yes,0.035,0.9111475905555232
3899,0.5168633111062092,0.9958406951548723,0.4789773840486631,"Hajek(recency=10.0,delta=0.20)",Hajek,10.0,0.2,10,20,169,10000,,yes,0.035,0.9111475905555232
3900,0.5234290102440966,1.0051666392644347,0.4817376290203381,"Hajek(recency=10.0,delta=0.20)",Hajek,10.0,0.2,10,20,169,10000,,yes,0.035,0.9111475905555232
3901,0.5201607699356657,0.9923308476005125,0.47217007766484675,"Hajek(recency=10.0,delta=0.20)",Hajek,10.0,0.2,10,20,169,10000,,yes,0.035,0.9111475905555232
3902,0.5261342433907731,0.9919783370782924,0.46584409368751933,"Hajek(recency=10.0,delta=0.20)",Hajek,10.0,0.2,10,20,169,10000,,yes,0.035,0.9111475905555232
3903,0.5258251941419408,0.9982917295019569,0.47246653536001604,"Hajek(recency=10.0,delta=0.20)",Hajek,10.0,0.2,10,20,169,10000,,yes,0.035,0.9111475905555232
3904,0.5236024071690288,0.9967240431717256,0.47312163600269674,"Hajek(recency=10.0,delta=0.20)",Hajek,10.0,0.2,10,20,169,10000,,yes,0.035,0.9111475905555232
3905,0.5238112322317039,1.0058923603454661,0.48208112811376225,"Hajek(recency=10.0,delta=0.20)",Hajek,10.0,0.2,10,20,169,10000,,yes,0.035,0.9111475905555232
3906,0.5272038489033669,0.9936003801046571,0.4663965312012902,"Hajek(recency=10.0,delta=0.20)",Hajek,10.0,0.2,10,20,169,10000,,yes,0.035,0.9111475905555232
3907,0.5261788995546406,0.9990834434306105,0.4729045438759699,"Hajek(recency=10.0,delta=0.20)",Hajek,10.0,0.2,10,20,169,10000,,yes,0.035,0.9111475905555232
3908,0.5184543799458442,0.9916868069238425,0.4732324269779983,"Hajek(recency=10.0,delta=0.20)",Hajek,10.0,0.2,10,20,169,10000,,yes,0.035,0.9111475905555232
3909,0.518583020688007,0.9909121995965161,0.4723291789085091,"Hajek(recency=10.0,delta=0.20)",Hajek,10.0,0.2,10,20,169,10000,,yes,0.035,0.9111475905555232
3910,0.5197152895190404,0.9839016167330572,0.46418632721401676,"Hajek(recency=10.0,delta=0.20)",Hajek,10.0,0.2,10,20,169,10000,,yes,0.035,0.9111475905555232
3911,0.5270499681652169,0.9979199354008428,0.4708699672356259,"Hajek(recency=10.0,delta=0.20)",Hajek,10.0,0.2,10,20,169,10000,,yes,0.035,0.9111475905555232
3912,0.5270194227648354,0.9911288390726228,0.46410941630778746,"Hajek(recency=10.0,delta=0.20)",Hajek,10.0,0.2,10,20,169,10000,,yes,0.035,0.9111475905555232
3913,0.521649537945037,0.9940396885905057,0.47239015064546874,"Hajek(recency=10.0,delta=0.20)",Hajek,10.0,0.2,10,20,169,10000,,yes,0.035,0.9111475905555232
3914,0.521036663025709,0.995279570812402,0.4742429077866931,"Hajek(recency=10.0,delta=0.20)",Hajek,10.0,0.2,10,20,169,10000,,yes,0.035,0.9111475905555232
3915,0.5226222940148227,0.998751988159945,0.4761296941451223,"Hajek(recency=10.0,delta=0.20)",Hajek,10.0,0.2,10,20,169,10000,,yes,0.035,0.9111475905555232
3916,0.5279397953173227,1.0104539402584751,0.4825141449411524,"Hajek(recency=10.0,delta=0.20)",Hajek,10.0,0.2,10,20,169,10000,,yes,0.035,0.9111475905555232
3917,0.5219054984894228,0.9943351354065318,0.47242963691710904,"Hajek(recency=10.0,delta=0.20)",Hajek,10.0,0.2,10,20,169,10000,,yes,0.035,0.9111475905555232
3918,0.5220578868612449,0.9906908640421521,0.46863297718090724,"Hajek(recency=10.0,delta=0.20)",Hajek,10.0,0.2,10,20,169,10000,,yes,0.035,0.9111475905555232
3919,0.5247907272474016,0.9941263895733808,0.46933566232597923,"Hajek(recency=10.0,delta=0.20)",Hajek,10.0,0.2,10,20,169,10000,,yes,0.035,0.9111475905555232
3920,0.5205955167662367,1.0061535944571236,0.4855580776908869,"Hajek(recency=10.0,delta=0.20)",Hajek,10.0,0.2,10,20,169,10000,,yes,0.035,0.9111475905555232
3921,0.5223407735488573,0.9910831607487663,0.468742387199909,"Hajek(recency=10.0,delta=0.20)",Hajek,10.0,0.2,10,20,169,10000,,yes,0.035,0.9111475905555232
3922,0.5223572480204085,0.9968678940167954,0.4745106459963869,"Hajek(recency=10.0,delta=0.20)",Hajek,10.0,0.2,10,20,169,10000,,yes,0.035,0.9111475905555232
3923,0.5201407191794605,0.9908485002042835,0.470707781024823,"Hajek(recency=10.0,delta=0.20)",Hajek,10.0,0.2,10,20,169,10000,,yes,0.035,0.9111475905555232
3924,0.5217600110533017,1.003668194822069,0.4819081837687672,"Hajek(recency=10.0,delta=0.20)",Hajek,10.0,0.2,10,20,169,10000,,yes,0.035,0.9111475905555232
3925,0.5210609431084776,0.9896293532587438,0.4685684101502662,"Hajek(recency=10.0,delta=0.20)",Hajek,10.0,0.2,10,20,169,10000,,yes,0.035,0.9111475905555232
3926,0.5230306629678991,0.9978635543567275,0.47483289138882834,"Hajek(recency=10.0,delta=0.20)",Hajek,10.0,0.2,10,20,169,10000,,yes,0.035,0.9111475905555232
3927,0.5248146588654969,0.9873110892942657,0.46249643042876876,"Hajek(recency=10.0,delta=0.20)",Hajek,10.0,0.2,10,20,169,10000,,yes,0.035,0.9111475905555232
3928,0.5242102591775458,0.9884177911980696,0.4642075320205238,"Hajek(recency=10.0,delta=0.20)",Hajek,10.0,0.2,10,20,169,10000,,yes,0.035,0.9111475905555232
3929,0.5232616538962563,0.9984767902457353,0.475215136349479,"Hajek(recency=10.0,delta=0.20)",Hajek,10.0,0.2,10,20,169,10000,,yes,0.035,0.9111475905555232
3930,0.523226862405467,0.998861476336581,0.47563461393111395,"Hajek(recency=10.0,delta=0.20)",Hajek,10.0,0.2,10,20,169,10000,,yes,0.035,0.9111475905555232
3931,0.528040518783135,0.9910995979441717,0.4630590791610367,"Hajek(recency=10.0,delta=0.20)",Hajek,10.0,0.2,10,20,169,10000,,yes,0.035,0.9111475905555232
3932,0.5239213296203042,0.9874744655353576,0.4635531359150533,"Hajek(recency=10.0,delta=0.20)",Hajek,10.0,0.2,10,20,169,10000,,yes,0.035,0.9111475905555232
3933,0.5218580305074455,0.996552601732623,0.47469457122517744,"Hajek(recency=10.0,delta=0.20)",Hajek,10.0,0.2,10,20,169,10000,,yes,0.035,0.9111475905555232
3934,0.5231643112216257,0.9986237421501776,0.4754594309285519,"Hajek(recency=10.0,delta=0.20)",Hajek,10.0,0.2,10,20,169,10000,,yes,0.035,0.9111475905555232
3935,0.5210312519612305,1.003812024919555,0.48278077295832456,"Hajek(recency=10.0,delta=0.20)",Hajek,10.0,0.2,10,20,169,10000,,yes,0.035,0.9111475905555232
3936,0.5192717459176887,0.9869511703837083,0.4676794244660196,"Hajek(recency=10.0,delta=0.20)",Hajek,10.0,0.2,10,20,169,10000,,yes,0.035,0.9111475905555232
3937,0.5213934524789245,0.9936501539978433,0.47225670151891874,"Hajek(recency=10.0,delta=0.20)",Hajek,10.0,0.2,10,20,169,10000,,yes,0.035,0.9111475905555232
3938,0.5251987062426231,1.0031480366626953,0.47794933042007215,"Hajek(recency=10.0,delta=0.20)",Hajek,10.0,0.2,10,20,169,10000,,yes,0.035,0.9111475905555232
3939,0.5279183355472291,0.995570362422706,0.4676520268754769,"Hajek(recency=10.0,delta=0.20)",Hajek,10.0,0.2,10,20,169,10000,,yes,0.035,0.9111475905555232
3940,0.5199868862379575,0.9890762167626124,0.46908933052465485,"Hajek(recency=10.0,delta=0.20)",Hajek,10.0,0.2,10,20,169,10000,,yes,0.035,0.9111475905555232
3941,0.5223855507685506,0.9884095793569079,0.46602402858835723,"Hajek(recency=10.0,delta=0.20)",Hajek,10.0,0.2,10,20,169,10000,,yes,0.035,0.9111475905555232
3942,0.5237877304657649,1.0022876003086643,0.4784998698428994,"Hajek(recency=10.0,delta=0.20)",Hajek,10.0,0.2,10,20,169,10000,,yes,0.035,0.9111475905555232
3943,0.5260327929849428,0.9938212998820868,0.467788506897144,"Hajek(recency=10.0,delta=0.20)",Hajek,10.0,0.2,10,20,169,10000,,yes,0.035,0.9111475905555232
3944,0.5238146262966267,0.9956331360342292,0.47181850973760253,"Hajek(recency=10.0,delta=0.20)",Hajek,10.0,0.2,10,20,169,10000,,yes,0.035,0.9111475905555232
3945,0.523474123583112,0.9788606169978701,0.4553864934147581,"Hajek(recency=10.0,delta=0.20)",Hajek,10.0,0.2,10,20,169,10000,,yes,0.035,0.9111475905555232
3946,0.5223694457870063,0.9994980333899685,0.4771285876029622,"Hajek(recency=10.0,delta=0.20)",Hajek,10.0,0.2,10,20,169,10000,,yes,0.035,0.9111475905555232
3947,0.5279102545004386,0.9918795350708981,0.4639692805704595,"Hajek(recency=10.0,delta=0.20)",Hajek,10.0,0.2,10,20,169,10000,,yes,0.035,0.9111475905555232
3948,0.5226257841978285,1.0036916009288945,0.4810658167310661,"Hajek(recency=10.0,delta=0.20)",Hajek,10.0,0.2,10,20,169,10000,,yes,0.035,0.9111475905555232
3949,0.5256217677694481,0.9940555917768418,0.46843382400739364,"Hajek(recency=10.0,delta=0.20)",Hajek,10.0,0.2,10,20,169,10000,,yes,0.035,0.9111475905555232
3950,0.5203209473072686,1.0072105359580623,0.4868895886507937,"Hajek(recency=10.0,delta=0.20)",Hajek,10.0,0.2,10,20,169,10000,,yes,0.035,0.9111475905555232
3951,0.5200907313926849,1.001762935840368,0.481672204447683,"Hajek(recency=10.0,delta=0.20)",Hajek,10.0,0.2,10,20,169,10000,,yes,0.035,0.9111475905555232
3952,0.5245879740227352,0.9927809572727807,0.46819298325004555,"Hajek(recency=10.0,delta=0.20)",Hajek,10.0,0.2,10,20,169,10000,,yes,0.035,0.9111475905555232
3953,0.5229815725478878,0.9922546759855877,0.4692731034376999,"Hajek(recency=10.0,delta=0.20)",Hajek,10.0,0.2,10,20,169,10000,,yes,0.035,0.9111475905555232
3954,0.5230138444007126,0.9896983579729091,0.4666845135721964,"Hajek(recency=10.0,delta=0.20)",Hajek,10.0,0.2,10,20,169,10000,,yes,0.035,0.9111475905555232
3955,0.5228835082548983,0.9884276492209276,0.46554414096602936,"Hajek(recency=10.0,delta=0.20)",Hajek,10.0,0.2,10,20,169,10000,,yes,0.035,0.9111475905555232
3956,0.5176046205328788,0.9991913426772462,0.4815867221443674,"Hajek(recency=10.0,delta=0.20)",Hajek,10.0,0.2,10,20,169,10000,,yes,0.035,0.9111475905555232
3957,0.5298402411618229,0.9942485506885524,0.4644083095267295,"Hajek(recency=10.0,delta=0.20)",Hajek,10.0,0.2,10,20,169,10000,,yes,0.035,0.9111475905555232
3958,0.5209010985906184,0.9991042539035686,0.4782031553129502,"Hajek(recency=10.0,delta=0.20)",Hajek,10.0,0.2,10,20,169,10000,,yes,0.035,0.9111475905555232
3959,0.5240604369083289,1.0001990460726407,0.4761386091643117,"Hajek(recency=10.0,delta=0.20)",Hajek,10.0,0.2,10,20,169,10000,,yes,0.035,0.9111475905555232
3960,0.5273648443111318,0.9960049068597961,0.4686400625486643,"Hajek(recency=10.0,delta=0.20)",Hajek,10.0,0.2,10,20,169,10000,,yes,0.035,0.9111475905555232
3961,0.519267130051236,1.0013690418165324,0.4821019117652964,"Hajek(recency=10.0,delta=0.20)",Hajek,10.0,0.2,10,20,169,10000,,yes,0.035,0.9111475905555232
3962,0.5241995988648772,0.9925924899213323,0.4683928910564551,"Hajek(recency=10.0,delta=0.20)",Hajek,10.0,0.2,10,20,169,10000,,yes,0.035,0.9111475905555232
3963,0.5245409803892199,0.9860865834181075,0.4615456030288876,"Hajek(recency=10.0,delta=0.20)",Hajek,10.0,0.2,10,20,169,10000,,yes,0.035,0.9111475905555232
3964,0.5222919210642788,0.9875782214117539,0.4652863003474751,"Hajek(recency=10.0,delta=0.20)",Hajek,10.0,0.2,10,20,169,10000,,yes,0.035,0.9111475905555232
3965,0.5160594745901407,0.9949202547128947,0.478860780122754,"Hajek(recency=10.0,delta=0.20)",Hajek,10.0,0.2,10,20,169,10000,,yes,0.035,0.9111475905555232
3966,0.520225515332859,0.9908644959398457,0.4706389806069867,"Hajek(recency=10.0,delta=0.20)",Hajek,10.0,0.2,10,20,169,10000,,yes,0.035,0.9111475905555232
3967,0.5244871420408785,1.0074280386010273,0.4829408965601487,"Hajek(recency=10.0,delta=0.20)",Hajek,10.0,0.2,10,20,169,10000,,yes,0.035,0.9111475905555232
3968,0.5247390318054357,0.9911979669366181,0.4664589351311824,"Hajek(recency=10.0,delta=0.20)",Hajek,10.0,0.2,10,20,169,10000,,yes,0.035,0.9111475905555232
3969,0.5202956983432242,1.0000728986364107,0.4797772002931865,"Hajek(recency=10.0,delta=0.20)",Hajek,10.0,0.2,10,20,169,10000,,yes,0.035,0.9111475905555232
3970,0.5261806039691895,0.9921099170888799,0.4659293131196903,"Hajek(recency=10.0,delta=0.20)",Hajek,10.0,0.2,10,20,169,10000,,yes,0.035,0.9111475905555232
3971,0.5256274254568744,0.9911495340265185,0.46552210856964416,"Hajek(recency=10.0,delta=0.20)",Hajek,10.0,0.2,10,20,169,10000,,yes,0.035,0.9111475905555232
3972,0.527465443534537,0.9958520290763018,0.4683865855417648,"Hajek(recency=10.0,delta=0.20)",Hajek,10.0,0.2,10,20,169,10000,,yes,0.035,0.9111475905555232
3973,0.5227351907015823,0.9998952818951586,0.4771600911935764,"Hajek(recency=10.0,delta=0.20)",Hajek,10.0,0.2,10,20,169,10000,,yes,0.035,0.9111475905555232
3974,0.5282922322153479,0.9950613948059782,0.4667691625906303,"Hajek(recency=10.0,delta=0.20)",Hajek,10.0,0.2,10,20,169,10000,,yes,0.035,0.9111475905555232
3975,0.5281084331318452,1.0000692834949032,0.471960850363058,"Hajek(recency=10.0,delta=0.20)",Hajek,10.0,0.2,10,20,169,10000,,yes,0.035,0.9111475905555232
3976,0.5272717286187567,0.9957433811624463,0.4684716525436896,"Hajek(recency=10.0,delta=0.20)",Hajek,10.0,0.2,10,20,169,10000,,yes,0.035,0.9111475905555232
3977,0.517491841104508,0.9859773448783926,0.46848550377388465,"Hajek(recency=10.0,delta=0.20)",Hajek,10.0,0.2,10,20,169,10000,,yes,0.035,0.9111475905555232
3978,0.5250730981543169,0.9934893229683774,0.46841622481406053,"Hajek(recency=10.0,delta=0.20)",Hajek,10.0,0.2,10,20,169,10000,,yes,0.035,0.9111475905555232
3979,0.5245422042765941,0.9897347049345472,0.46519250065795303,"Hajek(recency=10.0,delta=0.20)",Hajek,10.0,0.2,10,20,169,10000,,yes,0.035,0.9111475905555232
3980,0.5188347544049099,0.995497427729363,0.4766626733244531,"Hajek(recency=10.0,delta=0.20)",Hajek,10.0,0.2,10,20,169,10000,,yes,0.035,0.9111475905555232
3981,0.5239805222752149,0.9992962133235996,0.4753156910483848,"Hajek(recency=10.0,delta=0.20)",Hajek,10.0,0.2,10,20,169,10000,,yes,0.035,0.9111475905555232
3982,0.521891313050117,0.9973167075551004,0.47542539450498333,"Hajek(recency=10.0,delta=0.20)",Hajek,10.0,0.2,10,20,169,10000,,yes,0.035,0.9111475905555232
3983,0.5172305995404204,0.9917589776319011,0.47452837809148074,"Hajek(recency=10.0,delta=0.20)",Hajek,10.0,0.2,10,20,169,10000,,yes,0.035,0.9111475905555232
3984,0.519994516221116,0.991445318951267,0.47145080273015094,"Hajek(recency=10.0,delta=0.20)",Hajek,10.0,0.2,10,20,169,10000,,yes,0.035,0.9111475905555232
3985,0.5229937890829237,0.9906323640876404,0.46763857500471673,"Hajek(recency=10.0,delta=0.20)",Hajek,10.0,0.2,10,20,169,10000,,yes,0.035,0.9111475905555232
3986,0.5220270703084688,0.9986778395698419,0.47665076926137306,"Hajek(recency=10.0,delta=0.20)",Hajek,10.0,0.2,10,20,169,10000,,yes,0.035,0.9111475905555232
3987,0.5211634591227043,1.0004321140206056,0.47926865489790127,"Hajek(recency=10.0,delta=0.20)",Hajek,10.0,0.2,10,20,169,10000,,yes,0.035,0.9111475905555232
3988,0.5242569250310516,0.9964855466872276,0.47222862165617596,"Hajek(recency=10.0,delta=0.20)",Hajek,10.0,0.2,10,20,169,10000,,yes,0.035,0.9111475905555232
3989,0.5249375219338026,0.9947635770504853,0.46982605511668274,"Hajek(recency=10.0,delta=0.20)",Hajek,10.0,0.2,10,20,169,10000,,yes,0.035,0.9111475905555232
3990,0.5199423546557244,0.9899002323448309,0.4699578776891066,"Hajek(recency=10.0,delta=0.20)",Hajek,10.0,0.2,10,20,169,10000,,yes,0.035,0.9111475905555232
3991,0.5264426528391009,1.00430349019799,0.47786083735888907,"Hajek(recency=10.0,delta=0.20)",Hajek,10.0,0.2,10,20,169,10000,,yes,0.035,0.9111475905555232
3992,0.5209961665906625,0.9875900941853268,0.46659392759466434,"Hajek(recency=10.0,delta=0.20)",Hajek,10.0,0.2,10,20,169,10000,,yes,0.035,0.9111475905555232
3993,0.5226208032262175,1.0022291526144107,0.4796083493881932,"Hajek(recency=10.0,delta=0.20)",Hajek,10.0,0.2,10,20,169,10000,,yes,0.035,0.9111475905555232
3994,0.51982117956228,0.9806270373949547,0.4608058578326747,"Hajek(recency=10.0,delta=0.20)",Hajek,10.0,0.2,10,20,169,10000,,yes,0.035,0.9111475905555232
3995,0.5295278696781097,0.9877184507193425,0.4581905810412328,"Hajek(recency=10.0,delta=0.20)",Hajek,10.0,0.2,10,20,169,10000,,yes,0.035,0.9111475905555232
3996,0.518553691358335,0.9945145567478638,0.47596086538952886,"Hajek(recency=10.0,delta=0.20)",Hajek,10.0,0.2,10,20,169,10000,,yes,0.035,0.9111475905555232
3997,0.5217445030351595,0.997409514465453,0.4756650114302935,"Hajek(recency=10.0,delta=0.20)",Hajek,10.0,0.2,10,20,169,10000,,yes,0.035,0.9111475905555232
3998,0.5197107235837296,0.993114690425382,0.4734039668416524,"Hajek(recency=10.0,delta=0.20)",Hajek,10.0,0.2,10,20,169,10000,,yes,0.035,0.9111475905555232
3999,0.5225538253426499,0.9866469889810849,0.464093163638435,"Hajek(recency=10.0,delta=0.20)",Hajek,10.0,0.2,10,20,169,10000,,yes,0.035,0.9111475905555232
4000,0.5324929412114731,1.0074481704504,0.47495522923892686,"Horvitz-Thompson(recency=20.0,delta=0.20)",HT,20.0,0.2,10,20,169,10000,,yes,0.035,0.9111475905555232
4001,0.5049053510783518,1.1240062930345909,0.6191009419562391,"Horvitz-Thompson(recency=20.0,delta=0.20)",HT,20.0,0.2,10,20,169,10000,,yes,0.035,0.9111475905555232
4002,0.529909661203384,1.0396269196076329,0.5097172584042489,"Horvitz-Thompson(recency=20.0,delta=0.20)",HT,20.0,0.2,10,20,169,10000,,yes,0.035,0.9111475905555232
4003,0.4981779983011608,1.1291573423946557,0.630979344093495,"Horvitz-Thompson(recency=20.0,delta=0.20)",HT,20.0,0.2,10,20,169,10000,,yes,0.035,0.9111475905555232
4004,0.47053405515145297,1.1830593423860136,0.7125252872345607,"Horvitz-Thompson(recency=20.0,delta=0.20)",HT,20.0,0.2,10,20,169,10000,,yes,0.035,0.9111475905555232
4005,0.519724190804212,1.1336464138982394,0.6139222230940274,"Horvitz-Thompson(recency=20.0,delta=0.20)",HT,20.0,0.2,10,20,169,10000,,yes,0.035,0.9111475905555232
4006,0.5608264712414908,1.0077196482816837,0.44689317704019293,"Horvitz-Thompson(recency=20.0,delta=0.20)",HT,20.0,0.2,10,20,169,10000,,yes,0.035,0.9111475905555232
4007,0.5224974098540363,1.0922483587588487,0.5697509489048125,"Horvitz-Thompson(recency=20.0,delta=0.20)",HT,20.0,0.2,10,20,169,10000,,yes,0.035,0.9111475905555232
4008,0.5114246456281505,1.055258039826496,0.5438333941983454,"Horvitz-Thompson(recency=20.0,delta=0.20)",HT,20.0,0.2,10,20,169,10000,,yes,0.035,0.9111475905555232
4009,0.5462334274254217,1.0416342553719582,0.4954008279465365,"Horvitz-Thompson(recency=20.0,delta=0.20)",HT,20.0,0.2,10,20,169,10000,,yes,0.035,0.9111475905555232
4010,0.5309360176612726,1.0700853104336863,0.5391492927724136,"Horvitz-Thompson(recency=20.0,delta=0.20)",HT,20.0,0.2,10,20,169,10000,,yes,0.035,0.9111475905555232
4011,0.47364014020245104,1.0911098272073825,0.6174696870049314,"Horvitz-Thompson(recency=20.0,delta=0.20)",HT,20.0,0.2,10,20,169,10000,,yes,0.035,0.9111475905555232
4012,0.520831358282335,0.9938581642372193,0.47302680595488433,"Horvitz-Thompson(recency=20.0,delta=0.20)",HT,20.0,0.2,10,20,169,10000,,yes,0.035,0.9111475905555232
4013,0.46676996581503444,1.148536267375044,0.6817663015600097,"Horvitz-Thompson(recency=20.0,delta=0.20)",HT,20.0,0.2,10,20,169,10000,,yes,0.035,0.9111475905555232
4014,0.5385897332640871,1.0583575487597827,0.5197678154956956,"Horvitz-Thompson(recency=20.0,delta=0.20)",HT,20.0,0.2,10,20,169,10000,,yes,0.035,0.9111475905555232
4015,0.5656300941612097,1.0549038182860297,0.48927372412482006,"Horvitz-Thompson(recency=20.0,delta=0.20)",HT,20.0,0.2,10,20,169,10000,,yes,0.035,0.9111475905555232
4016,0.5712800470777254,0.9569796813073447,0.3856996342296193,"Horvitz-Thompson(recency=20.0,delta=0.20)",HT,20.0,0.2,10,20,169,10000,,yes,0.035,0.9111475905555232
4017,0.4923806122008613,1.06719816516369,0.5748175529628285,"Horvitz-Thompson(recency=20.0,delta=0.20)",HT,20.0,0.2,10,20,169,10000,,yes,0.035,0.9111475905555232
4018,0.4915516303215176,1.0542243445330022,0.5626727142114846,"Horvitz-Thompson(recency=20.0,delta=0.20)",HT,20.0,0.2,10,20,169,10000,,yes,0.035,0.9111475905555232
4019,0.4741083955884559,1.0415080238363004,0.5673996282478444,"Horvitz-Thompson(recency=20.0,delta=0.20)",HT,20.0,0.2,10,20,169,10000,,yes,0.035,0.9111475905555232
4020,0.48194802975366297,1.108848640583089,0.6269006108294262,"Horvitz-Thompson(recency=20.0,delta=0.20)",HT,20.0,0.2,10,20,169,10000,,yes,0.035,0.9111475905555232
4021,0.5752489089330242,1.0035825333724475,0.42833362443942335,"Horvitz-Thompson(recency=20.0,delta=0.20)",HT,20.0,0.2,10,20,169,10000,,yes,0.035,0.9111475905555232
4022,0.5229034863470511,0.9934247751167697,0.47052128876971866,"Horvitz-Thompson(recency=20.0,delta=0.20)",HT,20.0,0.2,10,20,169,10000,,yes,0.035,0.9111475905555232
4023,0.509015064523704,1.0403410239153568,0.5313259593916527,"Horvitz-Thompson(recency=20.0,delta=0.20)",HT,20.0,0.2,10,20,169,10000,,yes,0.035,0.9111475905555232
4024,0.49286148753208747,0.9658776016471446,0.4730161141150572,"Horvitz-Thompson(recency=20.0,delta=0.20)",HT,20.0,0.2,10,20,169,10000,,yes,0.035,0.9111475905555232
4025,0.5839867995925223,1.062454764175275,0.47846796458275276,"Horvitz-Thompson(recency=20.0,delta=0.20)",HT,20.0,0.2,10,20,169,10000,,yes,0.035,0.9111475905555232
4026,0.5133030010278844,1.0821155761996801,0.5688125751717957,"Horvitz-Thompson(recency=20.0,delta=0.20)",HT,20.0,0.2,10,20,169,10000,,yes,0.035,0.9111475905555232
4027,0.5450798658019588,1.0297221361844389,0.4846422703824801,"Horvitz-Thompson(recency=20.0,delta=0.20)",HT,20.0,0.2,10,20,169,10000,,yes,0.035,0.9111475905555232
4028,0.539812918421383,1.0108623027028274,0.4710493842814444,"Horvitz-Thompson(recency=20.0,delta=0.20)",HT,20.0,0.2,10,20,169,10000,,yes,0.035,0.9111475905555232
4029,0.4700587176241479,1.034085018108077,0.564026300483929,"Horvitz-Thompson(recency=20.0,delta=0.20)",HT,20.0,0.2,10,20,169,10000,,yes,0.035,0.9111475905555232
4030,0.5442034939417165,0.9573523820219063,0.4131488880801898,"Horvitz-Thompson(recency=20.0,delta=0.20)",HT,20.0,0.2,10,20,169,10000,,yes,0.035,0.9111475905555232
4031,0.4861203384249701,1.101985081094023,0.6158647426690529,"Horvitz-Thompson(recency=20.0,delta=0.20)",HT,20.0,0.2,10,20,169,10000,,yes,0.035,0.9111475905555232
4032,0.5666152831989223,1.157344107962806,0.5907288247638837,"Horvitz-Thompson(recency=20.0,delta=0.20)",HT,20.0,0.2,10,20,169,10000,,yes,0.035,0.9111475905555232
4033,0.4846021669741099,1.084910184680501,0.6003080177063911,"Horvitz-Thompson(recency=20.0,delta=0.20)",HT,20.0,0.2,10,20,169,10000,,yes,0.035,0.9111475905555232
4034,0.5370991132370051,1.1340413042000979,0.5969421909630928,"Horvitz-Thompson(recency=20.0,delta=0.20)",HT,20.0,0.2,10,20,169,10000,,yes,0.035,0.9111475905555232
4035,0.5250935734831558,1.0948822801477578,0.569788706664602,"Horvitz-Thompson(recency=20.0,delta=0.20)",HT,20.0,0.2,10,20,169,10000,,yes,0.035,0.9111475905555232
4036,0.4928462025582823,1.1631961424720476,0.6703499399137653,"Horvitz-Thompson(recency=20.0,delta=0.20)",HT,20.0,0.2,10,20,169,10000,,yes,0.035,0.9111475905555232
4037,0.5157904602267203,1.038131765557777,0.5223413053310568,"Horvitz-Thompson(recency=20.0,delta=0.20)",HT,20.0,0.2,10,20,169,10000,,yes,0.035,0.9111475905555232
4038,0.5336661323765775,1.0130514648979743,0.4793853325213968,"Horvitz-Thompson(recency=20.0,delta=0.20)",HT,20.0,0.2,10,20,169,10000,,yes,0.035,0.9111475905555232
4039,0.5086249392438097,1.0512037932602063,0.5425788540163966,"Horvitz-Thompson(recency=20.0,delta=0.20)",HT,20.0,0.2,10,20,169,10000,,yes,0.035,0.9111475905555232
4040,0.5228632996990751,1.0354431238100472,0.5125798241109721,"Horvitz-Thompson(recency=20.0,delta=0.20)",HT,20.0,0.2,10,20,169,10000,,yes,0.035,0.9111475905555232
4041,0.5352033614375519,1.0844043158382597,0.5492009544007078,"Horvitz-Thompson(recency=20.0,delta=0.20)",HT,20.0,0.2,10,20,169,10000,,yes,0.035,0.9111475905555232
4042,0.5117520088676711,1.174330136981384,0.662578128113713,"Horvitz-Thompson(recency=20.0,delta=0.20)",HT,20.0,0.2,10,20,169,10000,,yes,0.035,0.9111475905555232
4043,0.4797732849079951,1.1681014772896225,0.6883281923816275,"Horvitz-Thompson(recency=20.0,delta=0.20)",HT,20.0,0.2,10,20,169,10000,,yes,0.035,0.9111475905555232
4044,0.4610417999319631,1.053659519852386,0.5926177199204228,"Horvitz-Thompson(recency=20.0,delta=0.20)",HT,20.0,0.2,10,20,169,10000,,yes,0.035,0.9111475905555232
4045,0.535668077623409,1.1219591000154632,0.5862910223920542,"Horvitz-Thompson(recency=20.0,delta=0.20)",HT,20.0,0.2,10,20,169,10000,,yes,0.035,0.9111475905555232
4046,0.5066200246756434,1.0430783821791383,0.5364583575034949,"Horvitz-Thompson(recency=20.0,delta=0.20)",HT,20.0,0.2,10,20,169,10000,,yes,0.035,0.9111475905555232
4047,0.5104218094567723,1.0224602523101662,0.512038442853394,"Horvitz-Thompson(recency=20.0,delta=0.20)",HT,20.0,0.2,10,20,169,10000,,yes,0.035,0.9111475905555232
4048,0.4669113055344395,1.1510238391720906,0.6841125336376511,"Horvitz-Thompson(recency=20.0,delta=0.20)",HT,20.0,0.2,10,20,169,10000,,yes,0.035,0.9111475905555232
4049,0.47999840544262984,1.0283037382333935,0.5483053327907637,"Horvitz-Thompson(recency=20.0,delta=0.20)",HT,20.0,0.2,10,20,169,10000,,yes,0.035,0.9111475905555232
4050,0.5156339029411178,1.1312986946414896,0.6156647917003718,"Horvitz-Thompson(recency=20.0,delta=0.20)",HT,20.0,0.2,10,20,169,10000,,yes,0.035,0.9111475905555232
4051,0.5014068898862778,1.1183564465712819,0.6169495566850041,"Horvitz-Thompson(recency=20.0,delta=0.20)",HT,20.0,0.2,10,20,169,10000,,yes,0.035,0.9111475905555232
4052,0.5778676080840646,1.053323450296704,0.47545584221263937,"Horvitz-Thompson(recency=20.0,delta=0.20)",HT,20.0,0.2,10,20,169,10000,,yes,0.035,0.9111475905555232
4053,0.5306448000494238,0.9777888659127246,0.4471440658633008,"Horvitz-Thompson(recency=20.0,delta=0.20)",HT,20.0,0.2,10,20,169,10000,,yes,0.035,0.9111475905555232
4054,0.4711731756491647,1.0252610302619418,0.5540878546127771,"Horvitz-Thompson(recency=20.0,delta=0.20)",HT,20.0,0.2,10,20,169,10000,,yes,0.035,0.9111475905555232
4055,0.529996812165031,1.0047232579483303,0.47472644578329926,"Horvitz-Thompson(recency=20.0,delta=0.20)",HT,20.0,0.2,10,20,169,10000,,yes,0.035,0.9111475905555232
4056,0.5525907166582302,0.9103541221589209,0.35776340550069063,"Horvitz-Thompson(recency=20.0,delta=0.20)",HT,20.0,0.2,10,20,169,10000,,yes,0.035,0.9111475905555232
4057,0.5254093346470315,0.9920993696987194,0.4666900350516878,"Horvitz-Thompson(recency=20.0,delta=0.20)",HT,20.0,0.2,10,20,169,10000,,yes,0.035,0.9111475905555232
4058,0.5434007283410714,1.0404066112570187,0.4970058829159473,"Horvitz-Thompson(recency=20.0,delta=0.20)",HT,20.0,0.2,10,20,169,10000,,yes,0.035,0.9111475905555232
4059,0.5322475146478989,0.987762775921885,0.4555152612739861,"Horvitz-Thompson(recency=20.0,delta=0.20)",HT,20.0,0.2,10,20,169,10000,,yes,0.035,0.9111475905555232
4060,0.4825995258154781,1.119367529199376,0.636768003383898,"Horvitz-Thompson(recency=20.0,delta=0.20)",HT,20.0,0.2,10,20,169,10000,,yes,0.035,0.9111475905555232
4061,0.5224743222512795,1.0442411889747403,0.5217668667234607,"Horvitz-Thompson(recency=20.0,delta=0.20)",HT,20.0,0.2,10,20,169,10000,,yes,0.035,0.9111475905555232
4062,0.5271017344376348,1.0270585093899074,0.49995677495227264,"Horvitz-Thompson(recency=20.0,delta=0.20)",HT,20.0,0.2,10,20,169,10000,,yes,0.035,0.9111475905555232
4063,0.5320710268855915,1.0236715814469108,0.49160055456131935,"Horvitz-Thompson(recency=20.0,delta=0.20)",HT,20.0,0.2,10,20,169,10000,,yes,0.035,0.9111475905555232
4064,0.5050331325398706,1.1789105447754145,0.6738774122355439,"Horvitz-Thompson(recency=20.0,delta=0.20)",HT,20.0,0.2,10,20,169,10000,,yes,0.035,0.9111475905555232
4065,0.5402653418484187,1.082376828940609,0.5421114870921904,"Horvitz-Thompson(recency=20.0,delta=0.20)",HT,20.0,0.2,10,20,169,10000,,yes,0.035,0.9111475905555232
4066,0.49370253039755047,1.1767220923632646,0.6830195619657142,"Horvitz-Thompson(recency=20.0,delta=0.20)",HT,20.0,0.2,10,20,169,10000,,yes,0.035,0.9111475905555232
4067,0.47975855830284947,1.0860443959846702,0.6062858376818208,"Horvitz-Thompson(recency=20.0,delta=0.20)",HT,20.0,0.2,10,20,169,10000,,yes,0.035,0.9111475905555232
4068,0.5289579437902497,0.9962981496085143,0.4673402058182645,"Horvitz-Thompson(recency=20.0,delta=0.20)",HT,20.0,0.2,10,20,169,10000,,yes,0.035,0.9111475905555232
4069,0.5387005611184864,1.0856463140906512,0.5469457529721647,"Horvitz-Thompson(recency=20.0,delta=0.20)",HT,20.0,0.2,10,20,169,10000,,yes,0.035,0.9111475905555232
4070,0.5700361803254141,1.0708478319652968,0.5008116516398826,"Horvitz-Thompson(recency=20.0,delta=0.20)",HT,20.0,0.2,10,20,169,10000,,yes,0.035,0.9111475905555232
4071,0.5003448392863664,1.0653242900508484,0.564979450764482,"Horvitz-Thompson(recency=20.0,delta=0.20)",HT,20.0,0.2,10,20,169,10000,,yes,0.035,0.9111475905555232
4072,0.46883181835735827,1.1690821930746687,0.7002503747173103,"Horvitz-Thompson(recency=20.0,delta=0.20)",HT,20.0,0.2,10,20,169,10000,,yes,0.035,0.9111475905555232
4073,0.5027096102515473,1.2037191862295957,0.7010095759780485,"Horvitz-Thompson(recency=20.0,delta=0.20)",HT,20.0,0.2,10,20,169,10000,,yes,0.035,0.9111475905555232
4074,0.4862176864694334,1.1058149618985043,0.6195972754290708,"Horvitz-Thompson(recency=20.0,delta=0.20)",HT,20.0,0.2,10,20,169,10000,,yes,0.035,0.9111475905555232
4075,0.48583808067315987,1.1073548868165946,0.6215168061434346,"Horvitz-Thompson(recency=20.0,delta=0.20)",HT,20.0,0.2,10,20,169,10000,,yes,0.035,0.9111475905555232
4076,0.554384771116271,1.074844036726368,0.520459265610097,"Horvitz-Thompson(recency=20.0,delta=0.20)",HT,20.0,0.2,10,20,169,10000,,yes,0.035,0.9111475905555232
4077,0.5708350873727929,0.9761988556924851,0.40536376831969223,"Horvitz-Thompson(recency=20.0,delta=0.20)",HT,20.0,0.2,10,20,169,10000,,yes,0.035,0.9111475905555232
4078,0.4873871271024337,1.0759879563833143,0.5886008292808806,"Horvitz-Thompson(recency=20.0,delta=0.20)",HT,20.0,0.2,10,20,169,10000,,yes,0.035,0.9111475905555232
4079,0.5082665057007295,0.9847834091180426,0.4765169034173131,"Horvitz-Thompson(recency=20.0,delta=0.20)",HT,20.0,0.2,10,20,169,10000,,yes,0.035,0.9111475905555232
4080,0.540675083619822,1.162478640631608,0.6218035570117861,"Horvitz-Thompson(recency=20.0,delta=0.20)",HT,20.0,0.2,10,20,169,10000,,yes,0.035,0.9111475905555232
4081,0.5025806241913441,0.9784142689925053,0.4758336448011612,"Horvitz-Thompson(recency=20.0,delta=0.20)",HT,20.0,0.2,10,20,169,10000,,yes,0.035,0.9111475905555232
4082,0.5530336460448766,1.1523977701314811,0.5993641240866046,"Horvitz-Thompson(recency=20.0,delta=0.20)",HT,20.0,0.2,10,20,169,10000,,yes,0.035,0.9111475905555232
4083,0.4860715194075541,1.0482638376702385,0.5621923182626843,"Horvitz-Thompson(recency=20.0,delta=0.20)",HT,20.0,0.2,10,20,169,10000,,yes,0.035,0.9111475905555232
4084,0.5090552885763436,1.063046679475901,0.5539913908995574,"Horvitz-Thompson(recency=20.0,delta=0.20)",HT,20.0,0.2,10,20,169,10000,,yes,0.035,0.9111475905555232
4085,0.4748505261801591,1.1189561770264425,0.6441056508462834,"Horvitz-Thompson(recency=20.0,delta=0.20)",HT,20.0,0.2,10,20,169,10000,,yes,0.035,0.9111475905555232
4086,0.5600274295539196,1.0029392217366309,0.44291179218271126,"Horvitz-Thompson(recency=20.0,delta=0.20)",HT,20.0,0.2,10,20,169,10000,,yes,0.035,0.9111475905555232
4087,0.5405154673449507,1.089252414930747,0.5487369475857963,"Horvitz-Thompson(recency=20.0,delta=0.20)",HT,20.0,0.2,10,20,169,10000,,yes,0.035,0.9111475905555232
4088,0.4612916537832891,1.1562697933652448,0.6949781395819556,"Horvitz-Thompson(recency=20.0,delta=0.20)",HT,20.0,0.2,10,20,169,10000,,yes,0.035,0.9111475905555232
4089,0.5076492398856557,0.9865536727589986,0.47890443287334294,"Horvitz-Thompson(recency=20.0,delta=0.20)",HT,20.0,0.2,10,20,169,10000,,yes,0.035,0.9111475905555232
4090,0.5453662970981206,1.0412691890689487,0.49590289197082815,"Horvitz-Thompson(recency=20.0,delta=0.20)",HT,20.0,0.2,10,20,169,10000,,yes,0.035,0.9111475905555232
4091,0.42002822394711914,1.1574112099378429,0.7373829859907237,"Horvitz-Thompson(recency=20.0,delta=0.20)",HT,20.0,0.2,10,20,169,10000,,yes,0.035,0.9111475905555232
4092,0.5129612650630051,0.9636188999186394,0.45065763485563426,"Horvitz-Thompson(recency=20.0,delta=0.20)",HT,20.0,0.2,10,20,169,10000,,yes,0.035,0.9111475905555232
4093,0.5067670816958126,1.1078957099004123,0.6011286282045997,"Horvitz-Thompson(recency=20.0,delta=0.20)",HT,20.0,0.2,10,20,169,10000,,yes,0.035,0.9111475905555232
4094,0.5350531314154701,1.0779499948752178,0.5428968634597477,"Horvitz-Thompson(recency=20.0,delta=0.20)",HT,20.0,0.2,10,20,169,10000,,yes,0.035,0.9111475905555232
4095,0.5312262392728331,1.108699785190852,0.5774735459180189,"Horvitz-Thompson(recency=20.0,delta=0.20)",HT,20.0,0.2,10,20,169,10000,,yes,0.035,0.9111475905555232
4096,0.5463666989612703,0.9860280343976155,0.4396613354363452,"Horvitz-Thompson(recency=20.0,delta=0.20)",HT,20.0,0.2,10,20,169,10000,,yes,0.035,0.9111475905555232
4097,0.536081388875262,1.031666097409218,0.495584708533956,"Horvitz-Thompson(recency=20.0,delta=0.20)",HT,20.0,0.2,10,20,169,10000,,yes,0.035,0.9111475905555232
4098,0.5331560159725843,1.058871495942229,0.5257154799696446,"Horvitz-Thompson(recency=20.0,delta=0.20)",HT,20.0,0.2,10,20,169,10000,,yes,0.035,0.9111475905555232
4099,0.4725777265362358,1.1248693704942592,0.6522916439580233,"Horvitz-Thompson(recency=20.0,delta=0.20)",HT,20.0,0.2,10,20,169,10000,,yes,0.035,0.9111475905555232
4100,0.4651780444622533,1.1375580404542913,0.672379995992038,"Horvitz-Thompson(recency=20.0,delta=0.20)",HT,20.0,0.2,10,20,169,10000,,yes,0.035,0.9111475905555232
4101,0.5450076337051403,1.0800347391535545,0.5350271054484143,"Horvitz-Thompson(recency=20.0,delta=0.20)",HT,20.0,0.2,10,20,169,10000,,yes,0.035,0.9111475905555232
4102,0.48732064841732,1.0876497594843373,0.6003291110670173,"Horvitz-Thompson(recency=20.0,delta=0.20)",HT,20.0,0.2,10,20,169,10000,,yes,0.035,0.9111475905555232
4103,0.46778720222218295,1.132819970232679,0.6650327680104962,"Horvitz-Thompson(recency=20.0,delta=0.20)",HT,20.0,0.2,10,20,169,10000,,yes,0.035,0.9111475905555232
4104,0.49888669033384697,0.9772277504757024,0.47834106014185546,"Horvitz-Thompson(recency=20.0,delta=0.20)",HT,20.0,0.2,10,20,169,10000,,yes,0.035,0.9111475905555232
4105,0.5140787966715139,1.0433067691220006,0.5292279724504867,"Horvitz-Thompson(recency=20.0,delta=0.20)",HT,20.0,0.2,10,20,169,10000,,yes,0.035,0.9111475905555232
4106,0.4817637646052985,1.031659241538676,0.5498954769333775,"Horvitz-Thompson(recency=20.0,delta=0.20)",HT,20.0,0.2,10,20,169,10000,,yes,0.035,0.9111475905555232
4107,0.5284007194691662,1.0809146521066328,0.5525139326374666,"Horvitz-Thompson(recency=20.0,delta=0.20)",HT,20.0,0.2,10,20,169,10000,,yes,0.035,0.9111475905555232
4108,0.48764147840994887,1.028599841009309,0.54095836259936,"Horvitz-Thompson(recency=20.0,delta=0.20)",HT,20.0,0.2,10,20,169,10000,,yes,0.035,0.9111475905555232
4109,0.5837996860046348,1.0669052123816005,0.4831055263769657,"Horvitz-Thompson(recency=20.0,delta=0.20)",HT,20.0,0.2,10,20,169,10000,,yes,0.035,0.9111475905555232
4110,0.520373672671428,0.938117221144611,0.41774354847318307,"Horvitz-Thompson(recency=20.0,delta=0.20)",HT,20.0,0.2,10,20,169,10000,,yes,0.035,0.9111475905555232
4111,0.45191089668629963,1.0467792293142486,0.5948683326279489,"Horvitz-Thompson(recency=20.0,delta=0.20)",HT,20.0,0.2,10,20,169,10000,,yes,0.035,0.9111475905555232
4112,0.5288322503036778,1.0624593876776365,0.5336271373739587,"Horvitz-Thompson(recency=20.0,delta=0.20)",HT,20.0,0.2,10,20,169,10000,,yes,0.035,0.9111475905555232
4113,0.5113650920359314,1.0134264790767136,0.5020613870407822,"Horvitz-Thompson(recency=20.0,delta=0.20)",HT,20.0,0.2,10,20,169,10000,,yes,0.035,0.9111475905555232
4114,0.5010947672910622,1.0929780325198246,0.5918832652287624,"Horvitz-Thompson(recency=20.0,delta=0.20)",HT,20.0,0.2,10,20,169,10000,,yes,0.035,0.9111475905555232
4115,0.5136266248542977,1.061715004638548,0.5480883797842503,"Horvitz-Thompson(recency=20.0,delta=0.20)",HT,20.0,0.2,10,20,169,10000,,yes,0.035,0.9111475905555232
4116,0.5294754363378398,0.9984079697426398,0.4689325334048,"Horvitz-Thompson(recency=20.0,delta=0.20)",HT,20.0,0.2,10,20,169,10000,,yes,0.035,0.9111475905555232
4117,0.5391267249214896,1.0457807555191887,0.5066540305976991,"Horvitz-Thompson(recency=20.0,delta=0.20)",HT,20.0,0.2,10,20,169,10000,,yes,0.035,0.9111475905555232
4118,0.5134311319985319,1.0110564719594886,0.4976253399609567,"Horvitz-Thompson(recency=20.0,delta=0.20)",HT,20.0,0.2,10,20,169,10000,,yes,0.035,0.9111475905555232
4119,0.5119195344251938,0.9759084578618717,0.46398892343667797,"Horvitz-Thompson(recency=20.0,delta=0.20)",HT,20.0,0.2,10,20,169,10000,,yes,0.035,0.9111475905555232
4120,0.5569456522984051,1.0568954354960474,0.4999497831976423,"Horvitz-Thompson(recency=20.0,delta=0.20)",HT,20.0,0.2,10,20,169,10000,,yes,0.035,0.9111475905555232
4121,0.4845423533564786,1.0547396774825237,0.5701973241260452,"Horvitz-Thompson(recency=20.0,delta=0.20)",HT,20.0,0.2,10,20,169,10000,,yes,0.035,0.9111475905555232
4122,0.5291274299696186,1.0229365715315084,0.4938091415618898,"Horvitz-Thompson(recency=20.0,delta=0.20)",HT,20.0,0.2,10,20,169,10000,,yes,0.035,0.9111475905555232
4123,0.5152853835628575,1.0428204752704082,0.5275350917075508,"Horvitz-Thompson(recency=20.0,delta=0.20)",HT,20.0,0.2,10,20,169,10000,,yes,0.035,0.9111475905555232
4124,0.49486375303677244,1.16414909789735,0.6692853448605777,"Horvitz-Thompson(recency=20.0,delta=0.20)",HT,20.0,0.2,10,20,169,10000,,yes,0.035,0.9111475905555232
4125,0.5266025699137911,1.0936306983410675,0.5670281284272765,"Horvitz-Thompson(recency=20.0,delta=0.20)",HT,20.0,0.2,10,20,169,10000,,yes,0.035,0.9111475905555232
4126,0.5243188709748259,1.092203475614108,0.567884604639282,"Horvitz-Thompson(recency=20.0,delta=0.20)",HT,20.0,0.2,10,20,169,10000,,yes,0.035,0.9111475905555232
4127,0.48814662694725547,1.1292936795548207,0.6411470526075653,"Horvitz-Thompson(recency=20.0,delta=0.20)",HT,20.0,0.2,10,20,169,10000,,yes,0.035,0.9111475905555232
4128,0.5493588197800875,0.9652865264978221,0.4159277067177346,"Horvitz-Thompson(recency=20.0,delta=0.20)",HT,20.0,0.2,10,20,169,10000,,yes,0.035,0.9111475905555232
4129,0.5067763621072909,1.0971018935005283,0.5903255313932374,"Horvitz-Thompson(recency=20.0,delta=0.20)",HT,20.0,0.2,10,20,169,10000,,yes,0.035,0.9111475905555232
4130,0.5042503312275102,1.0400018262725719,0.5357514950450617,"Horvitz-Thompson(recency=20.0,delta=0.20)",HT,20.0,0.2,10,20,169,10000,,yes,0.035,0.9111475905555232
4131,0.5596637972204255,1.0757018920895758,0.5160380948691503,"Horvitz-Thompson(recency=20.0,delta=0.20)",HT,20.0,0.2,10,20,169,10000,,yes,0.035,0.9111475905555232
4132,0.5370131966549383,1.1017284027718053,0.564715206116867,"Horvitz-Thompson(recency=20.0,delta=0.20)",HT,20.0,0.2,10,20,169,10000,,yes,0.035,0.9111475905555232
4133,0.4837774584112536,1.0216606434626954,0.5378831850514418,"Horvitz-Thompson(recency=20.0,delta=0.20)",HT,20.0,0.2,10,20,169,10000,,yes,0.035,0.9111475905555232
4134,0.5376927240161893,1.0587050664640332,0.5210123424478439,"Horvitz-Thompson(recency=20.0,delta=0.20)",HT,20.0,0.2,10,20,169,10000,,yes,0.035,0.9111475905555232
4135,0.45867128300481436,1.1853760775790512,0.7267047945742369,"Horvitz-Thompson(recency=20.0,delta=0.20)",HT,20.0,0.2,10,20,169,10000,,yes,0.035,0.9111475905555232
4136,0.5217819152625035,1.0878531529331188,0.5660712376706153,"Horvitz-Thompson(recency=20.0,delta=0.20)",HT,20.0,0.2,10,20,169,10000,,yes,0.035,0.9111475905555232
4137,0.5328606330372854,1.0292175252929225,0.49635689225563717,"Horvitz-Thompson(recency=20.0,delta=0.20)",HT,20.0,0.2,10,20,169,10000,,yes,0.035,0.9111475905555232
4138,0.49045281680793834,1.1533317989730754,0.6628789821651371,"Horvitz-Thompson(recency=20.0,delta=0.20)",HT,20.0,0.2,10,20,169,10000,,yes,0.035,0.9111475905555232
4139,0.5384332093580305,0.945256605150748,0.40682339579271753,"Horvitz-Thompson(recency=20.0,delta=0.20)",HT,20.0,0.2,10,20,169,10000,,yes,0.035,0.9111475905555232
4140,0.5841950976582567,1.0310176133935838,0.44682251573532705,"Horvitz-Thompson(recency=20.0,delta=0.20)",HT,20.0,0.2,10,20,169,10000,,yes,0.035,0.9111475905555232
4141,0.5163961981810467,1.0584547186347544,0.5420585204537077,"Horvitz-Thompson(recency=20.0,delta=0.20)",HT,20.0,0.2,10,20,169,10000,,yes,0.035,0.9111475905555232
4142,0.4762640865380127,1.137946117952291,0.6616820314142782,"Horvitz-Thompson(recency=20.0,delta=0.20)",HT,20.0,0.2,10,20,169,10000,,yes,0.035,0.9111475905555232
4143,0.5489728529199567,1.0366372978767056,0.4876644449567489,"Horvitz-Thompson(recency=20.0,delta=0.20)",HT,20.0,0.2,10,20,169,10000,,yes,0.035,0.9111475905555232
4144,0.5239337677369976,1.0967483600145724,0.5728145922775748,"Horvitz-Thompson(recency=20.0,delta=0.20)",HT,20.0,0.2,10,20,169,10000,,yes,0.035,0.9111475905555232
4145,0.5095399987110454,1.0395911289082647,0.5300511301972193,"Horvitz-Thompson(recency=20.0,delta=0.20)",HT,20.0,0.2,10,20,169,10000,,yes,0.035,0.9111475905555232
4146,0.5387489602885887,0.9028195538806236,0.364070593592035,"Horvitz-Thompson(recency=20.0,delta=0.20)",HT,20.0,0.2,10,20,169,10000,,yes,0.035,0.9111475905555232
4147,0.4627395434319024,1.0318291313980676,0.5690895879661653,"Horvitz-Thompson(recency=20.0,delta=0.20)",HT,20.0,0.2,10,20,169,10000,,yes,0.035,0.9111475905555232
4148,0.5819838295490103,0.8924046369633628,0.3104208074143525,"Horvitz-Thompson(recency=20.0,delta=0.20)",HT,20.0,0.2,10,20,169,10000,,yes,0.035,0.9111475905555232
4149,0.4983064340316537,1.111539196590517,0.6132327625588634,"Horvitz-Thompson(recency=20.0,delta=0.20)",HT,20.0,0.2,10,20,169,10000,,yes,0.035,0.9111475905555232
4150,0.5034338593304686,1.1178449000237791,0.6144110406933105,"Horvitz-Thompson(recency=20.0,delta=0.20)",HT,20.0,0.2,10,20,169,10000,,yes,0.035,0.9111475905555232
4151,0.5592620840409622,1.07532570489246,0.5160636208514978,"Horvitz-Thompson(recency=20.0,delta=0.20)",HT,20.0,0.2,10,20,169,10000,,yes,0.035,0.9111475905555232
4152,0.48330362723455117,1.0978260705162048,0.6145224432816536,"Horvitz-Thompson(recency=20.0,delta=0.20)",HT,20.0,0.2,10,20,169,10000,,yes,0.035,0.9111475905555232
4153,0.5629322949994514,0.9799075609464697,0.4169752659470183,"Horvitz-Thompson(recency=20.0,delta=0.20)",HT,20.0,0.2,10,20,169,10000,,yes,0.035,0.9111475905555232
4154,0.5072835583449199,1.073987075705985,0.5667035173610652,"Horvitz-Thompson(recency=20.0,delta=0.20)",HT,20.0,0.2,10,20,169,10000,,yes,0.035,0.9111475905555232
4155,0.5034005527170798,1.0640330013143342,0.5606324485972544,"Horvitz-Thompson(recency=20.0,delta=0.20)",HT,20.0,0.2,10,20,169,10000,,yes,0.035,0.9111475905555232
4156,0.5051069180396627,1.0049330951140718,0.49982617707440913,"Horvitz-Thompson(recency=20.0,delta=0.20)",HT,20.0,0.2,10,20,169,10000,,yes,0.035,0.9111475905555232
4157,0.5073624722494312,0.9690307950200456,0.4616683227706144,"Horvitz-Thompson(recency=20.0,delta=0.20)",HT,20.0,0.2,10,20,169,10000,,yes,0.035,0.9111475905555232
4158,0.48286395087788575,1.0368230507556015,0.5539590998777157,"Horvitz-Thompson(recency=20.0,delta=0.20)",HT,20.0,0.2,10,20,169,10000,,yes,0.035,0.9111475905555232
4159,0.5082834060024929,0.9886154165604222,0.4803320105579293,"Horvitz-Thompson(recency=20.0,delta=0.20)",HT,20.0,0.2,10,20,169,10000,,yes,0.035,0.9111475905555232
4160,0.4789954273182584,0.9777494943491977,0.4987540670309393,"Horvitz-Thompson(recency=20.0,delta=0.20)",HT,20.0,0.2,10,20,169,10000,,yes,0.035,0.9111475905555232
4161,0.496132449046556,1.139832333000742,0.6436998839541861,"Horvitz-Thompson(recency=20.0,delta=0.20)",HT,20.0,0.2,10,20,169,10000,,yes,0.035,0.9111475905555232
4162,0.48411772376367873,1.10766215536256,0.6235444315988814,"Horvitz-Thompson(recency=20.0,delta=0.20)",HT,20.0,0.2,10,20,169,10000,,yes,0.035,0.9111475905555232
4163,0.5578712839243961,1.0256693090549915,0.46779802513059543,"Horvitz-Thompson(recency=20.0,delta=0.20)",HT,20.0,0.2,10,20,169,10000,,yes,0.035,0.9111475905555232
4164,0.49194692996505845,1.0422390961746064,0.5502921662095479,"Horvitz-Thompson(recency=20.0,delta=0.20)",HT,20.0,0.2,10,20,169,10000,,yes,0.035,0.9111475905555232
4165,0.5010944379458627,1.1123689385991393,0.6112745006532766,"Horvitz-Thompson(recency=20.0,delta=0.20)",HT,20.0,0.2,10,20,169,10000,,yes,0.035,0.9111475905555232
4166,0.49661483868212314,1.0533418533341827,0.5567270146520595,"Horvitz-Thompson(recency=20.0,delta=0.20)",HT,20.0,0.2,10,20,169,10000,,yes,0.035,0.9111475905555232
4167,0.57796608573727,0.9793873827905398,0.4014212970532698,"Horvitz-Thompson(recency=20.0,delta=0.20)",HT,20.0,0.2,10,20,169,10000,,yes,0.035,0.9111475905555232
4168,0.5246352388034317,0.9298099787787973,0.4051747399753657,"Horvitz-Thompson(recency=20.0,delta=0.20)",HT,20.0,0.2,10,20,169,10000,,yes,0.035,0.9111475905555232
4169,0.49875028290126616,1.0736387632730138,0.5748884803717476,"Horvitz-Thompson(recency=20.0,delta=0.20)",HT,20.0,0.2,10,20,169,10000,,yes,0.035,0.9111475905555232
4170,0.5049568538212451,1.0760882495982094,0.5711313957769643,"Horvitz-Thompson(recency=20.0,delta=0.20)",HT,20.0,0.2,10,20,169,10000,,yes,0.035,0.9111475905555232
4171,0.44967391432379544,1.0927808261690013,0.6431069118452059,"Horvitz-Thompson(recency=20.0,delta=0.20)",HT,20.0,0.2,10,20,169,10000,,yes,0.035,0.9111475905555232
4172,0.4987360726978538,1.0364843065137013,0.5377482338158475,"Horvitz-Thompson(recency=20.0,delta=0.20)",HT,20.0,0.2,10,20,169,10000,,yes,0.035,0.9111475905555232
4173,0.5528118684987585,1.0255159143714998,0.4727040458727413,"Horvitz-Thompson(recency=20.0,delta=0.20)",HT,20.0,0.2,10,20,169,10000,,yes,0.035,0.9111475905555232
4174,0.5731712655983671,1.029090988945017,0.45591972334665,"Horvitz-Thompson(recency=20.0,delta=0.20)",HT,20.0,0.2,10,20,169,10000,,yes,0.035,0.9111475905555232
4175,0.5597945610493082,0.9787778543247178,0.4189832932754095,"Horvitz-Thompson(recency=20.0,delta=0.20)",HT,20.0,0.2,10,20,169,10000,,yes,0.035,0.9111475905555232
4176,0.5293421942460904,1.0792950916320874,0.549952897385997,"Horvitz-Thompson(recency=20.0,delta=0.20)",HT,20.0,0.2,10,20,169,10000,,yes,0.035,0.9111475905555232
4177,0.5299869180433175,1.161258703145508,0.6312717851021904,"Horvitz-Thompson(recency=20.0,delta=0.20)",HT,20.0,0.2,10,20,169,10000,,yes,0.035,0.9111475905555232
4178,0.5303512692810859,1.0395285410582396,0.5091772717771537,"Horvitz-Thompson(recency=20.0,delta=0.20)",HT,20.0,0.2,10,20,169,10000,,yes,0.035,0.9111475905555232
4179,0.5393379926131799,0.9769032603281126,0.43756526771493265,"Horvitz-Thompson(recency=20.0,delta=0.20)",HT,20.0,0.2,10,20,169,10000,,yes,0.035,0.9111475905555232
4180,0.550912620393495,1.1158632436621452,0.5649506232686502,"Horvitz-Thompson(recency=20.0,delta=0.20)",HT,20.0,0.2,10,20,169,10000,,yes,0.035,0.9111475905555232
4181,0.47619598928252904,1.088533749062483,0.6123377597799539,"Horvitz-Thompson(recency=20.0,delta=0.20)",HT,20.0,0.2,10,20,169,10000,,yes,0.035,0.9111475905555232
4182,0.5612024287955811,1.0491062644560976,0.4879038356605164,"Horvitz-Thompson(recency=20.0,delta=0.20)",HT,20.0,0.2,10,20,169,10000,,yes,0.035,0.9111475905555232
4183,0.4996907307503238,1.0614402593821344,0.5617495286318106,"Horvitz-Thompson(recency=20.0,delta=0.20)",HT,20.0,0.2,10,20,169,10000,,yes,0.035,0.9111475905555232
4184,0.5487476684210831,1.0302365860972091,0.481488917676126,"Horvitz-Thompson(recency=20.0,delta=0.20)",HT,20.0,0.2,10,20,169,10000,,yes,0.035,0.9111475905555232
4185,0.5048706653467452,0.9561357477571619,0.45126508241041674,"Horvitz-Thompson(recency=20.0,delta=0.20)",HT,20.0,0.2,10,20,169,10000,,yes,0.035,0.9111475905555232
4186,0.5209735597381049,0.9177577011627253,0.3967841414246204,"Horvitz-Thompson(recency=20.0,delta=0.20)",HT,20.0,0.2,10,20,169,10000,,yes,0.035,0.9111475905555232
4187,0.4820557104354531,1.116392749287375,0.634337038851922,"Horvitz-Thompson(recency=20.0,delta=0.20)",HT,20.0,0.2,10,20,169,10000,,yes,0.035,0.9111475905555232
4188,0.5065903510152584,1.0143312924045622,0.5077409413893038,"Horvitz-Thompson(recency=20.0,delta=0.20)",HT,20.0,0.2,10,20,169,10000,,yes,0.035,0.9111475905555232
4189,0.4836274954574243,1.1099059559035853,0.6262784604461611,"Horvitz-Thompson(recency=20.0,delta=0.20)",HT,20.0,0.2,10,20,169,10000,,yes,0.035,0.9111475905555232
4190,0.4746661410935507,1.163970563713998,0.6893044226204474,"Horvitz-Thompson(recency=20.0,delta=0.20)",HT,20.0,0.2,10,20,169,10000,,yes,0.035,0.9111475905555232
4191,0.5367722010933969,1.0779123952842473,0.5411401941908505,"Horvitz-Thompson(recency=20.0,delta=0.20)",HT,20.0,0.2,10,20,169,10000,,yes,0.035,0.9111475905555232
4192,0.4813653088910059,1.0194896424419257,0.5381243335509198,"Horvitz-Thompson(recency=20.0,delta=0.20)",HT,20.0,0.2,10,20,169,10000,,yes,0.035,0.9111475905555232
4193,0.49404200960041306,1.0942361543256605,0.6001941447252475,"Horvitz-Thompson(recency=20.0,delta=0.20)",HT,20.0,0.2,10,20,169,10000,,yes,0.035,0.9111475905555232
4194,0.4926544634680735,1.036476479702524,0.5438220162344506,"Horvitz-Thompson(recency=20.0,delta=0.20)",HT,20.0,0.2,10,20,169,10000,,yes,0.035,0.9111475905555232
4195,0.5116972439122255,1.0229187622892801,0.5112215183770547,"Horvitz-Thompson(recency=20.0,delta=0.20)",HT,20.0,0.2,10,20,169,10000,,yes,0.035,0.9111475905555232
4196,0.5809082246736523,1.0135055776761377,0.43259735300248536,"Horvitz-Thompson(recency=20.0,delta=0.20)",HT,20.0,0.2,10,20,169,10000,,yes,0.035,0.9111475905555232
4197,0.5266378189214272,0.9280416295717362,0.40140381065030895,"Horvitz-Thompson(recency=20.0,delta=0.20)",HT,20.0,0.2,10,20,169,10000,,yes,0.035,0.9111475905555232
4198,0.5775669051473821,0.9864270275781194,0.4088601224307373,"Horvitz-Thompson(recency=20.0,delta=0.20)",HT,20.0,0.2,10,20,169,10000,,yes,0.035,0.9111475905555232
4199,0.5062872415371328,0.9583954294344501,0.4521081878973173,"Horvitz-Thompson(recency=20.0,delta=0.20)",HT,20.0,0.2,10,20,169,10000,,yes,0.035,0.9111475905555232
4200,0.4472065601282965,1.0497509817970634,0.6025444216687669,"Horvitz-Thompson(recency=20.0,delta=0.20)",HT,20.0,0.2,10,20,169,10000,,yes,0.035,0.9111475905555232
4201,0.4889690717478112,1.1491186796766202,0.660149607928809,"Horvitz-Thompson(recency=20.0,delta=0.20)",HT,20.0,0.2,10,20,169,10000,,yes,0.035,0.9111475905555232
4202,0.5032414644905302,1.104211016788636,0.6009695522981059,"Horvitz-Thompson(recency=20.0,delta=0.20)",HT,20.0,0.2,10,20,169,10000,,yes,0.035,0.9111475905555232
4203,0.5172048729739057,1.0592275465396757,0.5420226735657699,"Horvitz-Thompson(recency=20.0,delta=0.20)",HT,20.0,0.2,10,20,169,10000,,yes,0.035,0.9111475905555232
4204,0.5108399714007968,1.040247965170943,0.5294079937701462,"Horvitz-Thompson(recency=20.0,delta=0.20)",HT,20.0,0.2,10,20,169,10000,,yes,0.035,0.9111475905555232
4205,0.5174375472960716,1.1131747346973087,0.595737187401237,"Horvitz-Thompson(recency=20.0,delta=0.20)",HT,20.0,0.2,10,20,169,10000,,yes,0.035,0.9111475905555232
4206,0.48264182158592855,0.9699116622958179,0.4872698407098894,"Horvitz-Thompson(recency=20.0,delta=0.20)",HT,20.0,0.2,10,20,169,10000,,yes,0.035,0.9111475905555232
4207,0.4967114509798234,1.0673556105201576,0.5706441595403342,"Horvitz-Thompson(recency=20.0,delta=0.20)",HT,20.0,0.2,10,20,169,10000,,yes,0.035,0.9111475905555232
4208,0.508711214302384,1.0316922996590931,0.5229810853567092,"Horvitz-Thompson(recency=20.0,delta=0.20)",HT,20.0,0.2,10,20,169,10000,,yes,0.035,0.9111475905555232
4209,0.5397191907286646,0.9889367870280247,0.4492175962993601,"Horvitz-Thompson(recency=20.0,delta=0.20)",HT,20.0,0.2,10,20,169,10000,,yes,0.035,0.9111475905555232
4210,0.5559830684317888,1.0712553372769111,0.5152722688451223,"Horvitz-Thompson(recency=20.0,delta=0.20)",HT,20.0,0.2,10,20,169,10000,,yes,0.035,0.9111475905555232
4211,0.49343552557791326,1.0350227913598837,0.5415872657819705,"Horvitz-Thompson(recency=20.0,delta=0.20)",HT,20.0,0.2,10,20,169,10000,,yes,0.035,0.9111475905555232
4212,0.48253490445430147,1.1456632276890968,0.6631283232347953,"Horvitz-Thompson(recency=20.0,delta=0.20)",HT,20.0,0.2,10,20,169,10000,,yes,0.035,0.9111475905555232
4213,0.5382996283748328,1.1610987576942626,0.6227991293194298,"Horvitz-Thompson(recency=20.0,delta=0.20)",HT,20.0,0.2,10,20,169,10000,,yes,0.035,0.9111475905555232
4214,0.5200446061540527,1.006192942483641,0.4861483363295884,"Horvitz-Thompson(recency=20.0,delta=0.20)",HT,20.0,0.2,10,20,169,10000,,yes,0.035,0.9111475905555232
4215,0.4898293598688773,1.0095968318452773,0.5197674719763999,"Horvitz-Thompson(recency=20.0,delta=0.20)",HT,20.0,0.2,10,20,169,10000,,yes,0.035,0.9111475905555232
4216,0.5212770718277936,1.10610347558013,0.5848264037523364,"Horvitz-Thompson(recency=20.0,delta=0.20)",HT,20.0,0.2,10,20,169,10000,,yes,0.035,0.9111475905555232
4217,0.484902452642617,1.0247774659052167,0.5398750132625997,"Horvitz-Thompson(recency=20.0,delta=0.20)",HT,20.0,0.2,10,20,169,10000,,yes,0.035,0.9111475905555232
4218,0.5237762730664628,1.1425177687786792,0.6187414957122164,"Horvitz-Thompson(recency=20.0,delta=0.20)",HT,20.0,0.2,10,20,169,10000,,yes,0.035,0.9111475905555232
4219,0.48181845904333487,1.0727018630362546,0.5908834039929197,"Horvitz-Thompson(recency=20.0,delta=0.20)",HT,20.0,0.2,10,20,169,10000,,yes,0.035,0.9111475905555232
4220,0.4941936676146687,1.1686869460569616,0.6744932784422928,"Horvitz-Thompson(recency=20.0,delta=0.20)",HT,20.0,0.2,10,20,169,10000,,yes,0.035,0.9111475905555232
4221,0.5171806887693549,0.9945780430504411,0.4773973542810862,"Horvitz-Thompson(recency=20.0,delta=0.20)",HT,20.0,0.2,10,20,169,10000,,yes,0.035,0.9111475905555232
4222,0.553892053385409,0.9908312688898324,0.4369392155044234,"Horvitz-Thompson(recency=20.0,delta=0.20)",HT,20.0,0.2,10,20,169,10000,,yes,0.035,0.9111475905555232
4223,0.5138844899258094,1.0539146059738915,0.5400301160480822,"Horvitz-Thompson(recency=20.0,delta=0.20)",HT,20.0,0.2,10,20,169,10000,,yes,0.035,0.9111475905555232
4224,0.511264100627077,1.268458869657559,0.757194769030482,"Horvitz-Thompson(recency=20.0,delta=0.20)",HT,20.0,0.2,10,20,169,10000,,yes,0.035,0.9111475905555232
4225,0.5200742290209539,1.0065952262381688,0.48652099721721487,"Horvitz-Thompson(recency=20.0,delta=0.20)",HT,20.0,0.2,10,20,169,10000,,yes,0.035,0.9111475905555232
4226,0.5441980902011834,1.0894026791120175,0.5452045889108341,"Horvitz-Thompson(recency=20.0,delta=0.20)",HT,20.0,0.2,10,20,169,10000,,yes,0.035,0.9111475905555232
4227,0.5441440872382454,1.011495551971124,0.4673514647328786,"Horvitz-Thompson(recency=20.0,delta=0.20)",HT,20.0,0.2,10,20,169,10000,,yes,0.035,0.9111475905555232
4228,0.48086820320030965,1.0799257877046557,0.5990575845043461,"Horvitz-Thompson(recency=20.0,delta=0.20)",HT,20.0,0.2,10,20,169,10000,,yes,0.035,0.9111475905555232
4229,0.44579854746271985,1.122237899223229,0.6764393517605091,"Horvitz-Thompson(recency=20.0,delta=0.20)",HT,20.0,0.2,10,20,169,10000,,yes,0.035,0.9111475905555232
4230,0.5426359569126364,1.1020048625365495,0.5593689056239131,"Horvitz-Thompson(recency=20.0,delta=0.20)",HT,20.0,0.2,10,20,169,10000,,yes,0.035,0.9111475905555232
4231,0.46213277483474297,1.133758101219783,0.67162532638504,"Horvitz-Thompson(recency=20.0,delta=0.20)",HT,20.0,0.2,10,20,169,10000,,yes,0.035,0.9111475905555232
4232,0.492326858093396,1.0885991075486958,0.5962722494552999,"Horvitz-Thompson(recency=20.0,delta=0.20)",HT,20.0,0.2,10,20,169,10000,,yes,0.035,0.9111475905555232
4233,0.4984561501572132,1.183983811667836,0.6855276615106229,"Horvitz-Thompson(recency=20.0,delta=0.20)",HT,20.0,0.2,10,20,169,10000,,yes,0.035,0.9111475905555232
4234,0.5420948488120827,1.0995488918867795,0.5574540430746968,"Horvitz-Thompson(recency=20.0,delta=0.20)",HT,20.0,0.2,10,20,169,10000,,yes,0.035,0.9111475905555232
4235,0.5466658961613382,0.9869327520398548,0.44026685587851655,"Horvitz-Thompson(recency=20.0,delta=0.20)",HT,20.0,0.2,10,20,169,10000,,yes,0.035,0.9111475905555232
4236,0.46896186685264035,1.213361584537408,0.7443997176847676,"Horvitz-Thompson(recency=20.0,delta=0.20)",HT,20.0,0.2,10,20,169,10000,,yes,0.035,0.9111475905555232
4237,0.5648227429787136,1.0859911093532946,0.521168366374581,"Horvitz-Thompson(recency=20.0,delta=0.20)",HT,20.0,0.2,10,20,169,10000,,yes,0.035,0.9111475905555232
4238,0.4909644085494448,1.1783804141599925,0.6874160056105477,"Horvitz-Thompson(recency=20.0,delta=0.20)",HT,20.0,0.2,10,20,169,10000,,yes,0.035,0.9111475905555232
4239,0.5135050552690157,0.9727048449047204,0.45919978963570474,"Horvitz-Thompson(recency=20.0,delta=0.20)",HT,20.0,0.2,10,20,169,10000,,yes,0.035,0.9111475905555232
4240,0.48361836860011437,1.1883024892930794,0.704684120692965,"Horvitz-Thompson(recency=20.0,delta=0.20)",HT,20.0,0.2,10,20,169,10000,,yes,0.035,0.9111475905555232
4241,0.5004692394848574,1.0254235129627727,0.5249542734779152,"Horvitz-Thompson(recency=20.0,delta=0.20)",HT,20.0,0.2,10,20,169,10000,,yes,0.035,0.9111475905555232
4242,0.5178894944902499,1.0628096866382593,0.5449201921480094,"Horvitz-Thompson(recency=20.0,delta=0.20)",HT,20.0,0.2,10,20,169,10000,,yes,0.035,0.9111475905555232
4243,0.4838453462343373,1.124201873796,0.6403565275616627,"Horvitz-Thompson(recency=20.0,delta=0.20)",HT,20.0,0.2,10,20,169,10000,,yes,0.035,0.9111475905555232
4244,0.5675402868356535,0.9876180244340352,0.42007773759838174,"Horvitz-Thompson(recency=20.0,delta=0.20)",HT,20.0,0.2,10,20,169,10000,,yes,0.035,0.9111475905555232
4245,0.5138801138262382,1.0336111749288606,0.5197310611026223,"Horvitz-Thompson(recency=20.0,delta=0.20)",HT,20.0,0.2,10,20,169,10000,,yes,0.035,0.9111475905555232
4246,0.47273680593591333,1.1712521283760597,0.6985153224401464,"Horvitz-Thompson(recency=20.0,delta=0.20)",HT,20.0,0.2,10,20,169,10000,,yes,0.035,0.9111475905555232
4247,0.5308842400772437,1.0477807856491426,0.5168965455718989,"Horvitz-Thompson(recency=20.0,delta=0.20)",HT,20.0,0.2,10,20,169,10000,,yes,0.035,0.9111475905555232
4248,0.5303077282601393,1.1286188166364766,0.5983110883763373,"Horvitz-Thompson(recency=20.0,delta=0.20)",HT,20.0,0.2,10,20,169,10000,,yes,0.035,0.9111475905555232
4249,0.5494819370516959,1.065553610711163,0.516071673659467,"Horvitz-Thompson(recency=20.0,delta=0.20)",HT,20.0,0.2,10,20,169,10000,,yes,0.035,0.9111475905555232
4250,0.5738021315663859,0.9630666696351976,0.38926453806881167,"Horvitz-Thompson(recency=20.0,delta=0.20)",HT,20.0,0.2,10,20,169,10000,,yes,0.035,0.9111475905555232
4251,0.5243837436545051,1.0323881510043165,0.5080044073498113,"Horvitz-Thompson(recency=20.0,delta=0.20)",HT,20.0,0.2,10,20,169,10000,,yes,0.035,0.9111475905555232
4252,0.5224583386226938,1.1417850038730515,0.6193266652503577,"Horvitz-Thompson(recency=20.0,delta=0.20)",HT,20.0,0.2,10,20,169,10000,,yes,0.035,0.9111475905555232
4253,0.5308824405509491,1.0604853868406585,0.5296029462897094,"Horvitz-Thompson(recency=20.0,delta=0.20)",HT,20.0,0.2,10,20,169,10000,,yes,0.035,0.9111475905555232
4254,0.47991471813549424,1.11838777788307,0.6384730597475757,"Horvitz-Thompson(recency=20.0,delta=0.20)",HT,20.0,0.2,10,20,169,10000,,yes,0.035,0.9111475905555232
4255,0.5178936475193403,0.9275061740150224,0.40961252649568214,"Horvitz-Thompson(recency=20.0,delta=0.20)",HT,20.0,0.2,10,20,169,10000,,yes,0.035,0.9111475905555232
4256,0.522114072916978,0.9984354058221581,0.4763213329051801,"Horvitz-Thompson(recency=20.0,delta=0.20)",HT,20.0,0.2,10,20,169,10000,,yes,0.035,0.9111475905555232
4257,0.4974995503858404,1.1322289799818002,0.6347294295959598,"Horvitz-Thompson(recency=20.0,delta=0.20)",HT,20.0,0.2,10,20,169,10000,,yes,0.035,0.9111475905555232
4258,0.5125254389656521,1.0471375320382186,0.5346120930725665,"Horvitz-Thompson(recency=20.0,delta=0.20)",HT,20.0,0.2,10,20,169,10000,,yes,0.035,0.9111475905555232
4259,0.5402599640475562,1.0561389921873257,0.5158790281397695,"Horvitz-Thompson(recency=20.0,delta=0.20)",HT,20.0,0.2,10,20,169,10000,,yes,0.035,0.9111475905555232
4260,0.5641716714559714,1.0101251249998868,0.44595345354391547,"Horvitz-Thompson(recency=20.0,delta=0.20)",HT,20.0,0.2,10,20,169,10000,,yes,0.035,0.9111475905555232
4261,0.5127669934013569,1.0445961183205634,0.5318291249192065,"Horvitz-Thompson(recency=20.0,delta=0.20)",HT,20.0,0.2,10,20,169,10000,,yes,0.035,0.9111475905555232
4262,0.4959926513269604,0.9875831301524697,0.49159047882550927,"Horvitz-Thompson(recency=20.0,delta=0.20)",HT,20.0,0.2,10,20,169,10000,,yes,0.035,0.9111475905555232
4263,0.4633084008594572,1.098643150542814,0.6353347496833568,"Horvitz-Thompson(recency=20.0,delta=0.20)",HT,20.0,0.2,10,20,169,10000,,yes,0.035,0.9111475905555232
4264,0.5465664554121016,1.0360624292593597,0.48949597384725807,"Horvitz-Thompson(recency=20.0,delta=0.20)",HT,20.0,0.2,10,20,169,10000,,yes,0.035,0.9111475905555232
4265,0.44377082459652656,1.1283701724022968,0.6845993478057701,"Horvitz-Thompson(recency=20.0,delta=0.20)",HT,20.0,0.2,10,20,169,10000,,yes,0.035,0.9111475905555232
4266,0.530739870687081,0.9821144880620176,0.45137461737493667,"Horvitz-Thompson(recency=20.0,delta=0.20)",HT,20.0,0.2,10,20,169,10000,,yes,0.035,0.9111475905555232
4267,0.4496409029759366,1.1805141611660313,0.7308732581900946,"Horvitz-Thompson(recency=20.0,delta=0.20)",HT,20.0,0.2,10,20,169,10000,,yes,0.035,0.9111475905555232
4268,0.5628634222678403,1.092677610540045,0.5298141882722048,"Horvitz-Thompson(recency=20.0,delta=0.20)",HT,20.0,0.2,10,20,169,10000,,yes,0.035,0.9111475905555232
4269,0.5125127432404241,1.1259824978082988,0.6134697545678748,"Horvitz-Thompson(recency=20.0,delta=0.20)",HT,20.0,0.2,10,20,169,10000,,yes,0.035,0.9111475905555232
4270,0.4618801479008559,1.0009329793354702,0.5390528314346144,"Horvitz-Thompson(recency=20.0,delta=0.20)",HT,20.0,0.2,10,20,169,10000,,yes,0.035,0.9111475905555232
4271,0.5033831650349111,1.08063542856042,0.577252263525509,"Horvitz-Thompson(recency=20.0,delta=0.20)",HT,20.0,0.2,10,20,169,10000,,yes,0.035,0.9111475905555232
4272,0.5050539716629784,1.1753005606887585,0.6702465890257802,"Horvitz-Thompson(recency=20.0,delta=0.20)",HT,20.0,0.2,10,20,169,10000,,yes,0.035,0.9111475905555232
4273,0.5094863953234937,1.0042986220819385,0.49481222675844483,"Horvitz-Thompson(recency=20.0,delta=0.20)",HT,20.0,0.2,10,20,169,10000,,yes,0.035,0.9111475905555232
4274,0.5701262837589655,1.0411865144113508,0.47106023065238534,"Horvitz-Thompson(recency=20.0,delta=0.20)",HT,20.0,0.2,10,20,169,10000,,yes,0.035,0.9111475905555232
4275,0.5086591431698884,1.1141304687652698,0.6054713255953814,"Horvitz-Thompson(recency=20.0,delta=0.20)",HT,20.0,0.2,10,20,169,10000,,yes,0.035,0.9111475905555232
4276,0.5269572025227259,1.0313801017338269,0.504422899211101,"Horvitz-Thompson(recency=20.0,delta=0.20)",HT,20.0,0.2,10,20,169,10000,,yes,0.035,0.9111475905555232
4277,0.4815285988645478,1.0925733021671893,0.6110447033026415,"Horvitz-Thompson(recency=20.0,delta=0.20)",HT,20.0,0.2,10,20,169,10000,,yes,0.035,0.9111475905555232
4278,0.45604115476238766,1.0355598352636401,0.5795186805012524,"Horvitz-Thompson(recency=20.0,delta=0.20)",HT,20.0,0.2,10,20,169,10000,,yes,0.035,0.9111475905555232
4279,0.5295715588267056,1.1759520744194363,0.6463805155927307,"Horvitz-Thompson(recency=20.0,delta=0.20)",HT,20.0,0.2,10,20,169,10000,,yes,0.035,0.9111475905555232
4280,0.5235172362946364,1.0372892913787524,0.5137720550841159,"Horvitz-Thompson(recency=20.0,delta=0.20)",HT,20.0,0.2,10,20,169,10000,,yes,0.035,0.9111475905555232
4281,0.5528297550947042,0.973882185268867,0.42105243017416283,"Horvitz-Thompson(recency=20.0,delta=0.20)",HT,20.0,0.2,10,20,169,10000,,yes,0.035,0.9111475905555232
4282,0.46324937799114435,1.088874271417596,0.6256248934264517,"Horvitz-Thompson(recency=20.0,delta=0.20)",HT,20.0,0.2,10,20,169,10000,,yes,0.035,0.9111475905555232
4283,0.5237972049407449,0.951865777185739,0.42806857224499406,"Horvitz-Thompson(recency=20.0,delta=0.20)",HT,20.0,0.2,10,20,169,10000,,yes,0.035,0.9111475905555232
4284,0.5080620570393399,1.072168716897695,0.5641066598583551,"Horvitz-Thompson(recency=20.0,delta=0.20)",HT,20.0,0.2,10,20,169,10000,,yes,0.035,0.9111475905555232
4285,0.5049170773083633,1.026294315731246,0.5213772384228827,"Horvitz-Thompson(recency=20.0,delta=0.20)",HT,20.0,0.2,10,20,169,10000,,yes,0.035,0.9111475905555232
4286,0.5146511112047727,1.0568393760375667,0.542188264832794,"Horvitz-Thompson(recency=20.0,delta=0.20)",HT,20.0,0.2,10,20,169,10000,,yes,0.035,0.9111475905555232
4287,0.5240121032766784,0.9943466982391952,0.47033459496251684,"Horvitz-Thompson(recency=20.0,delta=0.20)",HT,20.0,0.2,10,20,169,10000,,yes,0.035,0.9111475905555232
4288,0.5161852614167604,1.0153513989924923,0.4991661375757319,"Horvitz-Thompson(recency=20.0,delta=0.20)",HT,20.0,0.2,10,20,169,10000,,yes,0.035,0.9111475905555232
4289,0.4986571432770267,0.941648414419951,0.44299127114292425,"Horvitz-Thompson(recency=20.0,delta=0.20)",HT,20.0,0.2,10,20,169,10000,,yes,0.035,0.9111475905555232
4290,0.482195824927278,1.0990404402704737,0.6168446153431957,"Horvitz-Thompson(recency=20.0,delta=0.20)",HT,20.0,0.2,10,20,169,10000,,yes,0.035,0.9111475905555232
4291,0.4983720083088606,1.0820189749566387,0.5836469666477782,"Horvitz-Thompson(recency=20.0,delta=0.20)",HT,20.0,0.2,10,20,169,10000,,yes,0.035,0.9111475905555232
4292,0.5411006811030883,1.0295961699230762,0.48849548881998794,"Horvitz-Thompson(recency=20.0,delta=0.20)",HT,20.0,0.2,10,20,169,10000,,yes,0.035,0.9111475905555232
4293,0.5282763344236228,1.0476514920453601,0.5193751576217374,"Horvitz-Thompson(recency=20.0,delta=0.20)",HT,20.0,0.2,10,20,169,10000,,yes,0.035,0.9111475905555232
4294,0.45036159311313784,1.107222282069949,0.6568606889568113,"Horvitz-Thompson(recency=20.0,delta=0.20)",HT,20.0,0.2,10,20,169,10000,,yes,0.035,0.9111475905555232
4295,0.48075269151384764,1.0159275593159995,0.535174867802152,"Horvitz-Thompson(recency=20.0,delta=0.20)",HT,20.0,0.2,10,20,169,10000,,yes,0.035,0.9111475905555232
4296,0.513903068677007,1.1515159723654425,0.6376129036884355,"Horvitz-Thompson(recency=20.0,delta=0.20)",HT,20.0,0.2,10,20,169,10000,,yes,0.035,0.9111475905555232
4297,0.5560917667022993,1.0303017366227472,0.47420996992044784,"Horvitz-Thompson(recency=20.0,delta=0.20)",HT,20.0,0.2,10,20,169,10000,,yes,0.035,0.9111475905555232
4298,0.49510797694852204,1.1174501767045464,0.6223421997560243,"Horvitz-Thompson(recency=20.0,delta=0.20)",HT,20.0,0.2,10,20,169,10000,,yes,0.035,0.9111475905555232
4299,0.4938332053798944,0.9913241752496892,0.4974909698697948,"Horvitz-Thompson(recency=20.0,delta=0.20)",HT,20.0,0.2,10,20,169,10000,,yes,0.035,0.9111475905555232
4300,0.5255900020042495,0.946050346575208,0.4204603445709585,"Horvitz-Thompson(recency=20.0,delta=0.20)",HT,20.0,0.2,10,20,169,10000,,yes,0.035,0.9111475905555232
4301,0.5172291555462016,1.0797765516832947,0.562547396137093,"Horvitz-Thompson(recency=20.0,delta=0.20)",HT,20.0,0.2,10,20,169,10000,,yes,0.035,0.9111475905555232
4302,0.4785983193465281,1.1057737900042068,0.6271754706576788,"Horvitz-Thompson(recency=20.0,delta=0.20)",HT,20.0,0.2,10,20,169,10000,,yes,0.035,0.9111475905555232
4303,0.4823749290384345,1.1395761724304607,0.6572012433920262,"Horvitz-Thompson(recency=20.0,delta=0.20)",HT,20.0,0.2,10,20,169,10000,,yes,0.035,0.9111475905555232
4304,0.4729625079867027,1.0889104486396788,0.6159479406529761,"Horvitz-Thompson(recency=20.0,delta=0.20)",HT,20.0,0.2,10,20,169,10000,,yes,0.035,0.9111475905555232
4305,0.4930537884305337,0.9819388040040572,0.4888850155735235,"Horvitz-Thompson(recency=20.0,delta=0.20)",HT,20.0,0.2,10,20,169,10000,,yes,0.035,0.9111475905555232
4306,0.48416488795581536,1.1642171538013406,0.6800522658455253,"Horvitz-Thompson(recency=20.0,delta=0.20)",HT,20.0,0.2,10,20,169,10000,,yes,0.035,0.9111475905555232
4307,0.5357764136830236,1.0645571850184057,0.528780771335382,"Horvitz-Thompson(recency=20.0,delta=0.20)",HT,20.0,0.2,10,20,169,10000,,yes,0.035,0.9111475905555232
4308,0.5212716364130346,1.0756465044013899,0.5543748679883552,"Horvitz-Thompson(recency=20.0,delta=0.20)",HT,20.0,0.2,10,20,169,10000,,yes,0.035,0.9111475905555232
4309,0.56473663014192,0.9957252932393623,0.4309886630974423,"Horvitz-Thompson(recency=20.0,delta=0.20)",HT,20.0,0.2,10,20,169,10000,,yes,0.035,0.9111475905555232
4310,0.5147687822580841,1.007184467366033,0.492415685107949,"Horvitz-Thompson(recency=20.0,delta=0.20)",HT,20.0,0.2,10,20,169,10000,,yes,0.035,0.9111475905555232
4311,0.46862798777909187,1.047801153570563,0.579173165791471,"Horvitz-Thompson(recency=20.0,delta=0.20)",HT,20.0,0.2,10,20,169,10000,,yes,0.035,0.9111475905555232
4312,0.5680542329830637,0.9920715163942693,0.4240172834112056,"Horvitz-Thompson(recency=20.0,delta=0.20)",HT,20.0,0.2,10,20,169,10000,,yes,0.035,0.9111475905555232
4313,0.5562083392649712,1.0648046882348237,0.5085963489698525,"Horvitz-Thompson(recency=20.0,delta=0.20)",HT,20.0,0.2,10,20,169,10000,,yes,0.035,0.9111475905555232
4314,0.49220092208835375,1.0548714660789704,0.5626705439906167,"Horvitz-Thompson(recency=20.0,delta=0.20)",HT,20.0,0.2,10,20,169,10000,,yes,0.035,0.9111475905555232
4315,0.5598588966315221,0.9383375860109465,0.3784786893794244,"Horvitz-Thompson(recency=20.0,delta=0.20)",HT,20.0,0.2,10,20,169,10000,,yes,0.035,0.9111475905555232
4316,0.5040214321053175,1.0632265865761725,0.5592051544708551,"Horvitz-Thompson(recency=20.0,delta=0.20)",HT,20.0,0.2,10,20,169,10000,,yes,0.035,0.9111475905555232
4317,0.5053241850235164,1.1181070178362165,0.6127828328127001,"Horvitz-Thompson(recency=20.0,delta=0.20)",HT,20.0,0.2,10,20,169,10000,,yes,0.035,0.9111475905555232
4318,0.4979530716260258,1.082054212333935,0.5841011407079091,"Horvitz-Thompson(recency=20.0,delta=0.20)",HT,20.0,0.2,10,20,169,10000,,yes,0.035,0.9111475905555232
4319,0.5513368758939481,0.9872039504901882,0.4358670745962401,"Horvitz-Thompson(recency=20.0,delta=0.20)",HT,20.0,0.2,10,20,169,10000,,yes,0.035,0.9111475905555232
4320,0.511637758249887,1.0071936608895231,0.4955559026396361,"Horvitz-Thompson(recency=20.0,delta=0.20)",HT,20.0,0.2,10,20,169,10000,,yes,0.035,0.9111475905555232
4321,0.4858862272246171,1.1923408840734055,0.7064546568487884,"Horvitz-Thompson(recency=20.0,delta=0.20)",HT,20.0,0.2,10,20,169,10000,,yes,0.035,0.9111475905555232
4322,0.4997887100733682,0.905410363149224,0.40562165307585574,"Horvitz-Thompson(recency=20.0,delta=0.20)",HT,20.0,0.2,10,20,169,10000,,yes,0.035,0.9111475905555232
4323,0.5742239573219571,0.9499187417756408,0.37569478445368376,"Horvitz-Thompson(recency=20.0,delta=0.20)",HT,20.0,0.2,10,20,169,10000,,yes,0.035,0.9111475905555232
4324,0.47039197662167653,1.0772202465362177,0.6068282699145412,"Horvitz-Thompson(recency=20.0,delta=0.20)",HT,20.0,0.2,10,20,169,10000,,yes,0.035,0.9111475905555232
4325,0.5161030176188163,1.0750154095895217,0.5589123919707054,"Horvitz-Thompson(recency=20.0,delta=0.20)",HT,20.0,0.2,10,20,169,10000,,yes,0.035,0.9111475905555232
4326,0.532422429213746,1.1382240405080992,0.6058016112943532,"Horvitz-Thompson(recency=20.0,delta=0.20)",HT,20.0,0.2,10,20,169,10000,,yes,0.035,0.9111475905555232
4327,0.47546398410884266,1.07375200103112,0.5982880169222773,"Horvitz-Thompson(recency=20.0,delta=0.20)",HT,20.0,0.2,10,20,169,10000,,yes,0.035,0.9111475905555232
4328,0.5337143274889619,0.9661107255811946,0.43239639809223274,"Horvitz-Thompson(recency=20.0,delta=0.20)",HT,20.0,0.2,10,20,169,10000,,yes,0.035,0.9111475905555232
4329,0.576984405321076,1.052709887964035,0.4757254826429591,"Horvitz-Thompson(recency=20.0,delta=0.20)",HT,20.0,0.2,10,20,169,10000,,yes,0.035,0.9111475905555232
4330,0.5278863749883335,0.9796529267808429,0.45176655179250946,"Horvitz-Thompson(recency=20.0,delta=0.20)",HT,20.0,0.2,10,20,169,10000,,yes,0.035,0.9111475905555232
4331,0.49828207502988403,1.075799662745726,0.577517587715842,"Horvitz-Thompson(recency=20.0,delta=0.20)",HT,20.0,0.2,10,20,169,10000,,yes,0.035,0.9111475905555232
4332,0.540016386935396,0.935719667132383,0.395703280196987,"Horvitz-Thompson(recency=20.0,delta=0.20)",HT,20.0,0.2,10,20,169,10000,,yes,0.035,0.9111475905555232
4333,0.5081327099058165,1.2127934376895737,0.7046607277837572,"Horvitz-Thompson(recency=20.0,delta=0.20)",HT,20.0,0.2,10,20,169,10000,,yes,0.035,0.9111475905555232
4334,0.5603410745015021,1.0278247461442729,0.4674836716427708,"Horvitz-Thompson(recency=20.0,delta=0.20)",HT,20.0,0.2,10,20,169,10000,,yes,0.035,0.9111475905555232
4335,0.4404061700173433,1.101407343088288,0.6610011730709447,"Horvitz-Thompson(recency=20.0,delta=0.20)",HT,20.0,0.2,10,20,169,10000,,yes,0.035,0.9111475905555232
4336,0.49468467201532157,1.1135864665347905,0.618901794519469,"Horvitz-Thompson(recency=20.0,delta=0.20)",HT,20.0,0.2,10,20,169,10000,,yes,0.035,0.9111475905555232
4337,0.5304571298459575,0.9439136229084147,0.41345649306245724,"Horvitz-Thompson(recency=20.0,delta=0.20)",HT,20.0,0.2,10,20,169,10000,,yes,0.035,0.9111475905555232
4338,0.5072214243837132,1.079866171604392,0.5726447472206788,"Horvitz-Thompson(recency=20.0,delta=0.20)",HT,20.0,0.2,10,20,169,10000,,yes,0.035,0.9111475905555232
4339,0.5260234502573191,1.0540064831066331,0.527983032849314,"Horvitz-Thompson(recency=20.0,delta=0.20)",HT,20.0,0.2,10,20,169,10000,,yes,0.035,0.9111475905555232
4340,0.49153781111413014,1.074846610450589,0.5833087993364587,"Horvitz-Thompson(recency=20.0,delta=0.20)",HT,20.0,0.2,10,20,169,10000,,yes,0.035,0.9111475905555232
4341,0.5178825968176207,1.0537660269320732,0.5358834301144525,"Horvitz-Thompson(recency=20.0,delta=0.20)",HT,20.0,0.2,10,20,169,10000,,yes,0.035,0.9111475905555232
4342,0.5367900762831022,1.120085979984424,0.5832959037013219,"Horvitz-Thompson(recency=20.0,delta=0.20)",HT,20.0,0.2,10,20,169,10000,,yes,0.035,0.9111475905555232
4343,0.48324312378587075,1.0992567162221247,0.616013592436254,"Horvitz-Thompson(recency=20.0,delta=0.20)",HT,20.0,0.2,10,20,169,10000,,yes,0.035,0.9111475905555232
4344,0.516253909718291,0.9874969531951513,0.4712430434768603,"Horvitz-Thompson(recency=20.0,delta=0.20)",HT,20.0,0.2,10,20,169,10000,,yes,0.035,0.9111475905555232
4345,0.45163545093110835,1.0894715333230323,0.6378360823919239,"Horvitz-Thompson(recency=20.0,delta=0.20)",HT,20.0,0.2,10,20,169,10000,,yes,0.035,0.9111475905555232
4346,0.5267639061283765,1.0145107625422203,0.48774685641384374,"Horvitz-Thompson(recency=20.0,delta=0.20)",HT,20.0,0.2,10,20,169,10000,,yes,0.035,0.9111475905555232
4347,0.4447526593292462,1.0581260866065574,0.6133734272773113,"Horvitz-Thompson(recency=20.0,delta=0.20)",HT,20.0,0.2,10,20,169,10000,,yes,0.035,0.9111475905555232
4348,0.47335318928795994,0.9915102207669396,0.5181570314789796,"Horvitz-Thompson(recency=20.0,delta=0.20)",HT,20.0,0.2,10,20,169,10000,,yes,0.035,0.9111475905555232
4349,0.5029519309749205,1.1319265467468251,0.6289746157719046,"Horvitz-Thompson(recency=20.0,delta=0.20)",HT,20.0,0.2,10,20,169,10000,,yes,0.035,0.9111475905555232
4350,0.5550424399341429,1.075405012135201,0.5203625722010581,"Horvitz-Thompson(recency=20.0,delta=0.20)",HT,20.0,0.2,10,20,169,10000,,yes,0.035,0.9111475905555232
4351,0.47761398160325536,1.0819133233219111,0.6042993417186557,"Horvitz-Thompson(recency=20.0,delta=0.20)",HT,20.0,0.2,10,20,169,10000,,yes,0.035,0.9111475905555232
4352,0.49527018702631465,1.0667438608569892,0.5714736738306746,"Horvitz-Thompson(recency=20.0,delta=0.20)",HT,20.0,0.2,10,20,169,10000,,yes,0.035,0.9111475905555232
4353,0.5437120481909067,0.9473107802120301,0.4035987320211234,"Horvitz-Thompson(recency=20.0,delta=0.20)",HT,20.0,0.2,10,20,169,10000,,yes,0.035,0.9111475905555232
4354,0.5323038825353088,1.0491370623328031,0.5168331797974943,"Horvitz-Thompson(recency=20.0,delta=0.20)",HT,20.0,0.2,10,20,169,10000,,yes,0.035,0.9111475905555232
4355,0.5192990278648096,1.022208931957772,0.5029099040929624,"Horvitz-Thompson(recency=20.0,delta=0.20)",HT,20.0,0.2,10,20,169,10000,,yes,0.035,0.9111475905555232
4356,0.569608893294779,1.1064347877695955,0.5368258944748164,"Horvitz-Thompson(recency=20.0,delta=0.20)",HT,20.0,0.2,10,20,169,10000,,yes,0.035,0.9111475905555232
4357,0.5182597564511029,0.984058168062966,0.4657984116118631,"Horvitz-Thompson(recency=20.0,delta=0.20)",HT,20.0,0.2,10,20,169,10000,,yes,0.035,0.9111475905555232
4358,0.4875010040632129,0.9547791678267622,0.4672781637635493,"Horvitz-Thompson(recency=20.0,delta=0.20)",HT,20.0,0.2,10,20,169,10000,,yes,0.035,0.9111475905555232
4359,0.5050856894957051,1.1385159950150257,0.6334303055193206,"Horvitz-Thompson(recency=20.0,delta=0.20)",HT,20.0,0.2,10,20,169,10000,,yes,0.035,0.9111475905555232
4360,0.5257425325475366,0.9663559747478134,0.4406134422002769,"Horvitz-Thompson(recency=20.0,delta=0.20)",HT,20.0,0.2,10,20,169,10000,,yes,0.035,0.9111475905555232
4361,0.5251761027221081,0.9286645109498847,0.40348840822777654,"Horvitz-Thompson(recency=20.0,delta=0.20)",HT,20.0,0.2,10,20,169,10000,,yes,0.035,0.9111475905555232
4362,0.5194535757569326,1.1090344945772512,0.5895809188203186,"Horvitz-Thompson(recency=20.0,delta=0.20)",HT,20.0,0.2,10,20,169,10000,,yes,0.035,0.9111475905555232
4363,0.4942979960508072,1.011093257387761,0.5167952613369537,"Horvitz-Thompson(recency=20.0,delta=0.20)",HT,20.0,0.2,10,20,169,10000,,yes,0.035,0.9111475905555232
4364,0.5155642683786548,1.124150352288312,0.6085860839096573,"Horvitz-Thompson(recency=20.0,delta=0.20)",HT,20.0,0.2,10,20,169,10000,,yes,0.035,0.9111475905555232
4365,0.48758325950843806,1.0002357482332442,0.5126524887248062,"Horvitz-Thompson(recency=20.0,delta=0.20)",HT,20.0,0.2,10,20,169,10000,,yes,0.035,0.9111475905555232
4366,0.5086749281228585,1.1673552299165486,0.6586803017936901,"Horvitz-Thompson(recency=20.0,delta=0.20)",HT,20.0,0.2,10,20,169,10000,,yes,0.035,0.9111475905555232
4367,0.48375081204223014,1.1255544325318534,0.6418036204896232,"Horvitz-Thompson(recency=20.0,delta=0.20)",HT,20.0,0.2,10,20,169,10000,,yes,0.035,0.9111475905555232
4368,0.5521115898726667,1.0332597100180216,0.4811481201453549,"Horvitz-Thompson(recency=20.0,delta=0.20)",HT,20.0,0.2,10,20,169,10000,,yes,0.035,0.9111475905555232
4369,0.5373589880238496,1.043535436650277,0.5061764486264273,"Horvitz-Thompson(recency=20.0,delta=0.20)",HT,20.0,0.2,10,20,169,10000,,yes,0.035,0.9111475905555232
4370,0.5294275964774087,1.0946086292742454,0.5651810327968367,"Horvitz-Thompson(recency=20.0,delta=0.20)",HT,20.0,0.2,10,20,169,10000,,yes,0.035,0.9111475905555232
4371,0.5009840307429583,1.150602770845086,0.6496187401021278,"Horvitz-Thompson(recency=20.0,delta=0.20)",HT,20.0,0.2,10,20,169,10000,,yes,0.035,0.9111475905555232
4372,0.5408489548674442,0.9905699466099008,0.4497209917424566,"Horvitz-Thompson(recency=20.0,delta=0.20)",HT,20.0,0.2,10,20,169,10000,,yes,0.035,0.9111475905555232
4373,0.5064239057939102,1.0182766841787911,0.511852778384881,"Horvitz-Thompson(recency=20.0,delta=0.20)",HT,20.0,0.2,10,20,169,10000,,yes,0.035,0.9111475905555232
4374,0.5247016112873473,1.0884682192569723,0.5637666079696251,"Horvitz-Thompson(recency=20.0,delta=0.20)",HT,20.0,0.2,10,20,169,10000,,yes,0.035,0.9111475905555232
4375,0.4783945078611426,1.0434025749374995,0.5650080670763569,"Horvitz-Thompson(recency=20.0,delta=0.20)",HT,20.0,0.2,10,20,169,10000,,yes,0.035,0.9111475905555232
4376,0.5102219738907207,1.1287919514039433,0.6185699775132226,"Horvitz-Thompson(recency=20.0,delta=0.20)",HT,20.0,0.2,10,20,169,10000,,yes,0.035,0.9111475905555232
4377,0.5041502678090063,1.1094342362014662,0.6052839683924599,"Horvitz-Thompson(recency=20.0,delta=0.20)",HT,20.0,0.2,10,20,169,10000,,yes,0.035,0.9111475905555232
4378,0.5205333011235475,1.0749045870881038,0.5543712859645563,"Horvitz-Thompson(recency=20.0,delta=0.20)",HT,20.0,0.2,10,20,169,10000,,yes,0.035,0.9111475905555232
4379,0.540028258727106,1.0194046280432987,0.47937636931619265,"Horvitz-Thompson(recency=20.0,delta=0.20)",HT,20.0,0.2,10,20,169,10000,,yes,0.035,0.9111475905555232
4380,0.4822400851361857,1.122190785372167,0.6399507002359814,"Horvitz-Thompson(recency=20.0,delta=0.20)",HT,20.0,0.2,10,20,169,10000,,yes,0.035,0.9111475905555232
4381,0.4819452136562683,0.932182586468187,0.45023737281191867,"Horvitz-Thompson(recency=20.0,delta=0.20)",HT,20.0,0.2,10,20,169,10000,,yes,0.035,0.9111475905555232
4382,0.5048311570974449,1.0676311693005738,0.5628000122031289,"Horvitz-Thompson(recency=20.0,delta=0.20)",HT,20.0,0.2,10,20,169,10000,,yes,0.035,0.9111475905555232
4383,0.5230499809634014,1.0528980718449734,0.529848090881572,"Horvitz-Thompson(recency=20.0,delta=0.20)",HT,20.0,0.2,10,20,169,10000,,yes,0.035,0.9111475905555232
4384,0.5459893937393706,0.9884436329342341,0.4424542391948635,"Horvitz-Thompson(recency=20.0,delta=0.20)",HT,20.0,0.2,10,20,169,10000,,yes,0.035,0.9111475905555232
4385,0.5227865184106166,1.0916051726647251,0.5688186542541085,"Horvitz-Thompson(recency=20.0,delta=0.20)",HT,20.0,0.2,10,20,169,10000,,yes,0.035,0.9111475905555232
4386,0.46974555632381987,1.1151412175766686,0.6453956612528488,"Horvitz-Thompson(recency=20.0,delta=0.20)",HT,20.0,0.2,10,20,169,10000,,yes,0.035,0.9111475905555232
4387,0.5104234004950735,0.9834039279622453,0.4729805274671718,"Horvitz-Thompson(recency=20.0,delta=0.20)",HT,20.0,0.2,10,20,169,10000,,yes,0.035,0.9111475905555232
4388,0.5609034078334655,1.0564385890692545,0.495535181235789,"Horvitz-Thompson(recency=20.0,delta=0.20)",HT,20.0,0.2,10,20,169,10000,,yes,0.035,0.9111475905555232
4389,0.45794429295283745,0.9823730187795082,0.5244287258266708,"Horvitz-Thompson(recency=20.0,delta=0.20)",HT,20.0,0.2,10,20,169,10000,,yes,0.035,0.9111475905555232
4390,0.5608959185602664,0.9844554149050183,0.4235594963447519,"Horvitz-Thompson(recency=20.0,delta=0.20)",HT,20.0,0.2,10,20,169,10000,,yes,0.035,0.9111475905555232
4391,0.4895311567537572,1.0901901374183307,0.6006589806645735,"Horvitz-Thompson(recency=20.0,delta=0.20)",HT,20.0,0.2,10,20,169,10000,,yes,0.035,0.9111475905555232
4392,0.5294630930077853,1.1098423341933634,0.5803792411855782,"Horvitz-Thompson(recency=20.0,delta=0.20)",HT,20.0,0.2,10,20,169,10000,,yes,0.035,0.9111475905555232
4393,0.5703919331333327,0.9321473969039508,0.36175546377061807,"Horvitz-Thompson(recency=20.0,delta=0.20)",HT,20.0,0.2,10,20,169,10000,,yes,0.035,0.9111475905555232
4394,0.5511871744160104,1.1777731835578924,0.626586009141882,"Horvitz-Thompson(recency=20.0,delta=0.20)",HT,20.0,0.2,10,20,169,10000,,yes,0.035,0.9111475905555232
4395,0.47662181136980575,1.144326738558007,0.6677049271882012,"Horvitz-Thompson(recency=20.0,delta=0.20)",HT,20.0,0.2,10,20,169,10000,,yes,0.035,0.9111475905555232
4396,0.5041339186014195,1.0276877563142366,0.523553837712817,"Horvitz-Thompson(recency=20.0,delta=0.20)",HT,20.0,0.2,10,20,169,10000,,yes,0.035,0.9111475905555232
4397,0.48667962096009787,1.139961108205455,0.6532814872453572,"Horvitz-Thompson(recency=20.0,delta=0.20)",HT,20.0,0.2,10,20,169,10000,,yes,0.035,0.9111475905555232
4398,0.5422838117123816,1.066392446544441,0.5241086348320594,"Horvitz-Thompson(recency=20.0,delta=0.20)",HT,20.0,0.2,10,20,169,10000,,yes,0.035,0.9111475905555232
4399,0.5417500973319472,0.9205890712041208,0.3788389738721736,"Horvitz-Thompson(recency=20.0,delta=0.20)",HT,20.0,0.2,10,20,169,10000,,yes,0.035,0.9111475905555232
4400,0.5355403857768979,1.0188476504287507,0.4833072646518528,"Horvitz-Thompson(recency=20.0,delta=0.20)",HT,20.0,0.2,10,20,169,10000,,yes,0.035,0.9111475905555232
4401,0.49674189547786135,1.1047761695109268,0.6080342740330655,"Horvitz-Thompson(recency=20.0,delta=0.20)",HT,20.0,0.2,10,20,169,10000,,yes,0.035,0.9111475905555232
4402,0.48795879714269064,1.1540688873845222,0.6661100902418315,"Horvitz-Thompson(recency=20.0,delta=0.20)",HT,20.0,0.2,10,20,169,10000,,yes,0.035,0.9111475905555232
4403,0.48532534262984145,1.0974127139732386,0.6120873713433972,"Horvitz-Thompson(recency=20.0,delta=0.20)",HT,20.0,0.2,10,20,169,10000,,yes,0.035,0.9111475905555232
4404,0.515284837540014,0.998598406814171,0.48331356927415703,"Horvitz-Thompson(recency=20.0,delta=0.20)",HT,20.0,0.2,10,20,169,10000,,yes,0.035,0.9111475905555232
4405,0.5596199846739607,1.060514530826834,0.5008945461528733,"Horvitz-Thompson(recency=20.0,delta=0.20)",HT,20.0,0.2,10,20,169,10000,,yes,0.035,0.9111475905555232
4406,0.5421954861820399,1.0605099531601976,0.5183144669781576,"Horvitz-Thompson(recency=20.0,delta=0.20)",HT,20.0,0.2,10,20,169,10000,,yes,0.035,0.9111475905555232
4407,0.4816228353630037,1.0197525791665702,0.5381297438035666,"Horvitz-Thompson(recency=20.0,delta=0.20)",HT,20.0,0.2,10,20,169,10000,,yes,0.035,0.9111475905555232
4408,0.4785335872033262,1.08682980463264,0.6082962174293136,"Horvitz-Thompson(recency=20.0,delta=0.20)",HT,20.0,0.2,10,20,169,10000,,yes,0.035,0.9111475905555232
4409,0.5047095085924131,1.062395408884249,0.557685900291836,"Horvitz-Thompson(recency=20.0,delta=0.20)",HT,20.0,0.2,10,20,169,10000,,yes,0.035,0.9111475905555232
4410,0.47485334490247616,1.1113051814810146,0.6364518365785385,"Horvitz-Thompson(recency=20.0,delta=0.20)",HT,20.0,0.2,10,20,169,10000,,yes,0.035,0.9111475905555232
4411,0.5241664448863212,1.0885613308554074,0.5643948859690862,"Horvitz-Thompson(recency=20.0,delta=0.20)",HT,20.0,0.2,10,20,169,10000,,yes,0.035,0.9111475905555232
4412,0.5130712698546501,1.0451471448171417,0.5320758749624915,"Horvitz-Thompson(recency=20.0,delta=0.20)",HT,20.0,0.2,10,20,169,10000,,yes,0.035,0.9111475905555232
4413,0.5252747665778212,1.030078157130992,0.5048033905531708,"Horvitz-Thompson(recency=20.0,delta=0.20)",HT,20.0,0.2,10,20,169,10000,,yes,0.035,0.9111475905555232
4414,0.532011645438071,1.0649718151572536,0.5329601697191826,"Horvitz-Thompson(recency=20.0,delta=0.20)",HT,20.0,0.2,10,20,169,10000,,yes,0.035,0.9111475905555232
4415,0.5606147510987106,0.9769486343283581,0.4163338832296475,"Horvitz-Thompson(recency=20.0,delta=0.20)",HT,20.0,0.2,10,20,169,10000,,yes,0.035,0.9111475905555232
4416,0.5158731358670856,1.0559480878487384,0.5400749519816528,"Horvitz-Thompson(recency=20.0,delta=0.20)",HT,20.0,0.2,10,20,169,10000,,yes,0.035,0.9111475905555232
4417,0.48363130504620494,1.028510891950841,0.5448795869046361,"Horvitz-Thompson(recency=20.0,delta=0.20)",HT,20.0,0.2,10,20,169,10000,,yes,0.035,0.9111475905555232
4418,0.4866989857680601,1.0491007392887186,0.5624017535206585,"Horvitz-Thompson(recency=20.0,delta=0.20)",HT,20.0,0.2,10,20,169,10000,,yes,0.035,0.9111475905555232
4419,0.5324823326981865,1.1243928753924375,0.591910542694251,"Horvitz-Thompson(recency=20.0,delta=0.20)",HT,20.0,0.2,10,20,169,10000,,yes,0.035,0.9111475905555232
4420,0.5088908355583942,1.1368233339971,0.6279324984387057,"Horvitz-Thompson(recency=20.0,delta=0.20)",HT,20.0,0.2,10,20,169,10000,,yes,0.035,0.9111475905555232
4421,0.4893670285320304,1.2581897685465595,0.7688227400145291,"Horvitz-Thompson(recency=20.0,delta=0.20)",HT,20.0,0.2,10,20,169,10000,,yes,0.035,0.9111475905555232
4422,0.47571456968373627,1.0823250244153317,0.6066104547315955,"Horvitz-Thompson(recency=20.0,delta=0.20)",HT,20.0,0.2,10,20,169,10000,,yes,0.035,0.9111475905555232
4423,0.536623692525597,1.119553342079731,0.582929649554134,"Horvitz-Thompson(recency=20.0,delta=0.20)",HT,20.0,0.2,10,20,169,10000,,yes,0.035,0.9111475905555232
4424,0.5276660727259169,1.1050121155873844,0.5773460428614675,"Horvitz-Thompson(recency=20.0,delta=0.20)",HT,20.0,0.2,10,20,169,10000,,yes,0.035,0.9111475905555232
4425,0.5457789919499484,1.0859377725309782,0.5401587805810298,"Horvitz-Thompson(recency=20.0,delta=0.20)",HT,20.0,0.2,10,20,169,10000,,yes,0.035,0.9111475905555232
4426,0.46936148285212737,1.003597588935054,0.5342361060829266,"Horvitz-Thompson(recency=20.0,delta=0.20)",HT,20.0,0.2,10,20,169,10000,,yes,0.035,0.9111475905555232
4427,0.5487972771729226,0.9806766116015235,0.43187933442860094,"Horvitz-Thompson(recency=20.0,delta=0.20)",HT,20.0,0.2,10,20,169,10000,,yes,0.035,0.9111475905555232
4428,0.46848799153826864,1.0780627918190875,0.6095748002808188,"Horvitz-Thompson(recency=20.0,delta=0.20)",HT,20.0,0.2,10,20,169,10000,,yes,0.035,0.9111475905555232
4429,0.5530681971483111,1.1248321744331349,0.5717639772848238,"Horvitz-Thompson(recency=20.0,delta=0.20)",HT,20.0,0.2,10,20,169,10000,,yes,0.035,0.9111475905555232
4430,0.5459098829807767,0.9760494815170166,0.43013959853623995,"Horvitz-Thompson(recency=20.0,delta=0.20)",HT,20.0,0.2,10,20,169,10000,,yes,0.035,0.9111475905555232
4431,0.5273413466356263,1.1992399926037511,0.6718986459681249,"Horvitz-Thompson(recency=20.0,delta=0.20)",HT,20.0,0.2,10,20,169,10000,,yes,0.035,0.9111475905555232
4432,0.5019955001114219,1.1178048161556058,0.6158093160441839,"Horvitz-Thompson(recency=20.0,delta=0.20)",HT,20.0,0.2,10,20,169,10000,,yes,0.035,0.9111475905555232
4433,0.5288393627728868,1.069076932088224,0.5402375693153373,"Horvitz-Thompson(recency=20.0,delta=0.20)",HT,20.0,0.2,10,20,169,10000,,yes,0.035,0.9111475905555232
4434,0.5036972549215765,1.1343431585409904,0.630645903619414,"Horvitz-Thompson(recency=20.0,delta=0.20)",HT,20.0,0.2,10,20,169,10000,,yes,0.035,0.9111475905555232
4435,0.48333159305250717,1.1331176124426001,0.649786019390093,"Horvitz-Thompson(recency=20.0,delta=0.20)",HT,20.0,0.2,10,20,169,10000,,yes,0.035,0.9111475905555232
4436,0.4752999812458643,1.060972526965342,0.5856725457194778,"Horvitz-Thompson(recency=20.0,delta=0.20)",HT,20.0,0.2,10,20,169,10000,,yes,0.035,0.9111475905555232
4437,0.4616308839522723,1.036191472710797,0.5745605887585248,"Horvitz-Thompson(recency=20.0,delta=0.20)",HT,20.0,0.2,10,20,169,10000,,yes,0.035,0.9111475905555232
4438,0.5114161812892634,1.103014319007215,0.5915981377179517,"Horvitz-Thompson(recency=20.0,delta=0.20)",HT,20.0,0.2,10,20,169,10000,,yes,0.035,0.9111475905555232
4439,0.5359525013575955,0.9978797133022096,0.46192721194461406,"Horvitz-Thompson(recency=20.0,delta=0.20)",HT,20.0,0.2,10,20,169,10000,,yes,0.035,0.9111475905555232
4440,0.4927052344297069,0.9404591704082716,0.4477539359785648,"Horvitz-Thompson(recency=20.0,delta=0.20)",HT,20.0,0.2,10,20,169,10000,,yes,0.035,0.9111475905555232
4441,0.5305608067508427,1.113108901913246,0.5825480951624034,"Horvitz-Thompson(recency=20.0,delta=0.20)",HT,20.0,0.2,10,20,169,10000,,yes,0.035,0.9111475905555232
4442,0.516937289139482,1.0018256981651,0.4848884090256179,"Horvitz-Thompson(recency=20.0,delta=0.20)",HT,20.0,0.2,10,20,169,10000,,yes,0.035,0.9111475905555232
4443,0.5726394877711277,1.0060300638750663,0.4333905761039386,"Horvitz-Thompson(recency=20.0,delta=0.20)",HT,20.0,0.2,10,20,169,10000,,yes,0.035,0.9111475905555232
4444,0.5263837996114241,1.0472674459216949,0.5208836463102707,"Horvitz-Thompson(recency=20.0,delta=0.20)",HT,20.0,0.2,10,20,169,10000,,yes,0.035,0.9111475905555232
4445,0.5513462087358245,1.1286446986183198,0.5772984898824953,"Horvitz-Thompson(recency=20.0,delta=0.20)",HT,20.0,0.2,10,20,169,10000,,yes,0.035,0.9111475905555232
4446,0.5483866057328742,0.9900891253129765,0.4417025195801023,"Horvitz-Thompson(recency=20.0,delta=0.20)",HT,20.0,0.2,10,20,169,10000,,yes,0.035,0.9111475905555232
4447,0.5423406386328428,1.1054177994166567,0.563077160783814,"Horvitz-Thompson(recency=20.0,delta=0.20)",HT,20.0,0.2,10,20,169,10000,,yes,0.035,0.9111475905555232
4448,0.486625207890344,1.1640107229595764,0.6773855150692324,"Horvitz-Thompson(recency=20.0,delta=0.20)",HT,20.0,0.2,10,20,169,10000,,yes,0.035,0.9111475905555232
4449,0.5523278144858504,1.0158037438982446,0.4634759294123941,"Horvitz-Thompson(recency=20.0,delta=0.20)",HT,20.0,0.2,10,20,169,10000,,yes,0.035,0.9111475905555232
4450,0.5101697538537373,1.079166010386964,0.5689962565332267,"Horvitz-Thompson(recency=20.0,delta=0.20)",HT,20.0,0.2,10,20,169,10000,,yes,0.035,0.9111475905555232
4451,0.48403221820005876,1.203024931542448,0.7189927133423892,"Horvitz-Thompson(recency=20.0,delta=0.20)",HT,20.0,0.2,10,20,169,10000,,yes,0.035,0.9111475905555232
4452,0.48899360725688945,1.109453464317963,0.6204598570610735,"Horvitz-Thompson(recency=20.0,delta=0.20)",HT,20.0,0.2,10,20,169,10000,,yes,0.035,0.9111475905555232
4453,0.5271934712686817,1.094570286504176,0.5673768152354943,"Horvitz-Thompson(recency=20.0,delta=0.20)",HT,20.0,0.2,10,20,169,10000,,yes,0.035,0.9111475905555232
4454,0.5448870236462248,1.017634858220846,0.47274783457462133,"Horvitz-Thompson(recency=20.0,delta=0.20)",HT,20.0,0.2,10,20,169,10000,,yes,0.035,0.9111475905555232
4455,0.5376778934462011,0.9857620751948624,0.44808418174866127,"Horvitz-Thompson(recency=20.0,delta=0.20)",HT,20.0,0.2,10,20,169,10000,,yes,0.035,0.9111475905555232
4456,0.4909174824672129,1.1100186514645207,0.6191011689973078,"Horvitz-Thompson(recency=20.0,delta=0.20)",HT,20.0,0.2,10,20,169,10000,,yes,0.035,0.9111475905555232
4457,0.5399324322617226,0.9449515352423771,0.40501910298065447,"Horvitz-Thompson(recency=20.0,delta=0.20)",HT,20.0,0.2,10,20,169,10000,,yes,0.035,0.9111475905555232
4458,0.48559105551427867,1.1073578391066086,0.62176678359233,"Horvitz-Thompson(recency=20.0,delta=0.20)",HT,20.0,0.2,10,20,169,10000,,yes,0.035,0.9111475905555232
4459,0.5172914680628014,1.0905179374703062,0.5732264694075049,"Horvitz-Thompson(recency=20.0,delta=0.20)",HT,20.0,0.2,10,20,169,10000,,yes,0.035,0.9111475905555232
4460,0.48688804853628737,1.0487936500682284,0.561905601531941,"Horvitz-Thompson(recency=20.0,delta=0.20)",HT,20.0,0.2,10,20,169,10000,,yes,0.035,0.9111475905555232
4461,0.5248634997879199,1.060518026374647,0.5356545265867271,"Horvitz-Thompson(recency=20.0,delta=0.20)",HT,20.0,0.2,10,20,169,10000,,yes,0.035,0.9111475905555232
4462,0.5379544225136251,1.0513907976088042,0.513436375095179,"Horvitz-Thompson(recency=20.0,delta=0.20)",HT,20.0,0.2,10,20,169,10000,,yes,0.035,0.9111475905555232
4463,0.5005145851744112,1.1140603787861305,0.6135457936117193,"Horvitz-Thompson(recency=20.0,delta=0.20)",HT,20.0,0.2,10,20,169,10000,,yes,0.035,0.9111475905555232
4464,0.5619308993971537,1.0333056334831787,0.47137473408602504,"Horvitz-Thompson(recency=20.0,delta=0.20)",HT,20.0,0.2,10,20,169,10000,,yes,0.035,0.9111475905555232
4465,0.4972538463448664,1.081055859432989,0.5838020130881227,"Horvitz-Thompson(recency=20.0,delta=0.20)",HT,20.0,0.2,10,20,169,10000,,yes,0.035,0.9111475905555232
4466,0.5169402615866405,1.170642320444848,0.6537020588582074,"Horvitz-Thompson(recency=20.0,delta=0.20)",HT,20.0,0.2,10,20,169,10000,,yes,0.035,0.9111475905555232
4467,0.5052262426925123,1.063520714122407,0.5582944714298947,"Horvitz-Thompson(recency=20.0,delta=0.20)",HT,20.0,0.2,10,20,169,10000,,yes,0.035,0.9111475905555232
4468,0.5108829258242815,1.0792428541735708,0.5683599283492893,"Horvitz-Thompson(recency=20.0,delta=0.20)",HT,20.0,0.2,10,20,169,10000,,yes,0.035,0.9111475905555232
4469,0.4924102589592993,1.0683326811588958,0.5759224221995964,"Horvitz-Thompson(recency=20.0,delta=0.20)",HT,20.0,0.2,10,20,169,10000,,yes,0.035,0.9111475905555232
4470,0.5070236177709309,1.0530853767933852,0.5460617590224544,"Horvitz-Thompson(recency=20.0,delta=0.20)",HT,20.0,0.2,10,20,169,10000,,yes,0.035,0.9111475905555232
4471,0.5075632719840092,1.1015942986767442,0.594031026692735,"Horvitz-Thompson(recency=20.0,delta=0.20)",HT,20.0,0.2,10,20,169,10000,,yes,0.035,0.9111475905555232
4472,0.48505067023865023,0.8919073184176421,0.4068566481789919,"Horvitz-Thompson(recency=20.0,delta=0.20)",HT,20.0,0.2,10,20,169,10000,,yes,0.035,0.9111475905555232
4473,0.4403566691899801,1.1250903940137227,0.6847337248237426,"Horvitz-Thompson(recency=20.0,delta=0.20)",HT,20.0,0.2,10,20,169,10000,,yes,0.035,0.9111475905555232
4474,0.528748638193892,1.049819001707383,0.521070363513491,"Horvitz-Thompson(recency=20.0,delta=0.20)",HT,20.0,0.2,10,20,169,10000,,yes,0.035,0.9111475905555232
4475,0.5324998495563634,1.0141130124681492,0.4816131629117858,"Horvitz-Thompson(recency=20.0,delta=0.20)",HT,20.0,0.2,10,20,169,10000,,yes,0.035,0.9111475905555232
4476,0.5467256806594528,1.1209787919014744,0.5742531112420216,"Horvitz-Thompson(recency=20.0,delta=0.20)",HT,20.0,0.2,10,20,169,10000,,yes,0.035,0.9111475905555232
4477,0.5793315302782365,1.142299126336366,0.5629675960581295,"Horvitz-Thompson(recency=20.0,delta=0.20)",HT,20.0,0.2,10,20,169,10000,,yes,0.035,0.9111475905555232
4478,0.4136754454647148,1.2890911874309203,0.8754157419662055,"Horvitz-Thompson(recency=20.0,delta=0.20)",HT,20.0,0.2,10,20,169,10000,,yes,0.035,0.9111475905555232
4479,0.5135632779138604,1.0824068001013896,0.5688435221875292,"Horvitz-Thompson(recency=20.0,delta=0.20)",HT,20.0,0.2,10,20,169,10000,,yes,0.035,0.9111475905555232
4480,0.513725713205661,0.9475615532517108,0.4338358400460498,"Horvitz-Thompson(recency=20.0,delta=0.20)",HT,20.0,0.2,10,20,169,10000,,yes,0.035,0.9111475905555232
4481,0.5146126029748943,1.1049143148732583,0.590301711898364,"Horvitz-Thompson(recency=20.0,delta=0.20)",HT,20.0,0.2,10,20,169,10000,,yes,0.035,0.9111475905555232
4482,0.5009078516991993,1.064368917993048,0.5634610662938487,"Horvitz-Thompson(recency=20.0,delta=0.20)",HT,20.0,0.2,10,20,169,10000,,yes,0.035,0.9111475905555232
4483,0.5571336903849275,1.0631173638961273,0.5059836735111998,"Horvitz-Thompson(recency=20.0,delta=0.20)",HT,20.0,0.2,10,20,169,10000,,yes,0.035,0.9111475905555232
4484,0.5322136929989691,1.0073381982528624,0.47512450525389327,"Horvitz-Thompson(recency=20.0,delta=0.20)",HT,20.0,0.2,10,20,169,10000,,yes,0.035,0.9111475905555232
4485,0.615179283519379,0.8928505467956299,0.2776712632762509,"Horvitz-Thompson(recency=20.0,delta=0.20)",HT,20.0,0.2,10,20,169,10000,,yes,0.035,0.9111475905555232
4486,0.532720009018638,1.0401675164655788,0.5074475074469408,"Horvitz-Thompson(recency=20.0,delta=0.20)",HT,20.0,0.2,10,20,169,10000,,yes,0.035,0.9111475905555232
4487,0.5361775028111685,1.048493563295636,0.5123160604844675,"Horvitz-Thompson(recency=20.0,delta=0.20)",HT,20.0,0.2,10,20,169,10000,,yes,0.035,0.9111475905555232
4488,0.5263341589882323,1.0714281612556737,0.5450940022674414,"Horvitz-Thompson(recency=20.0,delta=0.20)",HT,20.0,0.2,10,20,169,10000,,yes,0.035,0.9111475905555232
4489,0.5634527109718511,1.0556606184919506,0.49220790752009946,"Horvitz-Thompson(recency=20.0,delta=0.20)",HT,20.0,0.2,10,20,169,10000,,yes,0.035,0.9111475905555232
4490,0.4841676626109878,1.1042346927982345,0.6200670301872466,"Horvitz-Thompson(recency=20.0,delta=0.20)",HT,20.0,0.2,10,20,169,10000,,yes,0.035,0.9111475905555232
4491,0.5433863213496682,0.9244268860290189,0.38104056467935066,"Horvitz-Thompson(recency=20.0,delta=0.20)",HT,20.0,0.2,10,20,169,10000,,yes,0.035,0.9111475905555232
4492,0.5192658748990148,0.9802216158227249,0.46095574092371017,"Horvitz-Thompson(recency=20.0,delta=0.20)",HT,20.0,0.2,10,20,169,10000,,yes,0.035,0.9111475905555232
4493,0.4764028196629659,1.0747025963615606,0.5982997766985947,"Horvitz-Thompson(recency=20.0,delta=0.20)",HT,20.0,0.2,10,20,169,10000,,yes,0.035,0.9111475905555232
4494,0.4898626371340242,0.9165146676054219,0.42665203047139766,"Horvitz-Thompson(recency=20.0,delta=0.20)",HT,20.0,0.2,10,20,169,10000,,yes,0.035,0.9111475905555232
4495,0.5665744934438353,0.9615437852842952,0.3949692918404599,"Horvitz-Thompson(recency=20.0,delta=0.20)",HT,20.0,0.2,10,20,169,10000,,yes,0.035,0.9111475905555232
4496,0.5036467759497331,1.0655076022491898,0.5618608262994568,"Horvitz-Thompson(recency=20.0,delta=0.20)",HT,20.0,0.2,10,20,169,10000,,yes,0.035,0.9111475905555232
4497,0.5244228662001679,1.1183199464788638,0.5938970802786959,"Horvitz-Thompson(recency=20.0,delta=0.20)",HT,20.0,0.2,10,20,169,10000,,yes,0.035,0.9111475905555232
4498,0.5255549580181346,0.9347839010897679,0.4092289430716334,"Horvitz-Thompson(recency=20.0,delta=0.20)",HT,20.0,0.2,10,20,169,10000,,yes,0.035,0.9111475905555232
4499,0.5542249923769724,1.0311826940610764,0.476957701684104,"Horvitz-Thompson(recency=20.0,delta=0.20)",HT,20.0,0.2,10,20,169,10000,,yes,0.035,0.9111475905555232
4500,0.5358406571020391,0.9260008199720189,0.3901601628699798,"Horvitz-Thompson(recency=20.0,delta=0.20)",HT,20.0,0.2,10,20,169,10000,,yes,0.035,0.9111475905555232
4501,0.49049575329596423,1.1220348850724062,0.631539131776442,"Horvitz-Thompson(recency=20.0,delta=0.20)",HT,20.0,0.2,10,20,169,10000,,yes,0.035,0.9111475905555232
4502,0.4788440252470735,1.0384464074121331,0.5596023821650596,"Horvitz-Thompson(recency=20.0,delta=0.20)",HT,20.0,0.2,10,20,169,10000,,yes,0.035,0.9111475905555232
4503,0.49525169573305444,1.1344515161003041,0.6391998203672498,"Horvitz-Thompson(recency=20.0,delta=0.20)",HT,20.0,0.2,10,20,169,10000,,yes,0.035,0.9111475905555232
4504,0.48805769449776315,1.0787004777352078,0.5906427832374447,"Horvitz-Thompson(recency=20.0,delta=0.20)",HT,20.0,0.2,10,20,169,10000,,yes,0.035,0.9111475905555232
4505,0.6036439754786657,1.0108521478350236,0.407208172356358,"Horvitz-Thompson(recency=20.0,delta=0.20)",HT,20.0,0.2,10,20,169,10000,,yes,0.035,0.9111475905555232
4506,0.5204436096382309,1.114967840348703,0.5945242307104722,"Horvitz-Thompson(recency=20.0,delta=0.20)",HT,20.0,0.2,10,20,169,10000,,yes,0.035,0.9111475905555232
4507,0.4860662612691286,0.9577656033989144,0.47169934212978576,"Horvitz-Thompson(recency=20.0,delta=0.20)",HT,20.0,0.2,10,20,169,10000,,yes,0.035,0.9111475905555232
4508,0.48251599492216074,1.0177088290717264,0.5351928341495658,"Horvitz-Thompson(recency=20.0,delta=0.20)",HT,20.0,0.2,10,20,169,10000,,yes,0.035,0.9111475905555232
4509,0.45543671963017685,1.132329948287344,0.6768932286571671,"Horvitz-Thompson(recency=20.0,delta=0.20)",HT,20.0,0.2,10,20,169,10000,,yes,0.035,0.9111475905555232
4510,0.4709117044395532,0.9953887257622684,0.5244770213227152,"Horvitz-Thompson(recency=20.0,delta=0.20)",HT,20.0,0.2,10,20,169,10000,,yes,0.035,0.9111475905555232
4511,0.5042247670541754,1.1442317576297907,0.6400069905756153,"Horvitz-Thompson(recency=20.0,delta=0.20)",HT,20.0,0.2,10,20,169,10000,,yes,0.035,0.9111475905555232
4512,0.5151021160023169,1.1733964445920906,0.6582943285897737,"Horvitz-Thompson(recency=20.0,delta=0.20)",HT,20.0,0.2,10,20,169,10000,,yes,0.035,0.9111475905555232
4513,0.47260155099668116,1.0060332053535312,0.53343165435685,"Horvitz-Thompson(recency=20.0,delta=0.20)",HT,20.0,0.2,10,20,169,10000,,yes,0.035,0.9111475905555232
4514,0.5229367733016002,1.1665831297592364,0.6436463564576362,"Horvitz-Thompson(recency=20.0,delta=0.20)",HT,20.0,0.2,10,20,169,10000,,yes,0.035,0.9111475905555232
4515,0.5011366048755885,1.1116727768158337,0.6105361719402451,"Horvitz-Thompson(recency=20.0,delta=0.20)",HT,20.0,0.2,10,20,169,10000,,yes,0.035,0.9111475905555232
4516,0.5066030425926549,1.095816663214815,0.5892136206221601,"Horvitz-Thompson(recency=20.0,delta=0.20)",HT,20.0,0.2,10,20,169,10000,,yes,0.035,0.9111475905555232
4517,0.5331849185430104,0.9805594517417668,0.4473745331987564,"Horvitz-Thompson(recency=20.0,delta=0.20)",HT,20.0,0.2,10,20,169,10000,,yes,0.035,0.9111475905555232
4518,0.514425968609404,1.092690311742054,0.5782643431326501,"Horvitz-Thompson(recency=20.0,delta=0.20)",HT,20.0,0.2,10,20,169,10000,,yes,0.035,0.9111475905555232
4519,0.45929484515508756,1.1992477450652879,0.7399528999102003,"Horvitz-Thompson(recency=20.0,delta=0.20)",HT,20.0,0.2,10,20,169,10000,,yes,0.035,0.9111475905555232
4520,0.5238368093557036,1.0595283396289614,0.5356915302732578,"Horvitz-Thompson(recency=20.0,delta=0.20)",HT,20.0,0.2,10,20,169,10000,,yes,0.035,0.9111475905555232
4521,0.5922951616017388,1.00829714681638,0.41600198521464116,"Horvitz-Thompson(recency=20.0,delta=0.20)",HT,20.0,0.2,10,20,169,10000,,yes,0.035,0.9111475905555232
4522,0.5584264739020239,0.9312365050870264,0.37281003118500244,"Horvitz-Thompson(recency=20.0,delta=0.20)",HT,20.0,0.2,10,20,169,10000,,yes,0.035,0.9111475905555232
4523,0.493871533126255,0.9869554961839507,0.49308396305769575,"Horvitz-Thompson(recency=20.0,delta=0.20)",HT,20.0,0.2,10,20,169,10000,,yes,0.035,0.9111475905555232
4524,0.4746347056556038,1.0675197096169882,0.5928850039613844,"Horvitz-Thompson(recency=20.0,delta=0.20)",HT,20.0,0.2,10,20,169,10000,,yes,0.035,0.9111475905555232
4525,0.45722570391522055,1.127694155113938,0.6704684511987173,"Horvitz-Thompson(recency=20.0,delta=0.20)",HT,20.0,0.2,10,20,169,10000,,yes,0.035,0.9111475905555232
4526,0.5531306487739241,1.0531563812405373,0.5000257324666132,"Horvitz-Thompson(recency=20.0,delta=0.20)",HT,20.0,0.2,10,20,169,10000,,yes,0.035,0.9111475905555232
4527,0.5106422153666375,1.0570653942748205,0.546423178908183,"Horvitz-Thompson(recency=20.0,delta=0.20)",HT,20.0,0.2,10,20,169,10000,,yes,0.035,0.9111475905555232
4528,0.4743921704036476,1.2193784063562416,0.7449862359525941,"Horvitz-Thompson(recency=20.0,delta=0.20)",HT,20.0,0.2,10,20,169,10000,,yes,0.035,0.9111475905555232
4529,0.5184881459017355,1.0761456582955171,0.5576575123937816,"Horvitz-Thompson(recency=20.0,delta=0.20)",HT,20.0,0.2,10,20,169,10000,,yes,0.035,0.9111475905555232
4530,0.5433714000037524,1.0698143514601446,0.5264429514563922,"Horvitz-Thompson(recency=20.0,delta=0.20)",HT,20.0,0.2,10,20,169,10000,,yes,0.035,0.9111475905555232
4531,0.5492234736886537,1.142007980702324,0.5927845070136704,"Horvitz-Thompson(recency=20.0,delta=0.20)",HT,20.0,0.2,10,20,169,10000,,yes,0.035,0.9111475905555232
4532,0.5435191500386793,0.9844768125697695,0.44095766253109014,"Horvitz-Thompson(recency=20.0,delta=0.20)",HT,20.0,0.2,10,20,169,10000,,yes,0.035,0.9111475905555232
4533,0.5384415840205122,0.9690850360674266,0.43064345204691434,"Horvitz-Thompson(recency=20.0,delta=0.20)",HT,20.0,0.2,10,20,169,10000,,yes,0.035,0.9111475905555232
4534,0.5868721103160918,0.9637477312498306,0.37687562093373883,"Horvitz-Thompson(recency=20.0,delta=0.20)",HT,20.0,0.2,10,20,169,10000,,yes,0.035,0.9111475905555232
4535,0.5216511930077017,1.1241712293726862,0.6025200363649845,"Horvitz-Thompson(recency=20.0,delta=0.20)",HT,20.0,0.2,10,20,169,10000,,yes,0.035,0.9111475905555232
4536,0.5481774326223396,1.07360168698268,0.5254242543603405,"Horvitz-Thompson(recency=20.0,delta=0.20)",HT,20.0,0.2,10,20,169,10000,,yes,0.035,0.9111475905555232
4537,0.5108028325904931,1.1276002900062265,0.6167974574157334,"Horvitz-Thompson(recency=20.0,delta=0.20)",HT,20.0,0.2,10,20,169,10000,,yes,0.035,0.9111475905555232
4538,0.5326956259064175,0.9977910254874779,0.4650953995810604,"Horvitz-Thompson(recency=20.0,delta=0.20)",HT,20.0,0.2,10,20,169,10000,,yes,0.035,0.9111475905555232
4539,0.5296915488084551,0.9684237314431055,0.4387321826346503,"Horvitz-Thompson(recency=20.0,delta=0.20)",HT,20.0,0.2,10,20,169,10000,,yes,0.035,0.9111475905555232
4540,0.5346651369678196,1.0320104747849468,0.4973453378171272,"Horvitz-Thompson(recency=20.0,delta=0.20)",HT,20.0,0.2,10,20,169,10000,,yes,0.035,0.9111475905555232
4541,0.47926434179330857,1.0935619510574586,0.61429760926415,"Horvitz-Thompson(recency=20.0,delta=0.20)",HT,20.0,0.2,10,20,169,10000,,yes,0.035,0.9111475905555232
4542,0.5412289060999674,1.2446228984797754,0.7033939923798079,"Horvitz-Thompson(recency=20.0,delta=0.20)",HT,20.0,0.2,10,20,169,10000,,yes,0.035,0.9111475905555232
4543,0.485439910212807,1.0801047860166384,0.5946648758038313,"Horvitz-Thompson(recency=20.0,delta=0.20)",HT,20.0,0.2,10,20,169,10000,,yes,0.035,0.9111475905555232
4544,0.5202371548832417,0.9706958952256431,0.4504587403424014,"Horvitz-Thompson(recency=20.0,delta=0.20)",HT,20.0,0.2,10,20,169,10000,,yes,0.035,0.9111475905555232
4545,0.5124848883390073,1.1251984643274406,0.6127135759884333,"Horvitz-Thompson(recency=20.0,delta=0.20)",HT,20.0,0.2,10,20,169,10000,,yes,0.035,0.9111475905555232
4546,0.5377401834881528,1.0712351039145536,0.5334949204264008,"Horvitz-Thompson(recency=20.0,delta=0.20)",HT,20.0,0.2,10,20,169,10000,,yes,0.035,0.9111475905555232
4547,0.4784099877456955,0.9727911574328347,0.49438116968713924,"Horvitz-Thompson(recency=20.0,delta=0.20)",HT,20.0,0.2,10,20,169,10000,,yes,0.035,0.9111475905555232
4548,0.5514213070921773,1.0186784040577432,0.46725709696556594,"Horvitz-Thompson(recency=20.0,delta=0.20)",HT,20.0,0.2,10,20,169,10000,,yes,0.035,0.9111475905555232
4549,0.5081087722237217,1.0725854453674741,0.5644766731437524,"Horvitz-Thompson(recency=20.0,delta=0.20)",HT,20.0,0.2,10,20,169,10000,,yes,0.035,0.9111475905555232
4550,0.4989000705827145,1.0583941020960608,0.5594940315133463,"Horvitz-Thompson(recency=20.0,delta=0.20)",HT,20.0,0.2,10,20,169,10000,,yes,0.035,0.9111475905555232
4551,0.536259573533066,1.0950451210342271,0.5587855475011612,"Horvitz-Thompson(recency=20.0,delta=0.20)",HT,20.0,0.2,10,20,169,10000,,yes,0.035,0.9111475905555232
4552,0.538270027489726,1.1671302871772764,0.6288602596875504,"Horvitz-Thompson(recency=20.0,delta=0.20)",HT,20.0,0.2,10,20,169,10000,,yes,0.035,0.9111475905555232
4553,0.5525402559142364,0.9301705772458365,0.3776303213316001,"Horvitz-Thompson(recency=20.0,delta=0.20)",HT,20.0,0.2,10,20,169,10000,,yes,0.035,0.9111475905555232
4554,0.4946274803060151,1.0462444211609065,0.5516169408548914,"Horvitz-Thompson(recency=20.0,delta=0.20)",HT,20.0,0.2,10,20,169,10000,,yes,0.035,0.9111475905555232
4555,0.558567789391186,1.1732848012159638,0.6147170118247778,"Horvitz-Thompson(recency=20.0,delta=0.20)",HT,20.0,0.2,10,20,169,10000,,yes,0.035,0.9111475905555232
4556,0.541007548608198,0.8957006060552568,0.3546930574470588,"Horvitz-Thompson(recency=20.0,delta=0.20)",HT,20.0,0.2,10,20,169,10000,,yes,0.035,0.9111475905555232
4557,0.5375486446414633,1.0440129846570794,0.506464340015616,"Horvitz-Thompson(recency=20.0,delta=0.20)",HT,20.0,0.2,10,20,169,10000,,yes,0.035,0.9111475905555232
4558,0.4815709038910606,1.1020189988448608,0.6204480949538002,"Horvitz-Thompson(recency=20.0,delta=0.20)",HT,20.0,0.2,10,20,169,10000,,yes,0.035,0.9111475905555232
4559,0.5228701375212609,1.0604848269201146,0.5376146893988537,"Horvitz-Thompson(recency=20.0,delta=0.20)",HT,20.0,0.2,10,20,169,10000,,yes,0.035,0.9111475905555232
4560,0.5299109800462293,1.0636824148197368,0.5337714347735075,"Horvitz-Thompson(recency=20.0,delta=0.20)",HT,20.0,0.2,10,20,169,10000,,yes,0.035,0.9111475905555232
4561,0.5401686270004055,0.9570501754553946,0.41688154845498915,"Horvitz-Thompson(recency=20.0,delta=0.20)",HT,20.0,0.2,10,20,169,10000,,yes,0.035,0.9111475905555232
4562,0.5037377483180642,1.1319389313883397,0.6282011830702755,"Horvitz-Thompson(recency=20.0,delta=0.20)",HT,20.0,0.2,10,20,169,10000,,yes,0.035,0.9111475905555232
4563,0.5507407366877082,0.9744258437427893,0.4236851070550811,"Horvitz-Thompson(recency=20.0,delta=0.20)",HT,20.0,0.2,10,20,169,10000,,yes,0.035,0.9111475905555232
4564,0.5057154492271152,1.1299573740453117,0.6242419248181965,"Horvitz-Thompson(recency=20.0,delta=0.20)",HT,20.0,0.2,10,20,169,10000,,yes,0.035,0.9111475905555232
4565,0.4835459490200527,1.057028849523997,0.5734829005039443,"Horvitz-Thompson(recency=20.0,delta=0.20)",HT,20.0,0.2,10,20,169,10000,,yes,0.035,0.9111475905555232
4566,0.5144432926957773,1.0506921738312174,0.5362488811354401,"Horvitz-Thompson(recency=20.0,delta=0.20)",HT,20.0,0.2,10,20,169,10000,,yes,0.035,0.9111475905555232
4567,0.5288164287337233,1.022209285422354,0.49339285668863064,"Horvitz-Thompson(recency=20.0,delta=0.20)",HT,20.0,0.2,10,20,169,10000,,yes,0.035,0.9111475905555232
4568,0.6347493686627523,0.9647091032759286,0.3299597346131763,"Horvitz-Thompson(recency=20.0,delta=0.20)",HT,20.0,0.2,10,20,169,10000,,yes,0.035,0.9111475905555232
4569,0.5179103225391563,1.1339537514172053,0.6160434288780491,"Horvitz-Thompson(recency=20.0,delta=0.20)",HT,20.0,0.2,10,20,169,10000,,yes,0.035,0.9111475905555232
4570,0.5036419167104468,1.1939969919023754,0.6903550751919286,"Horvitz-Thompson(recency=20.0,delta=0.20)",HT,20.0,0.2,10,20,169,10000,,yes,0.035,0.9111475905555232
4571,0.47195209650168174,1.0799970346762622,0.6080449381745805,"Horvitz-Thompson(recency=20.0,delta=0.20)",HT,20.0,0.2,10,20,169,10000,,yes,0.035,0.9111475905555232
4572,0.5657926987054956,1.040474423985507,0.4746817252800114,"Horvitz-Thompson(recency=20.0,delta=0.20)",HT,20.0,0.2,10,20,169,10000,,yes,0.035,0.9111475905555232
4573,0.5530643136573922,1.0343944826347096,0.4813301689773174,"Horvitz-Thompson(recency=20.0,delta=0.20)",HT,20.0,0.2,10,20,169,10000,,yes,0.035,0.9111475905555232
4574,0.49800584591006924,0.894484402462428,0.39647855655235875,"Horvitz-Thompson(recency=20.0,delta=0.20)",HT,20.0,0.2,10,20,169,10000,,yes,0.035,0.9111475905555232
4575,0.47937979603851716,1.0695501629865776,0.5901703669480605,"Horvitz-Thompson(recency=20.0,delta=0.20)",HT,20.0,0.2,10,20,169,10000,,yes,0.035,0.9111475905555232
4576,0.534792104459771,1.1211383176312302,0.5863462131714592,"Horvitz-Thompson(recency=20.0,delta=0.20)",HT,20.0,0.2,10,20,169,10000,,yes,0.035,0.9111475905555232
4577,0.5570461014626689,1.0042768304408543,0.4472307289781854,"Horvitz-Thompson(recency=20.0,delta=0.20)",HT,20.0,0.2,10,20,169,10000,,yes,0.035,0.9111475905555232
4578,0.5505752167775871,1.080790423237567,0.5302152064599798,"Horvitz-Thompson(recency=20.0,delta=0.20)",HT,20.0,0.2,10,20,169,10000,,yes,0.035,0.9111475905555232
4579,0.5433115719442732,0.9712659606522853,0.42795438870801217,"Horvitz-Thompson(recency=20.0,delta=0.20)",HT,20.0,0.2,10,20,169,10000,,yes,0.035,0.9111475905555232
4580,0.5622206968196799,0.9879051571083401,0.42568446028866025,"Horvitz-Thompson(recency=20.0,delta=0.20)",HT,20.0,0.2,10,20,169,10000,,yes,0.035,0.9111475905555232
4581,0.5490480649029698,0.9861851507830467,0.43713708588007694,"Horvitz-Thompson(recency=20.0,delta=0.20)",HT,20.0,0.2,10,20,169,10000,,yes,0.035,0.9111475905555232
4582,0.4618881653690917,1.0560756763407135,0.5941875109716218,"Horvitz-Thompson(recency=20.0,delta=0.20)",HT,20.0,0.2,10,20,169,10000,,yes,0.035,0.9111475905555232
4583,0.5161193630921795,1.0535715394760403,0.5374521763838608,"Horvitz-Thompson(recency=20.0,delta=0.20)",HT,20.0,0.2,10,20,169,10000,,yes,0.035,0.9111475905555232
4584,0.46068364078624086,1.1763740732077994,0.7156904324215585,"Horvitz-Thompson(recency=20.0,delta=0.20)",HT,20.0,0.2,10,20,169,10000,,yes,0.035,0.9111475905555232
4585,0.53307081195376,0.9667707822898867,0.4336999703361266,"Horvitz-Thompson(recency=20.0,delta=0.20)",HT,20.0,0.2,10,20,169,10000,,yes,0.035,0.9111475905555232
4586,0.5547960013582297,1.0791894818132144,0.5243934804549847,"Horvitz-Thompson(recency=20.0,delta=0.20)",HT,20.0,0.2,10,20,169,10000,,yes,0.035,0.9111475905555232
4587,0.4946276218685108,1.1456995980872242,0.6510719762187134,"Horvitz-Thompson(recency=20.0,delta=0.20)",HT,20.0,0.2,10,20,169,10000,,yes,0.035,0.9111475905555232
4588,0.4488173804480127,1.112488582598299,0.6636712021502864,"Horvitz-Thompson(recency=20.0,delta=0.20)",HT,20.0,0.2,10,20,169,10000,,yes,0.035,0.9111475905555232
4589,0.4887741403448196,1.1715630151911114,0.6827888748462918,"Horvitz-Thompson(recency=20.0,delta=0.20)",HT,20.0,0.2,10,20,169,10000,,yes,0.035,0.9111475905555232
4590,0.518262960856977,1.0314001884750306,0.5131372276180536,"Horvitz-Thompson(recency=20.0,delta=0.20)",HT,20.0,0.2,10,20,169,10000,,yes,0.035,0.9111475905555232
4591,0.47950359629612044,1.1683982912707396,0.6888946949746191,"Horvitz-Thompson(recency=20.0,delta=0.20)",HT,20.0,0.2,10,20,169,10000,,yes,0.035,0.9111475905555232
4592,0.5411360852603018,0.9384476166927848,0.397311531432483,"Horvitz-Thompson(recency=20.0,delta=0.20)",HT,20.0,0.2,10,20,169,10000,,yes,0.035,0.9111475905555232
4593,0.5636322565776115,1.1345135670036206,0.5708813104260091,"Horvitz-Thompson(recency=20.0,delta=0.20)",HT,20.0,0.2,10,20,169,10000,,yes,0.035,0.9111475905555232
4594,0.4997776948772601,1.10528576945453,0.6055080745772699,"Horvitz-Thompson(recency=20.0,delta=0.20)",HT,20.0,0.2,10,20,169,10000,,yes,0.035,0.9111475905555232
4595,0.5030649836711293,1.0263487160941696,0.5232837324230403,"Horvitz-Thompson(recency=20.0,delta=0.20)",HT,20.0,0.2,10,20,169,10000,,yes,0.035,0.9111475905555232
4596,0.5695715123053544,1.0255888445732617,0.4560173322679073,"Horvitz-Thompson(recency=20.0,delta=0.20)",HT,20.0,0.2,10,20,169,10000,,yes,0.035,0.9111475905555232
4597,0.48194781551506466,1.0267769800836788,0.5448291645686141,"Horvitz-Thompson(recency=20.0,delta=0.20)",HT,20.0,0.2,10,20,169,10000,,yes,0.035,0.9111475905555232
4598,0.5526437627626323,0.9929750228093696,0.4403312600467373,"Horvitz-Thompson(recency=20.0,delta=0.20)",HT,20.0,0.2,10,20,169,10000,,yes,0.035,0.9111475905555232
4599,0.5024381532129762,1.0633512057396044,0.5609130525266282,"Horvitz-Thompson(recency=20.0,delta=0.20)",HT,20.0,0.2,10,20,169,10000,,yes,0.035,0.9111475905555232
4600,0.44404190327355936,1.088778776187353,0.6447368729137937,"Horvitz-Thompson(recency=20.0,delta=0.20)",HT,20.0,0.2,10,20,169,10000,,yes,0.035,0.9111475905555232
4601,0.5329166920535494,1.1044041118208379,0.5714874197672885,"Horvitz-Thompson(recency=20.0,delta=0.20)",HT,20.0,0.2,10,20,169,10000,,yes,0.035,0.9111475905555232
4602,0.4739139827921202,1.0767316539445506,0.6028176711524305,"Horvitz-Thompson(recency=20.0,delta=0.20)",HT,20.0,0.2,10,20,169,10000,,yes,0.035,0.9111475905555232
4603,0.46783129142702423,0.9919606012298856,0.5241293098028614,"Horvitz-Thompson(recency=20.0,delta=0.20)",HT,20.0,0.2,10,20,169,10000,,yes,0.035,0.9111475905555232
4604,0.5122603191760196,1.109326130202293,0.5970658110262734,"Horvitz-Thompson(recency=20.0,delta=0.20)",HT,20.0,0.2,10,20,169,10000,,yes,0.035,0.9111475905555232
4605,0.5783250539727542,0.8849390193767118,0.3066139654039576,"Horvitz-Thompson(recency=20.0,delta=0.20)",HT,20.0,0.2,10,20,169,10000,,yes,0.035,0.9111475905555232
4606,0.4953765990695968,1.0368500002773384,0.5414734012077416,"Horvitz-Thompson(recency=20.0,delta=0.20)",HT,20.0,0.2,10,20,169,10000,,yes,0.035,0.9111475905555232
4607,0.5087345099404552,1.0773667459378737,0.5686322359974185,"Horvitz-Thompson(recency=20.0,delta=0.20)",HT,20.0,0.2,10,20,169,10000,,yes,0.035,0.9111475905555232
4608,0.5145039302607471,1.1308034039241182,0.616299473663371,"Horvitz-Thompson(recency=20.0,delta=0.20)",HT,20.0,0.2,10,20,169,10000,,yes,0.035,0.9111475905555232
4609,0.5308738285826186,1.1041315345587466,0.573257705976128,"Horvitz-Thompson(recency=20.0,delta=0.20)",HT,20.0,0.2,10,20,169,10000,,yes,0.035,0.9111475905555232
4610,0.4939154030117601,1.1081658498477094,0.6142504468359493,"Horvitz-Thompson(recency=20.0,delta=0.20)",HT,20.0,0.2,10,20,169,10000,,yes,0.035,0.9111475905555232
4611,0.4826265094993747,1.2466298522829293,0.7640033427835546,"Horvitz-Thompson(recency=20.0,delta=0.20)",HT,20.0,0.2,10,20,169,10000,,yes,0.035,0.9111475905555232
4612,0.5092246081960704,1.091728077740302,0.5825034695442316,"Horvitz-Thompson(recency=20.0,delta=0.20)",HT,20.0,0.2,10,20,169,10000,,yes,0.035,0.9111475905555232
4613,0.557757772719482,1.0474725354597463,0.48971476274026426,"Horvitz-Thompson(recency=20.0,delta=0.20)",HT,20.0,0.2,10,20,169,10000,,yes,0.035,0.9111475905555232
4614,0.4878119782559409,1.0131297274978832,0.5253177492419423,"Horvitz-Thompson(recency=20.0,delta=0.20)",HT,20.0,0.2,10,20,169,10000,,yes,0.035,0.9111475905555232
4615,0.5134567356205161,1.1171223684052134,0.6036656327846973,"Horvitz-Thompson(recency=20.0,delta=0.20)",HT,20.0,0.2,10,20,169,10000,,yes,0.035,0.9111475905555232
4616,0.5175462300382616,1.0058621930054519,0.48831596296719026,"Horvitz-Thompson(recency=20.0,delta=0.20)",HT,20.0,0.2,10,20,169,10000,,yes,0.035,0.9111475905555232
4617,0.5244929663755147,1.1219569498522723,0.5974639834767577,"Horvitz-Thompson(recency=20.0,delta=0.20)",HT,20.0,0.2,10,20,169,10000,,yes,0.035,0.9111475905555232
4618,0.4611819098074406,1.125374928494793,0.6641930186873524,"Horvitz-Thompson(recency=20.0,delta=0.20)",HT,20.0,0.2,10,20,169,10000,,yes,0.035,0.9111475905555232
4619,0.5433917078151094,1.0765847362441854,0.533193028429076,"Horvitz-Thompson(recency=20.0,delta=0.20)",HT,20.0,0.2,10,20,169,10000,,yes,0.035,0.9111475905555232
4620,0.5153875317218134,1.02036766610643,0.5049801343846166,"Horvitz-Thompson(recency=20.0,delta=0.20)",HT,20.0,0.2,10,20,169,10000,,yes,0.035,0.9111475905555232
4621,0.5882431266769866,1.109050866473289,0.5208077397963023,"Horvitz-Thompson(recency=20.0,delta=0.20)",HT,20.0,0.2,10,20,169,10000,,yes,0.035,0.9111475905555232
4622,0.5265740108325528,1.0399248532490384,0.5133508424164855,"Horvitz-Thompson(recency=20.0,delta=0.20)",HT,20.0,0.2,10,20,169,10000,,yes,0.035,0.9111475905555232
4623,0.46420873055826173,1.086626542735252,0.6224178121769902,"Horvitz-Thompson(recency=20.0,delta=0.20)",HT,20.0,0.2,10,20,169,10000,,yes,0.035,0.9111475905555232
4624,0.5088822371089298,1.0485143289806753,0.5396320918717455,"Horvitz-Thompson(recency=20.0,delta=0.20)",HT,20.0,0.2,10,20,169,10000,,yes,0.035,0.9111475905555232
4625,0.5357985728492187,0.961833495159637,0.4260349223104183,"Horvitz-Thompson(recency=20.0,delta=0.20)",HT,20.0,0.2,10,20,169,10000,,yes,0.035,0.9111475905555232
4626,0.5280423952283696,0.9582295592167415,0.43018716398837187,"Horvitz-Thompson(recency=20.0,delta=0.20)",HT,20.0,0.2,10,20,169,10000,,yes,0.035,0.9111475905555232
4627,0.49655364206386626,1.1933427412667905,0.6967890992029242,"Horvitz-Thompson(recency=20.0,delta=0.20)",HT,20.0,0.2,10,20,169,10000,,yes,0.035,0.9111475905555232
4628,0.4977087843146041,1.0561714936241287,0.5584627093095246,"Horvitz-Thompson(recency=20.0,delta=0.20)",HT,20.0,0.2,10,20,169,10000,,yes,0.035,0.9111475905555232
4629,0.493703999131736,1.0271709613390756,0.5334669622073396,"Horvitz-Thompson(recency=20.0,delta=0.20)",HT,20.0,0.2,10,20,169,10000,,yes,0.035,0.9111475905555232
4630,0.5087255044498186,1.1123237690736445,0.6035982646238259,"Horvitz-Thompson(recency=20.0,delta=0.20)",HT,20.0,0.2,10,20,169,10000,,yes,0.035,0.9111475905555232
4631,0.4983879643546532,1.117309186567164,0.6189212222125109,"Horvitz-Thompson(recency=20.0,delta=0.20)",HT,20.0,0.2,10,20,169,10000,,yes,0.035,0.9111475905555232
4632,0.5223624198147758,1.003885717545527,0.4815232977307511,"Horvitz-Thompson(recency=20.0,delta=0.20)",HT,20.0,0.2,10,20,169,10000,,yes,0.035,0.9111475905555232
4633,0.5325128763243212,1.0415079903374214,0.5089951140131002,"Horvitz-Thompson(recency=20.0,delta=0.20)",HT,20.0,0.2,10,20,169,10000,,yes,0.035,0.9111475905555232
4634,0.5659744991659894,1.0340127900487346,0.4680382908827452,"Horvitz-Thompson(recency=20.0,delta=0.20)",HT,20.0,0.2,10,20,169,10000,,yes,0.035,0.9111475905555232
4635,0.5246950962478694,0.9738760663499407,0.44918097010207136,"Horvitz-Thompson(recency=20.0,delta=0.20)",HT,20.0,0.2,10,20,169,10000,,yes,0.035,0.9111475905555232
4636,0.4790001927394445,1.1007651159944616,0.6217649232550171,"Horvitz-Thompson(recency=20.0,delta=0.20)",HT,20.0,0.2,10,20,169,10000,,yes,0.035,0.9111475905555232
4637,0.5007339837375996,1.0466391956751226,0.5459052119375231,"Horvitz-Thompson(recency=20.0,delta=0.20)",HT,20.0,0.2,10,20,169,10000,,yes,0.035,0.9111475905555232
4638,0.5017445047872183,1.0472836642152965,0.5455391594280782,"Horvitz-Thompson(recency=20.0,delta=0.20)",HT,20.0,0.2,10,20,169,10000,,yes,0.035,0.9111475905555232
4639,0.5392854167773704,0.9414435369533104,0.40215812017594,"Horvitz-Thompson(recency=20.0,delta=0.20)",HT,20.0,0.2,10,20,169,10000,,yes,0.035,0.9111475905555232
4640,0.502791765384082,1.0672664867100439,0.5644747213259619,"Horvitz-Thompson(recency=20.0,delta=0.20)",HT,20.0,0.2,10,20,169,10000,,yes,0.035,0.9111475905555232
4641,0.5846765416629136,1.0022786912674706,0.417602149604557,"Horvitz-Thompson(recency=20.0,delta=0.20)",HT,20.0,0.2,10,20,169,10000,,yes,0.035,0.9111475905555232
4642,0.48471771403479624,1.0728387845162033,0.588121070481407,"Horvitz-Thompson(recency=20.0,delta=0.20)",HT,20.0,0.2,10,20,169,10000,,yes,0.035,0.9111475905555232
4643,0.5190184784880059,0.9862000112752817,0.4671815327872758,"Horvitz-Thompson(recency=20.0,delta=0.20)",HT,20.0,0.2,10,20,169,10000,,yes,0.035,0.9111475905555232
4644,0.5438043287742296,1.0336882016535751,0.48988387287934554,"Horvitz-Thompson(recency=20.0,delta=0.20)",HT,20.0,0.2,10,20,169,10000,,yes,0.035,0.9111475905555232
4645,0.5235042758658546,1.0580471829096603,0.5345429070438057,"Horvitz-Thompson(recency=20.0,delta=0.20)",HT,20.0,0.2,10,20,169,10000,,yes,0.035,0.9111475905555232
4646,0.5364404695888925,1.000593595524213,0.46415312593532043,"Horvitz-Thompson(recency=20.0,delta=0.20)",HT,20.0,0.2,10,20,169,10000,,yes,0.035,0.9111475905555232
4647,0.5626721466526658,1.009126650297793,0.44645450364512707,"Horvitz-Thompson(recency=20.0,delta=0.20)",HT,20.0,0.2,10,20,169,10000,,yes,0.035,0.9111475905555232
4648,0.4862316490266187,1.0573172183015087,0.57108556927489,"Horvitz-Thompson(recency=20.0,delta=0.20)",HT,20.0,0.2,10,20,169,10000,,yes,0.035,0.9111475905555232
4649,0.5605737418091215,0.9258977914250541,0.3653240496159327,"Horvitz-Thompson(recency=20.0,delta=0.20)",HT,20.0,0.2,10,20,169,10000,,yes,0.035,0.9111475905555232
4650,0.47312131123624224,1.007238418713322,0.5341171074770799,"Horvitz-Thompson(recency=20.0,delta=0.20)",HT,20.0,0.2,10,20,169,10000,,yes,0.035,0.9111475905555232
4651,0.5653953144717465,1.0538460338616649,0.48845071938991835,"Horvitz-Thompson(recency=20.0,delta=0.20)",HT,20.0,0.2,10,20,169,10000,,yes,0.035,0.9111475905555232
4652,0.48650045775826434,1.1195889586120242,0.6330885008537599,"Horvitz-Thompson(recency=20.0,delta=0.20)",HT,20.0,0.2,10,20,169,10000,,yes,0.035,0.9111475905555232
4653,0.4447569601669112,1.0588090074513612,0.61405204728445,"Horvitz-Thompson(recency=20.0,delta=0.20)",HT,20.0,0.2,10,20,169,10000,,yes,0.035,0.9111475905555232
4654,0.49848995871006163,1.1096472697056092,0.6111573109955476,"Horvitz-Thompson(recency=20.0,delta=0.20)",HT,20.0,0.2,10,20,169,10000,,yes,0.035,0.9111475905555232
4655,0.4979032143422326,0.9909886288270602,0.49308541448482757,"Horvitz-Thompson(recency=20.0,delta=0.20)",HT,20.0,0.2,10,20,169,10000,,yes,0.035,0.9111475905555232
4656,0.5443127779277644,1.1160144045950608,0.5717016266672964,"Horvitz-Thompson(recency=20.0,delta=0.20)",HT,20.0,0.2,10,20,169,10000,,yes,0.035,0.9111475905555232
4657,0.49722307923776105,1.1256637049361187,0.6284406256983577,"Horvitz-Thompson(recency=20.0,delta=0.20)",HT,20.0,0.2,10,20,169,10000,,yes,0.035,0.9111475905555232
4658,0.5378051202910127,1.1131288551047227,0.57532373481371,"Horvitz-Thompson(recency=20.0,delta=0.20)",HT,20.0,0.2,10,20,169,10000,,yes,0.035,0.9111475905555232
4659,0.49298404512219873,1.064263577707132,0.5712795325849334,"Horvitz-Thompson(recency=20.0,delta=0.20)",HT,20.0,0.2,10,20,169,10000,,yes,0.035,0.9111475905555232
4660,0.5286796131553942,1.0798912286115707,0.5512116154561765,"Horvitz-Thompson(recency=20.0,delta=0.20)",HT,20.0,0.2,10,20,169,10000,,yes,0.035,0.9111475905555232
4661,0.5419130528691565,1.014695270049589,0.47278221718043256,"Horvitz-Thompson(recency=20.0,delta=0.20)",HT,20.0,0.2,10,20,169,10000,,yes,0.035,0.9111475905555232
4662,0.5310991856517817,0.9586557241735523,0.42755653852177056,"Horvitz-Thompson(recency=20.0,delta=0.20)",HT,20.0,0.2,10,20,169,10000,,yes,0.035,0.9111475905555232
4663,0.5114593351375454,0.9840846106453803,0.47262527550783495,"Horvitz-Thompson(recency=20.0,delta=0.20)",HT,20.0,0.2,10,20,169,10000,,yes,0.035,0.9111475905555232
4664,0.54835039201715,0.9634641960954927,0.41511380407834275,"Horvitz-Thompson(recency=20.0,delta=0.20)",HT,20.0,0.2,10,20,169,10000,,yes,0.035,0.9111475905555232
4665,0.5102588527823272,1.0175955365811726,0.5073366837988454,"Horvitz-Thompson(recency=20.0,delta=0.20)",HT,20.0,0.2,10,20,169,10000,,yes,0.035,0.9111475905555232
4666,0.570279172740517,1.0002235477420347,0.4299443750015177,"Horvitz-Thompson(recency=20.0,delta=0.20)",HT,20.0,0.2,10,20,169,10000,,yes,0.035,0.9111475905555232
4667,0.4524673953025526,1.1005690064724523,0.6481016111698996,"Horvitz-Thompson(recency=20.0,delta=0.20)",HT,20.0,0.2,10,20,169,10000,,yes,0.035,0.9111475905555232
4668,0.49758740985902833,1.0631077671599112,0.5655203573008829,"Horvitz-Thompson(recency=20.0,delta=0.20)",HT,20.0,0.2,10,20,169,10000,,yes,0.035,0.9111475905555232
4669,0.5075906702174863,1.0637714973496848,0.5561808271321985,"Horvitz-Thompson(recency=20.0,delta=0.20)",HT,20.0,0.2,10,20,169,10000,,yes,0.035,0.9111475905555232
4670,0.4780962931647821,1.1322189870962216,0.6541226939314395,"Horvitz-Thompson(recency=20.0,delta=0.20)",HT,20.0,0.2,10,20,169,10000,,yes,0.035,0.9111475905555232
4671,0.5337587071149139,0.9627481567983072,0.42898944968339325,"Horvitz-Thompson(recency=20.0,delta=0.20)",HT,20.0,0.2,10,20,169,10000,,yes,0.035,0.9111475905555232
4672,0.47044839075957495,1.2105820056057175,0.7401336148461426,"Horvitz-Thompson(recency=20.0,delta=0.20)",HT,20.0,0.2,10,20,169,10000,,yes,0.035,0.9111475905555232
4673,0.5117961622045375,1.1128567494041934,0.6010605871996559,"Horvitz-Thompson(recency=20.0,delta=0.20)",HT,20.0,0.2,10,20,169,10000,,yes,0.035,0.9111475905555232
4674,0.5446548383648969,0.9932268329197917,0.4485719945548948,"Horvitz-Thompson(recency=20.0,delta=0.20)",HT,20.0,0.2,10,20,169,10000,,yes,0.035,0.9111475905555232
4675,0.5003906886475975,1.2020556656679353,0.7016649770203378,"Horvitz-Thompson(recency=20.0,delta=0.20)",HT,20.0,0.2,10,20,169,10000,,yes,0.035,0.9111475905555232
4676,0.48880989573033984,1.0680417017782171,0.5792318060478773,"Horvitz-Thompson(recency=20.0,delta=0.20)",HT,20.0,0.2,10,20,169,10000,,yes,0.035,0.9111475905555232
4677,0.5309795697312215,1.0735757236587826,0.5425961539275611,"Horvitz-Thompson(recency=20.0,delta=0.20)",HT,20.0,0.2,10,20,169,10000,,yes,0.035,0.9111475905555232
4678,0.5884995819138513,0.949698157261693,0.3611985753478417,"Horvitz-Thompson(recency=20.0,delta=0.20)",HT,20.0,0.2,10,20,169,10000,,yes,0.035,0.9111475905555232
4679,0.4890364953664355,1.0571672674689838,0.5681307721025484,"Horvitz-Thompson(recency=20.0,delta=0.20)",HT,20.0,0.2,10,20,169,10000,,yes,0.035,0.9111475905555232
4680,0.5170750729621334,1.0505435079587222,0.5334684349965888,"Horvitz-Thompson(recency=20.0,delta=0.20)",HT,20.0,0.2,10,20,169,10000,,yes,0.035,0.9111475905555232
4681,0.5318391749682138,1.014587638302333,0.48274846333411914,"Horvitz-Thompson(recency=20.0,delta=0.20)",HT,20.0,0.2,10,20,169,10000,,yes,0.035,0.9111475905555232
4682,0.5073470977589627,0.9593436544828613,0.4519965567238986,"Horvitz-Thompson(recency=20.0,delta=0.20)",HT,20.0,0.2,10,20,169,10000,,yes,0.035,0.9111475905555232
4683,0.522540203660812,1.012462751722669,0.489922548061857,"Horvitz-Thompson(recency=20.0,delta=0.20)",HT,20.0,0.2,10,20,169,10000,,yes,0.035,0.9111475905555232
4684,0.5094634381067091,1.1135214757259013,0.6040580376191922,"Horvitz-Thompson(recency=20.0,delta=0.20)",HT,20.0,0.2,10,20,169,10000,,yes,0.035,0.9111475905555232
4685,0.5141971948267531,1.091623545892142,0.5774263510653889,"Horvitz-Thompson(recency=20.0,delta=0.20)",HT,20.0,0.2,10,20,169,10000,,yes,0.035,0.9111475905555232
4686,0.4943176835012548,1.1504986895864662,0.6561810060852113,"Horvitz-Thompson(recency=20.0,delta=0.20)",HT,20.0,0.2,10,20,169,10000,,yes,0.035,0.9111475905555232
4687,0.5091793375512259,1.194007088583225,0.6848277510319991,"Horvitz-Thompson(recency=20.0,delta=0.20)",HT,20.0,0.2,10,20,169,10000,,yes,0.035,0.9111475905555232
4688,0.5272286610798685,1.1532210197519837,0.6259923586721151,"Horvitz-Thompson(recency=20.0,delta=0.20)",HT,20.0,0.2,10,20,169,10000,,yes,0.035,0.9111475905555232
4689,0.49166665080884503,1.1489566477347446,0.6572899969258996,"Horvitz-Thompson(recency=20.0,delta=0.20)",HT,20.0,0.2,10,20,169,10000,,yes,0.035,0.9111475905555232
4690,0.4966350142023646,1.0867433958883985,0.590108381686034,"Horvitz-Thompson(recency=20.0,delta=0.20)",HT,20.0,0.2,10,20,169,10000,,yes,0.035,0.9111475905555232
4691,0.5238753795475322,1.018997584686847,0.49512220513931493,"Horvitz-Thompson(recency=20.0,delta=0.20)",HT,20.0,0.2,10,20,169,10000,,yes,0.035,0.9111475905555232
4692,0.5902679821764715,0.9362934068527918,0.34602542467632036,"Horvitz-Thompson(recency=20.0,delta=0.20)",HT,20.0,0.2,10,20,169,10000,,yes,0.035,0.9111475905555232
4693,0.5034478775496982,1.0946037942346274,0.5911559166849292,"Horvitz-Thompson(recency=20.0,delta=0.20)",HT,20.0,0.2,10,20,169,10000,,yes,0.035,0.9111475905555232
4694,0.49331691231465113,1.2117905131570523,0.7184736008424012,"Horvitz-Thompson(recency=20.0,delta=0.20)",HT,20.0,0.2,10,20,169,10000,,yes,0.035,0.9111475905555232
4695,0.5536965363002997,1.0196131946676523,0.46591665836735263,"Horvitz-Thompson(recency=20.0,delta=0.20)",HT,20.0,0.2,10,20,169,10000,,yes,0.035,0.9111475905555232
4696,0.5300472825660892,1.0071812665849056,0.47713398401881635,"Horvitz-Thompson(recency=20.0,delta=0.20)",HT,20.0,0.2,10,20,169,10000,,yes,0.035,0.9111475905555232
4697,0.5322348356017977,1.0620036996786135,0.5297688640768158,"Horvitz-Thompson(recency=20.0,delta=0.20)",HT,20.0,0.2,10,20,169,10000,,yes,0.035,0.9111475905555232
4698,0.5201365430663268,1.0335228910451304,0.5133863479788036,"Horvitz-Thompson(recency=20.0,delta=0.20)",HT,20.0,0.2,10,20,169,10000,,yes,0.035,0.9111475905555232
4699,0.5000118734830677,1.0443794721719153,0.5443675986888475,"Horvitz-Thompson(recency=20.0,delta=0.20)",HT,20.0,0.2,10,20,169,10000,,yes,0.035,0.9111475905555232
4700,0.5391936315038272,1.0049001853756,0.46570655387177295,"Horvitz-Thompson(recency=20.0,delta=0.20)",HT,20.0,0.2,10,20,169,10000,,yes,0.035,0.9111475905555232
4701,0.5662277802660335,0.9617479428440872,0.39552016257805367,"Horvitz-Thompson(recency=20.0,delta=0.20)",HT,20.0,0.2,10,20,169,10000,,yes,0.035,0.9111475905555232
4702,0.586314761172134,0.9386966656315808,0.35238190445944684,"Horvitz-Thompson(recency=20.0,delta=0.20)",HT,20.0,0.2,10,20,169,10000,,yes,0.035,0.9111475905555232
4703,0.5003271073830412,1.0990132487363575,0.5986861413533163,"Horvitz-Thompson(recency=20.0,delta=0.20)",HT,20.0,0.2,10,20,169,10000,,yes,0.035,0.9111475905555232
4704,0.5364049480075335,1.0730493472763631,0.5366443992688297,"Horvitz-Thompson(recency=20.0,delta=0.20)",HT,20.0,0.2,10,20,169,10000,,yes,0.035,0.9111475905555232
4705,0.4662925478879181,1.096378722206262,0.6300861743183439,"Horvitz-Thompson(recency=20.0,delta=0.20)",HT,20.0,0.2,10,20,169,10000,,yes,0.035,0.9111475905555232
4706,0.5356136964544247,0.9448410715364651,0.40922737508204043,"Horvitz-Thompson(recency=20.0,delta=0.20)",HT,20.0,0.2,10,20,169,10000,,yes,0.035,0.9111475905555232
4707,0.48173513427220194,1.0192146942484352,0.5374795599762333,"Horvitz-Thompson(recency=20.0,delta=0.20)",HT,20.0,0.2,10,20,169,10000,,yes,0.035,0.9111475905555232
4708,0.5700403112577215,0.9598336350197729,0.38979332376205145,"Horvitz-Thompson(recency=20.0,delta=0.20)",HT,20.0,0.2,10,20,169,10000,,yes,0.035,0.9111475905555232
4709,0.5063385120600333,1.1773002134487827,0.6709617013887493,"Horvitz-Thompson(recency=20.0,delta=0.20)",HT,20.0,0.2,10,20,169,10000,,yes,0.035,0.9111475905555232
4710,0.5616182418204235,1.0656526174028993,0.5040343755824758,"Horvitz-Thompson(recency=20.0,delta=0.20)",HT,20.0,0.2,10,20,169,10000,,yes,0.035,0.9111475905555232
4711,0.5253892314045476,0.9879353103888653,0.46254607898431765,"Horvitz-Thompson(recency=20.0,delta=0.20)",HT,20.0,0.2,10,20,169,10000,,yes,0.035,0.9111475905555232
4712,0.444980253904873,1.0826473867689723,0.6376671328640993,"Horvitz-Thompson(recency=20.0,delta=0.20)",HT,20.0,0.2,10,20,169,10000,,yes,0.035,0.9111475905555232
4713,0.47234767575993514,1.1942038340007677,0.7218561582408325,"Horvitz-Thompson(recency=20.0,delta=0.20)",HT,20.0,0.2,10,20,169,10000,,yes,0.035,0.9111475905555232
4714,0.5414219947364857,1.0527925541830494,0.5113705594465637,"Horvitz-Thompson(recency=20.0,delta=0.20)",HT,20.0,0.2,10,20,169,10000,,yes,0.035,0.9111475905555232
4715,0.45067230800272146,1.0973083436595803,0.6466360356568588,"Horvitz-Thompson(recency=20.0,delta=0.20)",HT,20.0,0.2,10,20,169,10000,,yes,0.035,0.9111475905555232
4716,0.4986517170966414,1.1505067264003657,0.6518550093037243,"Horvitz-Thompson(recency=20.0,delta=0.20)",HT,20.0,0.2,10,20,169,10000,,yes,0.035,0.9111475905555232
4717,0.5175774696033943,0.9952110924173294,0.47763362281393507,"Horvitz-Thompson(recency=20.0,delta=0.20)",HT,20.0,0.2,10,20,169,10000,,yes,0.035,0.9111475905555232
4718,0.46877072178110707,1.0271876767759989,0.5584169549948919,"Horvitz-Thompson(recency=20.0,delta=0.20)",HT,20.0,0.2,10,20,169,10000,,yes,0.035,0.9111475905555232
4719,0.4535703092061269,1.0803689373081116,0.6267986281019846,"Horvitz-Thompson(recency=20.0,delta=0.20)",HT,20.0,0.2,10,20,169,10000,,yes,0.035,0.9111475905555232
4720,0.5412207334452027,1.1651875517730297,0.623966818327827,"Horvitz-Thompson(recency=20.0,delta=0.20)",HT,20.0,0.2,10,20,169,10000,,yes,0.035,0.9111475905555232
4721,0.521761238727262,0.9614059122004786,0.43964467347321656,"Horvitz-Thompson(recency=20.0,delta=0.20)",HT,20.0,0.2,10,20,169,10000,,yes,0.035,0.9111475905555232
4722,0.5136205951683696,1.0229308352649493,0.5093102400965798,"Horvitz-Thompson(recency=20.0,delta=0.20)",HT,20.0,0.2,10,20,169,10000,,yes,0.035,0.9111475905555232
4723,0.45332192524746934,1.1603220053038477,0.7070000800563783,"Horvitz-Thompson(recency=20.0,delta=0.20)",HT,20.0,0.2,10,20,169,10000,,yes,0.035,0.9111475905555232
4724,0.5274928165436278,1.126040904010346,0.5985480874667183,"Horvitz-Thompson(recency=20.0,delta=0.20)",HT,20.0,0.2,10,20,169,10000,,yes,0.035,0.9111475905555232
4725,0.5061451506160063,1.0315681177081795,0.5254229670921732,"Horvitz-Thompson(recency=20.0,delta=0.20)",HT,20.0,0.2,10,20,169,10000,,yes,0.035,0.9111475905555232
4726,0.5429487027609244,1.1095974258600572,0.5666487230991327,"Horvitz-Thompson(recency=20.0,delta=0.20)",HT,20.0,0.2,10,20,169,10000,,yes,0.035,0.9111475905555232
4727,0.5082767046181497,1.1086184803717247,0.6003417757535751,"Horvitz-Thompson(recency=20.0,delta=0.20)",HT,20.0,0.2,10,20,169,10000,,yes,0.035,0.9111475905555232
4728,0.48442937962630334,1.1340429674226038,0.6496135877963005,"Horvitz-Thompson(recency=20.0,delta=0.20)",HT,20.0,0.2,10,20,169,10000,,yes,0.035,0.9111475905555232
4729,0.5410191437598336,1.0495643420425727,0.508545198282739,"Horvitz-Thompson(recency=20.0,delta=0.20)",HT,20.0,0.2,10,20,169,10000,,yes,0.035,0.9111475905555232
4730,0.47789145911523284,1.0542971028979318,0.576405643782699,"Horvitz-Thompson(recency=20.0,delta=0.20)",HT,20.0,0.2,10,20,169,10000,,yes,0.035,0.9111475905555232
4731,0.5382094189120962,0.9451768643213954,0.4069674454092992,"Horvitz-Thompson(recency=20.0,delta=0.20)",HT,20.0,0.2,10,20,169,10000,,yes,0.035,0.9111475905555232
4732,0.5157736999317986,1.0363905141765788,0.5206168142447802,"Horvitz-Thompson(recency=20.0,delta=0.20)",HT,20.0,0.2,10,20,169,10000,,yes,0.035,0.9111475905555232
4733,0.5398666181625107,1.0045897931742966,0.46472317501178595,"Horvitz-Thompson(recency=20.0,delta=0.20)",HT,20.0,0.2,10,20,169,10000,,yes,0.035,0.9111475905555232
4734,0.5380959263856016,1.0383478483973783,0.5002519220117767,"Horvitz-Thompson(recency=20.0,delta=0.20)",HT,20.0,0.2,10,20,169,10000,,yes,0.035,0.9111475905555232
4735,0.5378323073506772,1.059830276205488,0.5219979688548109,"Horvitz-Thompson(recency=20.0,delta=0.20)",HT,20.0,0.2,10,20,169,10000,,yes,0.035,0.9111475905555232
4736,0.575083530876985,1.0072343683011535,0.4321508374241685,"Horvitz-Thompson(recency=20.0,delta=0.20)",HT,20.0,0.2,10,20,169,10000,,yes,0.035,0.9111475905555232
4737,0.5147269380921597,1.0006745873542684,0.48594764926210865,"Horvitz-Thompson(recency=20.0,delta=0.20)",HT,20.0,0.2,10,20,169,10000,,yes,0.035,0.9111475905555232
4738,0.4832743930675686,1.0472169966435703,0.5639426035760017,"Horvitz-Thompson(recency=20.0,delta=0.20)",HT,20.0,0.2,10,20,169,10000,,yes,0.035,0.9111475905555232
4739,0.5122051552142579,0.9822732515152752,0.4700680963010173,"Horvitz-Thompson(recency=20.0,delta=0.20)",HT,20.0,0.2,10,20,169,10000,,yes,0.035,0.9111475905555232
4740,0.5243488045744694,1.1168177017603658,0.5924688971858963,"Horvitz-Thompson(recency=20.0,delta=0.20)",HT,20.0,0.2,10,20,169,10000,,yes,0.035,0.9111475905555232
4741,0.4895012773367989,1.014831062909491,0.5253297855726922,"Horvitz-Thompson(recency=20.0,delta=0.20)",HT,20.0,0.2,10,20,169,10000,,yes,0.035,0.9111475905555232
4742,0.5738010427468867,0.9110668077965083,0.3372657650496216,"Horvitz-Thompson(recency=20.0,delta=0.20)",HT,20.0,0.2,10,20,169,10000,,yes,0.035,0.9111475905555232
4743,0.5642034562782878,1.086860860126203,0.5226574038479153,"Horvitz-Thompson(recency=20.0,delta=0.20)",HT,20.0,0.2,10,20,169,10000,,yes,0.035,0.9111475905555232
4744,0.5610098293970912,1.08095809130772,0.5199482619106287,"Horvitz-Thompson(recency=20.0,delta=0.20)",HT,20.0,0.2,10,20,169,10000,,yes,0.035,0.9111475905555232
4745,0.538608678271393,1.0740240123059657,0.5354153340345726,"Horvitz-Thompson(recency=20.0,delta=0.20)",HT,20.0,0.2,10,20,169,10000,,yes,0.035,0.9111475905555232
4746,0.5066503111073835,1.0225075369461467,0.5158572258387633,"Horvitz-Thompson(recency=20.0,delta=0.20)",HT,20.0,0.2,10,20,169,10000,,yes,0.035,0.9111475905555232
4747,0.5259492553524255,1.1104750849742178,0.5845258296217922,"Horvitz-Thompson(recency=20.0,delta=0.20)",HT,20.0,0.2,10,20,169,10000,,yes,0.035,0.9111475905555232
4748,0.5134994955723264,1.0541225678416746,0.5406230722693481,"Horvitz-Thompson(recency=20.0,delta=0.20)",HT,20.0,0.2,10,20,169,10000,,yes,0.035,0.9111475905555232
4749,0.5144042281608214,1.0019703936883042,0.4875661655274828,"Horvitz-Thompson(recency=20.0,delta=0.20)",HT,20.0,0.2,10,20,169,10000,,yes,0.035,0.9111475905555232
4750,0.47519534844905026,1.0656629146421899,0.5904675661931396,"Horvitz-Thompson(recency=20.0,delta=0.20)",HT,20.0,0.2,10,20,169,10000,,yes,0.035,0.9111475905555232
4751,0.48942419283862393,1.092710654743871,0.603286461905247,"Horvitz-Thompson(recency=20.0,delta=0.20)",HT,20.0,0.2,10,20,169,10000,,yes,0.035,0.9111475905555232
4752,0.5291805303392632,1.1220606141876328,0.5928800838483697,"Horvitz-Thompson(recency=20.0,delta=0.20)",HT,20.0,0.2,10,20,169,10000,,yes,0.035,0.9111475905555232
4753,0.45813726258604526,1.1044718948924355,0.6463346323063902,"Horvitz-Thompson(recency=20.0,delta=0.20)",HT,20.0,0.2,10,20,169,10000,,yes,0.035,0.9111475905555232
4754,0.531450980440996,1.1097467180859157,0.5782957376449197,"Horvitz-Thompson(recency=20.0,delta=0.20)",HT,20.0,0.2,10,20,169,10000,,yes,0.035,0.9111475905555232
4755,0.5235137154613422,0.9834603058641826,0.45994659040284047,"Horvitz-Thompson(recency=20.0,delta=0.20)",HT,20.0,0.2,10,20,169,10000,,yes,0.035,0.9111475905555232
4756,0.546957722073096,1.0425144103759623,0.49555668830286626,"Horvitz-Thompson(recency=20.0,delta=0.20)",HT,20.0,0.2,10,20,169,10000,,yes,0.035,0.9111475905555232
4757,0.56950785601879,1.1098307647982515,0.5403229087794615,"Horvitz-Thompson(recency=20.0,delta=0.20)",HT,20.0,0.2,10,20,169,10000,,yes,0.035,0.9111475905555232
4758,0.4829241931414609,1.1283294249570424,0.6454052318155814,"Horvitz-Thompson(recency=20.0,delta=0.20)",HT,20.0,0.2,10,20,169,10000,,yes,0.035,0.9111475905555232
4759,0.5136620402794511,1.0660870338816681,0.5524249936022171,"Horvitz-Thompson(recency=20.0,delta=0.20)",HT,20.0,0.2,10,20,169,10000,,yes,0.035,0.9111475905555232
4760,0.5077922896322773,1.1037744579350606,0.5959821683027833,"Horvitz-Thompson(recency=20.0,delta=0.20)",HT,20.0,0.2,10,20,169,10000,,yes,0.035,0.9111475905555232
4761,0.5628102755028126,0.9563895484184562,0.39357927291564365,"Horvitz-Thompson(recency=20.0,delta=0.20)",HT,20.0,0.2,10,20,169,10000,,yes,0.035,0.9111475905555232
4762,0.5110554443580815,1.0806751547257465,0.569619710367665,"Horvitz-Thompson(recency=20.0,delta=0.20)",HT,20.0,0.2,10,20,169,10000,,yes,0.035,0.9111475905555232
4763,0.5364624366892832,1.0651152104506438,0.5286527737613607,"Horvitz-Thompson(recency=20.0,delta=0.20)",HT,20.0,0.2,10,20,169,10000,,yes,0.035,0.9111475905555232
4764,0.5321923875404386,1.0159695630342005,0.48377717549376187,"Horvitz-Thompson(recency=20.0,delta=0.20)",HT,20.0,0.2,10,20,169,10000,,yes,0.035,0.9111475905555232
4765,0.48395276039250584,1.0417224828903382,0.5577697224978324,"Horvitz-Thompson(recency=20.0,delta=0.20)",HT,20.0,0.2,10,20,169,10000,,yes,0.035,0.9111475905555232
4766,0.5174007836088859,1.02258141002304,0.5051806264141541,"Horvitz-Thompson(recency=20.0,delta=0.20)",HT,20.0,0.2,10,20,169,10000,,yes,0.035,0.9111475905555232
4767,0.4631561827501221,1.015988212844777,0.552832030094655,"Horvitz-Thompson(recency=20.0,delta=0.20)",HT,20.0,0.2,10,20,169,10000,,yes,0.035,0.9111475905555232
4768,0.4532941733749116,0.9986104907165974,0.5453163173416857,"Horvitz-Thompson(recency=20.0,delta=0.20)",HT,20.0,0.2,10,20,169,10000,,yes,0.035,0.9111475905555232
4769,0.5256093516339579,1.0253504500747368,0.49974109844077885,"Horvitz-Thompson(recency=20.0,delta=0.20)",HT,20.0,0.2,10,20,169,10000,,yes,0.035,0.9111475905555232
4770,0.5536307846919578,1.062755684901322,0.5091249002093642,"Horvitz-Thompson(recency=20.0,delta=0.20)",HT,20.0,0.2,10,20,169,10000,,yes,0.035,0.9111475905555232
4771,0.5374273179019317,1.0500744042494181,0.5126470863474865,"Horvitz-Thompson(recency=20.0,delta=0.20)",HT,20.0,0.2,10,20,169,10000,,yes,0.035,0.9111475905555232
4772,0.5322471896678109,0.974235986344087,0.4419887966762761,"Horvitz-Thompson(recency=20.0,delta=0.20)",HT,20.0,0.2,10,20,169,10000,,yes,0.035,0.9111475905555232
4773,0.48180480965598077,1.0736271428847495,0.5918223332287686,"Horvitz-Thompson(recency=20.0,delta=0.20)",HT,20.0,0.2,10,20,169,10000,,yes,0.035,0.9111475905555232
4774,0.5169820968977162,0.9561884755294611,0.43920637863174483,"Horvitz-Thompson(recency=20.0,delta=0.20)",HT,20.0,0.2,10,20,169,10000,,yes,0.035,0.9111475905555232
4775,0.5151662484867389,1.0458610841680904,0.5306948356813516,"Horvitz-Thompson(recency=20.0,delta=0.20)",HT,20.0,0.2,10,20,169,10000,,yes,0.035,0.9111475905555232
4776,0.5447058138761317,1.0831889630082516,0.5384831491321199,"Horvitz-Thompson(recency=20.0,delta=0.20)",HT,20.0,0.2,10,20,169,10000,,yes,0.035,0.9111475905555232
4777,0.49204235879208574,1.1995590311896378,0.7075166723975521,"Horvitz-Thompson(recency=20.0,delta=0.20)",HT,20.0,0.2,10,20,169,10000,,yes,0.035,0.9111475905555232
4778,0.5418228813796541,1.0318347748671761,0.49001189348752205,"Horvitz-Thompson(recency=20.0,delta=0.20)",HT,20.0,0.2,10,20,169,10000,,yes,0.035,0.9111475905555232
4779,0.5612091643537835,0.9837464896807251,0.42253732532694155,"Horvitz-Thompson(recency=20.0,delta=0.20)",HT,20.0,0.2,10,20,169,10000,,yes,0.035,0.9111475905555232
4780,0.5449549018366656,1.027781328295389,0.4828264264587233,"Horvitz-Thompson(recency=20.0,delta=0.20)",HT,20.0,0.2,10,20,169,10000,,yes,0.035,0.9111475905555232
4781,0.5624855839706121,1.0306188779309717,0.46813329396035963,"Horvitz-Thompson(recency=20.0,delta=0.20)",HT,20.0,0.2,10,20,169,10000,,yes,0.035,0.9111475905555232
4782,0.5081954628562867,1.0106040059848318,0.5024085431285451,"Horvitz-Thompson(recency=20.0,delta=0.20)",HT,20.0,0.2,10,20,169,10000,,yes,0.035,0.9111475905555232
4783,0.5091018542314925,1.0484251432757807,0.5393232890442883,"Horvitz-Thompson(recency=20.0,delta=0.20)",HT,20.0,0.2,10,20,169,10000,,yes,0.035,0.9111475905555232
4784,0.48389333268224927,1.0879559101035745,0.6040625774213253,"Horvitz-Thompson(recency=20.0,delta=0.20)",HT,20.0,0.2,10,20,169,10000,,yes,0.035,0.9111475905555232
4785,0.506528989960942,0.9486998240522612,0.4421708340913192,"Horvitz-Thompson(recency=20.0,delta=0.20)",HT,20.0,0.2,10,20,169,10000,,yes,0.035,0.9111475905555232
4786,0.505915237426419,1.0666773317938216,0.5607620943674027,"Horvitz-Thompson(recency=20.0,delta=0.20)",HT,20.0,0.2,10,20,169,10000,,yes,0.035,0.9111475905555232
4787,0.5003122136539824,1.0892378290429583,0.5889256153889759,"Horvitz-Thompson(recency=20.0,delta=0.20)",HT,20.0,0.2,10,20,169,10000,,yes,0.035,0.9111475905555232
4788,0.4891282044874125,1.123142062295107,0.6340138578076944,"Horvitz-Thompson(recency=20.0,delta=0.20)",HT,20.0,0.2,10,20,169,10000,,yes,0.035,0.9111475905555232
4789,0.514260814045454,1.0920706179811202,0.5778098039356662,"Horvitz-Thompson(recency=20.0,delta=0.20)",HT,20.0,0.2,10,20,169,10000,,yes,0.035,0.9111475905555232
4790,0.5275272281124008,1.050208884253619,0.5226816561412182,"Horvitz-Thompson(recency=20.0,delta=0.20)",HT,20.0,0.2,10,20,169,10000,,yes,0.035,0.9111475905555232
4791,0.49642477177601363,1.018290437208844,0.5218656654328303,"Horvitz-Thompson(recency=20.0,delta=0.20)",HT,20.0,0.2,10,20,169,10000,,yes,0.035,0.9111475905555232
4792,0.4779502645614508,1.1159821650947392,0.6380319005332884,"Horvitz-Thompson(recency=20.0,delta=0.20)",HT,20.0,0.2,10,20,169,10000,,yes,0.035,0.9111475905555232
4793,0.5149043448912513,1.113577802310131,0.5986734574188798,"Horvitz-Thompson(recency=20.0,delta=0.20)",HT,20.0,0.2,10,20,169,10000,,yes,0.035,0.9111475905555232
4794,0.5007478009006969,1.0507491174160803,0.5500013165153834,"Horvitz-Thompson(recency=20.0,delta=0.20)",HT,20.0,0.2,10,20,169,10000,,yes,0.035,0.9111475905555232
4795,0.476872987253756,1.0093688975371917,0.5324959102834357,"Horvitz-Thompson(recency=20.0,delta=0.20)",HT,20.0,0.2,10,20,169,10000,,yes,0.035,0.9111475905555232
4796,0.5337856275441034,1.0783230193126656,0.5445373917685622,"Horvitz-Thompson(recency=20.0,delta=0.20)",HT,20.0,0.2,10,20,169,10000,,yes,0.035,0.9111475905555232
4797,0.5308309544837144,1.1130756321836928,0.5822446776999783,"Horvitz-Thompson(recency=20.0,delta=0.20)",HT,20.0,0.2,10,20,169,10000,,yes,0.035,0.9111475905555232
4798,0.49703419633831936,1.0421501732681062,0.5451159769297869,"Horvitz-Thompson(recency=20.0,delta=0.20)",HT,20.0,0.2,10,20,169,10000,,yes,0.035,0.9111475905555232
4799,0.45486156263748817,1.1550357472138957,0.7001741845764076,"Horvitz-Thompson(recency=20.0,delta=0.20)",HT,20.0,0.2,10,20,169,10000,,yes,0.035,0.9111475905555232
4800,0.5330939215630092,1.0278007758420813,0.49470685427907213,"Horvitz-Thompson(recency=20.0,delta=0.20)",HT,20.0,0.2,10,20,169,10000,,yes,0.035,0.9111475905555232
4801,0.4785111379756522,1.0217626079736766,0.5432514699980244,"Horvitz-Thompson(recency=20.0,delta=0.20)",HT,20.0,0.2,10,20,169,10000,,yes,0.035,0.9111475905555232
4802,0.5116184318256851,1.0333697635533399,0.5217513317276548,"Horvitz-Thompson(recency=20.0,delta=0.20)",HT,20.0,0.2,10,20,169,10000,,yes,0.035,0.9111475905555232
4803,0.554650467136935,1.025310473308132,0.47066000617119697,"Horvitz-Thompson(recency=20.0,delta=0.20)",HT,20.0,0.2,10,20,169,10000,,yes,0.035,0.9111475905555232
4804,0.450531459323293,1.112804662530127,0.6622732032068341,"Horvitz-Thompson(recency=20.0,delta=0.20)",HT,20.0,0.2,10,20,169,10000,,yes,0.035,0.9111475905555232
4805,0.5063354378980109,1.0481574266160274,0.5418219887180165,"Horvitz-Thompson(recency=20.0,delta=0.20)",HT,20.0,0.2,10,20,169,10000,,yes,0.035,0.9111475905555232
4806,0.5116439524281804,1.0447915353157275,0.5331475828875472,"Horvitz-Thompson(recency=20.0,delta=0.20)",HT,20.0,0.2,10,20,169,10000,,yes,0.035,0.9111475905555232
4807,0.4866372746331962,1.1802618512890335,0.6936245766558373,"Horvitz-Thompson(recency=20.0,delta=0.20)",HT,20.0,0.2,10,20,169,10000,,yes,0.035,0.9111475905555232
4808,0.4908088334262321,1.0610905472009848,0.5702817137747527,"Horvitz-Thompson(recency=20.0,delta=0.20)",HT,20.0,0.2,10,20,169,10000,,yes,0.035,0.9111475905555232
4809,0.5699784000719614,1.0304902027327136,0.4605118026607522,"Horvitz-Thompson(recency=20.0,delta=0.20)",HT,20.0,0.2,10,20,169,10000,,yes,0.035,0.9111475905555232
4810,0.5385675678619961,1.0605286772245366,0.5219611093625405,"Horvitz-Thompson(recency=20.0,delta=0.20)",HT,20.0,0.2,10,20,169,10000,,yes,0.035,0.9111475905555232
4811,0.5417351282872485,1.0336766788447092,0.4919415505574607,"Horvitz-Thompson(recency=20.0,delta=0.20)",HT,20.0,0.2,10,20,169,10000,,yes,0.035,0.9111475905555232
4812,0.5046993261049149,1.0463212155052692,0.5416218894003544,"Horvitz-Thompson(recency=20.0,delta=0.20)",HT,20.0,0.2,10,20,169,10000,,yes,0.035,0.9111475905555232
4813,0.5140318765922197,1.0352439591376155,0.5212120825453957,"Horvitz-Thompson(recency=20.0,delta=0.20)",HT,20.0,0.2,10,20,169,10000,,yes,0.035,0.9111475905555232
4814,0.5165875578046286,1.0825596212050559,0.5659720634004273,"Horvitz-Thompson(recency=20.0,delta=0.20)",HT,20.0,0.2,10,20,169,10000,,yes,0.035,0.9111475905555232
4815,0.5018134289725487,1.0341188163740322,0.5323053874014836,"Horvitz-Thompson(recency=20.0,delta=0.20)",HT,20.0,0.2,10,20,169,10000,,yes,0.035,0.9111475905555232
4816,0.5644187710402732,0.917696622133196,0.35327785109292287,"Horvitz-Thompson(recency=20.0,delta=0.20)",HT,20.0,0.2,10,20,169,10000,,yes,0.035,0.9111475905555232
4817,0.5725151963454422,0.9643117841081051,0.3917965877626629,"Horvitz-Thompson(recency=20.0,delta=0.20)",HT,20.0,0.2,10,20,169,10000,,yes,0.035,0.9111475905555232
4818,0.4670249445674493,0.9460938735654957,0.4790689289980464,"Horvitz-Thompson(recency=20.0,delta=0.20)",HT,20.0,0.2,10,20,169,10000,,yes,0.035,0.9111475905555232
4819,0.5379464073623657,1.0463072178920154,0.5083608105296498,"Horvitz-Thompson(recency=20.0,delta=0.20)",HT,20.0,0.2,10,20,169,10000,,yes,0.035,0.9111475905555232
4820,0.567482775051264,0.9751481935926898,0.4076654185414258,"Horvitz-Thompson(recency=20.0,delta=0.20)",HT,20.0,0.2,10,20,169,10000,,yes,0.035,0.9111475905555232
4821,0.4458807208615647,1.0303057552791683,0.5844250344176036,"Horvitz-Thompson(recency=20.0,delta=0.20)",HT,20.0,0.2,10,20,169,10000,,yes,0.035,0.9111475905555232
4822,0.4712262271027294,1.1631202947134218,0.6918940676106924,"Horvitz-Thompson(recency=20.0,delta=0.20)",HT,20.0,0.2,10,20,169,10000,,yes,0.035,0.9111475905555232
4823,0.4981545550690996,1.217222604877104,0.7190680498080044,"Horvitz-Thompson(recency=20.0,delta=0.20)",HT,20.0,0.2,10,20,169,10000,,yes,0.035,0.9111475905555232
4824,0.5539882027967317,1.003730887112458,0.4497426843157263,"Horvitz-Thompson(recency=20.0,delta=0.20)",HT,20.0,0.2,10,20,169,10000,,yes,0.035,0.9111475905555232
4825,0.4845044842038227,1.0072165387371061,0.5227120545332835,"Horvitz-Thompson(recency=20.0,delta=0.20)",HT,20.0,0.2,10,20,169,10000,,yes,0.035,0.9111475905555232
4826,0.5676980666456128,0.8884609749409426,0.3207629082953297,"Horvitz-Thompson(recency=20.0,delta=0.20)",HT,20.0,0.2,10,20,169,10000,,yes,0.035,0.9111475905555232
4827,0.5349083540032776,1.1000466507647153,0.5651382967614377,"Horvitz-Thompson(recency=20.0,delta=0.20)",HT,20.0,0.2,10,20,169,10000,,yes,0.035,0.9111475905555232
4828,0.5322394885895798,1.0232617710867038,0.491022282497124,"Horvitz-Thompson(recency=20.0,delta=0.20)",HT,20.0,0.2,10,20,169,10000,,yes,0.035,0.9111475905555232
4829,0.5581526377313806,1.065154011809141,0.5070013740777604,"Horvitz-Thompson(recency=20.0,delta=0.20)",HT,20.0,0.2,10,20,169,10000,,yes,0.035,0.9111475905555232
4830,0.5444719002411759,0.9655524339973413,0.4210805337561654,"Horvitz-Thompson(recency=20.0,delta=0.20)",HT,20.0,0.2,10,20,169,10000,,yes,0.035,0.9111475905555232
4831,0.4759807481912142,1.0652297513955793,0.5892490032043651,"Horvitz-Thompson(recency=20.0,delta=0.20)",HT,20.0,0.2,10,20,169,10000,,yes,0.035,0.9111475905555232
4832,0.5008964893270615,0.9982741880994668,0.49737769877240523,"Horvitz-Thompson(recency=20.0,delta=0.20)",HT,20.0,0.2,10,20,169,10000,,yes,0.035,0.9111475905555232
4833,0.5112062781481888,1.1895875193457592,0.6783812411975705,"Horvitz-Thompson(recency=20.0,delta=0.20)",HT,20.0,0.2,10,20,169,10000,,yes,0.035,0.9111475905555232
4834,0.5527753664233551,1.052263435004811,0.4994880685814559,"Horvitz-Thompson(recency=20.0,delta=0.20)",HT,20.0,0.2,10,20,169,10000,,yes,0.035,0.9111475905555232
4835,0.49312884413295655,1.044368445504814,0.5512396013718573,"Horvitz-Thompson(recency=20.0,delta=0.20)",HT,20.0,0.2,10,20,169,10000,,yes,0.035,0.9111475905555232
4836,0.5596906066120004,0.9301371718229616,0.3704465652109612,"Horvitz-Thompson(recency=20.0,delta=0.20)",HT,20.0,0.2,10,20,169,10000,,yes,0.035,0.9111475905555232
4837,0.5016755390656642,1.0328161808697893,0.5311406418041251,"Horvitz-Thompson(recency=20.0,delta=0.20)",HT,20.0,0.2,10,20,169,10000,,yes,0.035,0.9111475905555232
4838,0.555307243816938,1.0638173533269382,0.5085101095100002,"Horvitz-Thompson(recency=20.0,delta=0.20)",HT,20.0,0.2,10,20,169,10000,,yes,0.035,0.9111475905555232
4839,0.48813996086671146,0.9575468522568318,0.4694068913901203,"Horvitz-Thompson(recency=20.0,delta=0.20)",HT,20.0,0.2,10,20,169,10000,,yes,0.035,0.9111475905555232
4840,0.4936195629632418,1.0024552855530877,0.5088357225898459,"Horvitz-Thompson(recency=20.0,delta=0.20)",HT,20.0,0.2,10,20,169,10000,,yes,0.035,0.9111475905555232
4841,0.5257248918199346,1.022672199737208,0.49694730791727326,"Horvitz-Thompson(recency=20.0,delta=0.20)",HT,20.0,0.2,10,20,169,10000,,yes,0.035,0.9111475905555232
4842,0.43149809574850556,1.1464617540960338,0.7149636583475283,"Horvitz-Thompson(recency=20.0,delta=0.20)",HT,20.0,0.2,10,20,169,10000,,yes,0.035,0.9111475905555232
4843,0.5347115167591143,0.9493352941651012,0.4146237774059869,"Horvitz-Thompson(recency=20.0,delta=0.20)",HT,20.0,0.2,10,20,169,10000,,yes,0.035,0.9111475905555232
4844,0.5672694554191476,1.0725948865290302,0.5053254311098826,"Horvitz-Thompson(recency=20.0,delta=0.20)",HT,20.0,0.2,10,20,169,10000,,yes,0.035,0.9111475905555232
4845,0.5135216741700304,1.0229240867386737,0.5094024125686434,"Horvitz-Thompson(recency=20.0,delta=0.20)",HT,20.0,0.2,10,20,169,10000,,yes,0.035,0.9111475905555232
4846,0.5280217531738838,0.9345315720848498,0.40650981891096605,"Horvitz-Thompson(recency=20.0,delta=0.20)",HT,20.0,0.2,10,20,169,10000,,yes,0.035,0.9111475905555232
4847,0.49872090556435544,1.1069294738819762,0.6082085683176207,"Horvitz-Thompson(recency=20.0,delta=0.20)",HT,20.0,0.2,10,20,169,10000,,yes,0.035,0.9111475905555232
4848,0.5489903480568453,0.9579671153729673,0.408976767316122,"Horvitz-Thompson(recency=20.0,delta=0.20)",HT,20.0,0.2,10,20,169,10000,,yes,0.035,0.9111475905555232
4849,0.5254613537726701,1.0155716830852124,0.4901103293125423,"Horvitz-Thompson(recency=20.0,delta=0.20)",HT,20.0,0.2,10,20,169,10000,,yes,0.035,0.9111475905555232
4850,0.48768524334572216,1.1650083480029056,0.6773231046571835,"Horvitz-Thompson(recency=20.0,delta=0.20)",HT,20.0,0.2,10,20,169,10000,,yes,0.035,0.9111475905555232
4851,0.5175689536636118,1.0619465549935203,0.5443776013299085,"Horvitz-Thompson(recency=20.0,delta=0.20)",HT,20.0,0.2,10,20,169,10000,,yes,0.035,0.9111475905555232
4852,0.50367737181876,1.1565005989321886,0.6528232271134286,"Horvitz-Thompson(recency=20.0,delta=0.20)",HT,20.0,0.2,10,20,169,10000,,yes,0.035,0.9111475905555232
4853,0.5247428652797116,0.9972080458127738,0.4724651805330622,"Horvitz-Thompson(recency=20.0,delta=0.20)",HT,20.0,0.2,10,20,169,10000,,yes,0.035,0.9111475905555232
4854,0.5579628285892618,0.855608001486963,0.2976451728977012,"Horvitz-Thompson(recency=20.0,delta=0.20)",HT,20.0,0.2,10,20,169,10000,,yes,0.035,0.9111475905555232
4855,0.5444234351422731,1.0193235002412206,0.47490006509894755,"Horvitz-Thompson(recency=20.0,delta=0.20)",HT,20.0,0.2,10,20,169,10000,,yes,0.035,0.9111475905555232
4856,0.5210616565143151,1.1621204575177115,0.6410588010033964,"Horvitz-Thompson(recency=20.0,delta=0.20)",HT,20.0,0.2,10,20,169,10000,,yes,0.035,0.9111475905555232
4857,0.48092585522861686,1.2296756073736965,0.7487497521450797,"Horvitz-Thompson(recency=20.0,delta=0.20)",HT,20.0,0.2,10,20,169,10000,,yes,0.035,0.9111475905555232
4858,0.5047046020935172,1.1218864250624918,0.6171818229689746,"Horvitz-Thompson(recency=20.0,delta=0.20)",HT,20.0,0.2,10,20,169,10000,,yes,0.035,0.9111475905555232
4859,0.5394627010387408,1.088160071311673,0.5486973702729322,"Horvitz-Thompson(recency=20.0,delta=0.20)",HT,20.0,0.2,10,20,169,10000,,yes,0.035,0.9111475905555232
4860,0.5001523459762215,0.9925635180256619,0.4924111720494404,"Horvitz-Thompson(recency=20.0,delta=0.20)",HT,20.0,0.2,10,20,169,10000,,yes,0.035,0.9111475905555232
4861,0.4776098796908613,1.1365005732896623,0.6588906935988009,"Horvitz-Thompson(recency=20.0,delta=0.20)",HT,20.0,0.2,10,20,169,10000,,yes,0.035,0.9111475905555232
4862,0.48816382338780995,1.0722552410177129,0.5840914176299029,"Horvitz-Thompson(recency=20.0,delta=0.20)",HT,20.0,0.2,10,20,169,10000,,yes,0.035,0.9111475905555232
4863,0.5368464561862925,0.9388291403636732,0.4019826841773807,"Horvitz-Thompson(recency=20.0,delta=0.20)",HT,20.0,0.2,10,20,169,10000,,yes,0.035,0.9111475905555232
4864,0.4858164030428115,1.115423212982881,0.6296068099400695,"Horvitz-Thompson(recency=20.0,delta=0.20)",HT,20.0,0.2,10,20,169,10000,,yes,0.035,0.9111475905555232
4865,0.47777612363535527,0.9999700247452672,0.5221939011099119,"Horvitz-Thompson(recency=20.0,delta=0.20)",HT,20.0,0.2,10,20,169,10000,,yes,0.035,0.9111475905555232
4866,0.48094578145585526,1.1538004491773637,0.6728546677215084,"Horvitz-Thompson(recency=20.0,delta=0.20)",HT,20.0,0.2,10,20,169,10000,,yes,0.035,0.9111475905555232
4867,0.4408530742016117,1.0953669103858266,0.6545138361842149,"Horvitz-Thompson(recency=20.0,delta=0.20)",HT,20.0,0.2,10,20,169,10000,,yes,0.035,0.9111475905555232
4868,0.46452390073329325,1.1453818691724118,0.6808579684391185,"Horvitz-Thompson(recency=20.0,delta=0.20)",HT,20.0,0.2,10,20,169,10000,,yes,0.035,0.9111475905555232
4869,0.4860745948793705,1.0520301052317207,0.5659555103523501,"Horvitz-Thompson(recency=20.0,delta=0.20)",HT,20.0,0.2,10,20,169,10000,,yes,0.035,0.9111475905555232
4870,0.5262461248292717,1.0015811860421615,0.4753350612128898,"Horvitz-Thompson(recency=20.0,delta=0.20)",HT,20.0,0.2,10,20,169,10000,,yes,0.035,0.9111475905555232
4871,0.529187900933011,0.9943733435170647,0.4651854425840537,"Horvitz-Thompson(recency=20.0,delta=0.20)",HT,20.0,0.2,10,20,169,10000,,yes,0.035,0.9111475905555232
4872,0.5603306520288662,1.0614486764415403,0.5011180244126741,"Horvitz-Thompson(recency=20.0,delta=0.20)",HT,20.0,0.2,10,20,169,10000,,yes,0.035,0.9111475905555232
4873,0.5463639189022629,1.0144221022966144,0.46805818339435157,"Horvitz-Thompson(recency=20.0,delta=0.20)",HT,20.0,0.2,10,20,169,10000,,yes,0.035,0.9111475905555232
4874,0.536374347785308,1.0232325517636314,0.48685820397832336,"Horvitz-Thompson(recency=20.0,delta=0.20)",HT,20.0,0.2,10,20,169,10000,,yes,0.035,0.9111475905555232
4875,0.49578807598346103,1.025570641118074,0.5297825651346131,"Horvitz-Thompson(recency=20.0,delta=0.20)",HT,20.0,0.2,10,20,169,10000,,yes,0.035,0.9111475905555232
4876,0.5448979609980305,0.9040018072078312,0.35910384620980074,"Horvitz-Thompson(recency=20.0,delta=0.20)",HT,20.0,0.2,10,20,169,10000,,yes,0.035,0.9111475905555232
4877,0.5249937740050997,1.0976824949778774,0.5726887209727777,"Horvitz-Thompson(recency=20.0,delta=0.20)",HT,20.0,0.2,10,20,169,10000,,yes,0.035,0.9111475905555232
4878,0.5282905337650253,0.9766259376148902,0.4483354038498649,"Horvitz-Thompson(recency=20.0,delta=0.20)",HT,20.0,0.2,10,20,169,10000,,yes,0.035,0.9111475905555232
4879,0.524966849934875,0.9706133414941303,0.4456464915592553,"Horvitz-Thompson(recency=20.0,delta=0.20)",HT,20.0,0.2,10,20,169,10000,,yes,0.035,0.9111475905555232
4880,0.47114436174702345,1.0563546806191653,0.5852103188721418,"Horvitz-Thompson(recency=20.0,delta=0.20)",HT,20.0,0.2,10,20,169,10000,,yes,0.035,0.9111475905555232
4881,0.5284477996416833,0.9991869163622041,0.4707391167205208,"Horvitz-Thompson(recency=20.0,delta=0.20)",HT,20.0,0.2,10,20,169,10000,,yes,0.035,0.9111475905555232
4882,0.4780213894536287,1.0808468159671765,0.6028254265135478,"Horvitz-Thompson(recency=20.0,delta=0.20)",HT,20.0,0.2,10,20,169,10000,,yes,0.035,0.9111475905555232
4883,0.4548493996840038,1.0479556564392323,0.5931062567552285,"Horvitz-Thompson(recency=20.0,delta=0.20)",HT,20.0,0.2,10,20,169,10000,,yes,0.035,0.9111475905555232
4884,0.4929173696322853,1.0233975240119935,0.5304801543797082,"Horvitz-Thompson(recency=20.0,delta=0.20)",HT,20.0,0.2,10,20,169,10000,,yes,0.035,0.9111475905555232
4885,0.539817438045649,1.0446466354903299,0.5048291974446809,"Horvitz-Thompson(recency=20.0,delta=0.20)",HT,20.0,0.2,10,20,169,10000,,yes,0.035,0.9111475905555232
4886,0.5243288551749399,1.0749685828371751,0.5506397276622352,"Horvitz-Thompson(recency=20.0,delta=0.20)",HT,20.0,0.2,10,20,169,10000,,yes,0.035,0.9111475905555232
4887,0.49211657048096796,1.0091345836447452,0.5170180131637772,"Horvitz-Thompson(recency=20.0,delta=0.20)",HT,20.0,0.2,10,20,169,10000,,yes,0.035,0.9111475905555232
4888,0.47080329515687197,1.1363159610133355,0.6655126658564636,"Horvitz-Thompson(recency=20.0,delta=0.20)",HT,20.0,0.2,10,20,169,10000,,yes,0.035,0.9111475905555232
4889,0.500815530708529,1.0319274309435273,0.5311119002349983,"Horvitz-Thompson(recency=20.0,delta=0.20)",HT,20.0,0.2,10,20,169,10000,,yes,0.035,0.9111475905555232
4890,0.5358616879118272,0.9935083550173723,0.45764666710554514,"Horvitz-Thompson(recency=20.0,delta=0.20)",HT,20.0,0.2,10,20,169,10000,,yes,0.035,0.9111475905555232
4891,0.5231464625402994,1.1369970722018254,0.613850609661526,"Horvitz-Thompson(recency=20.0,delta=0.20)",HT,20.0,0.2,10,20,169,10000,,yes,0.035,0.9111475905555232
4892,0.5238257306076846,1.1375208978527926,0.6136951672451081,"Horvitz-Thompson(recency=20.0,delta=0.20)",HT,20.0,0.2,10,20,169,10000,,yes,0.035,0.9111475905555232
4893,0.4995702470313079,1.0379795828701353,0.5384093358388273,"Horvitz-Thompson(recency=20.0,delta=0.20)",HT,20.0,0.2,10,20,169,10000,,yes,0.035,0.9111475905555232
4894,0.537199151837417,1.058567651460878,0.521368499623461,"Horvitz-Thompson(recency=20.0,delta=0.20)",HT,20.0,0.2,10,20,169,10000,,yes,0.035,0.9111475905555232
4895,0.496501395699342,1.0602035261937002,0.5637021304943581,"Horvitz-Thompson(recency=20.0,delta=0.20)",HT,20.0,0.2,10,20,169,10000,,yes,0.035,0.9111475905555232
4896,0.5249986929780402,1.0753345485127273,0.550335855534687,"Horvitz-Thompson(recency=20.0,delta=0.20)",HT,20.0,0.2,10,20,169,10000,,yes,0.035,0.9111475905555232
4897,0.5584942950921551,1.004798053033483,0.4463037579413279,"Horvitz-Thompson(recency=20.0,delta=0.20)",HT,20.0,0.2,10,20,169,10000,,yes,0.035,0.9111475905555232
4898,0.44246773347805585,1.0771445706637481,0.6346768371856923,"Horvitz-Thompson(recency=20.0,delta=0.20)",HT,20.0,0.2,10,20,169,10000,,yes,0.035,0.9111475905555232
4899,0.5009105614637581,1.0547877202878593,0.5538771588241012,"Horvitz-Thompson(recency=20.0,delta=0.20)",HT,20.0,0.2,10,20,169,10000,,yes,0.035,0.9111475905555232
4900,0.5455475775800479,1.1056541886513014,0.5601066110712535,"Horvitz-Thompson(recency=20.0,delta=0.20)",HT,20.0,0.2,10,20,169,10000,,yes,0.035,0.9111475905555232
4901,0.5401991026634867,0.9796668457165325,0.4394677430530458,"Horvitz-Thompson(recency=20.0,delta=0.20)",HT,20.0,0.2,10,20,169,10000,,yes,0.035,0.9111475905555232
4902,0.4471776323644318,1.073051126492494,0.6258734941280621,"Horvitz-Thompson(recency=20.0,delta=0.20)",HT,20.0,0.2,10,20,169,10000,,yes,0.035,0.9111475905555232
4903,0.5150164366598097,1.0409253294555294,0.5259088927957197,"Horvitz-Thompson(recency=20.0,delta=0.20)",HT,20.0,0.2,10,20,169,10000,,yes,0.035,0.9111475905555232
4904,0.5233295162383157,1.0606803633353186,0.5373508470970029,"Horvitz-Thompson(recency=20.0,delta=0.20)",HT,20.0,0.2,10,20,169,10000,,yes,0.035,0.9111475905555232
4905,0.49362946911670036,1.072551017281787,0.5789215481650866,"Horvitz-Thompson(recency=20.0,delta=0.20)",HT,20.0,0.2,10,20,169,10000,,yes,0.035,0.9111475905555232
4906,0.4704640029143173,1.0506420630802513,0.5801780601659341,"Horvitz-Thompson(recency=20.0,delta=0.20)",HT,20.0,0.2,10,20,169,10000,,yes,0.035,0.9111475905555232
4907,0.49914947268181287,1.1016185197061807,0.6024690470243679,"Horvitz-Thompson(recency=20.0,delta=0.20)",HT,20.0,0.2,10,20,169,10000,,yes,0.035,0.9111475905555232
4908,0.49127833493911327,1.0093581441866393,0.5180798092475261,"Horvitz-Thompson(recency=20.0,delta=0.20)",HT,20.0,0.2,10,20,169,10000,,yes,0.035,0.9111475905555232
4909,0.4989217206043265,1.0399847948999916,0.5410630742956651,"Horvitz-Thompson(recency=20.0,delta=0.20)",HT,20.0,0.2,10,20,169,10000,,yes,0.035,0.9111475905555232
4910,0.43789874756259484,1.0592404992026911,0.6213417516400963,"Horvitz-Thompson(recency=20.0,delta=0.20)",HT,20.0,0.2,10,20,169,10000,,yes,0.035,0.9111475905555232
4911,0.4934215296073651,1.0880126166890072,0.5945910870816421,"Horvitz-Thompson(recency=20.0,delta=0.20)",HT,20.0,0.2,10,20,169,10000,,yes,0.035,0.9111475905555232
4912,0.5516475916301731,1.0593080867022975,0.5076604950721244,"Horvitz-Thompson(recency=20.0,delta=0.20)",HT,20.0,0.2,10,20,169,10000,,yes,0.035,0.9111475905555232
4913,0.5684178095982091,1.0015613879531777,0.43314357835496864,"Horvitz-Thompson(recency=20.0,delta=0.20)",HT,20.0,0.2,10,20,169,10000,,yes,0.035,0.9111475905555232
4914,0.5086741199707209,1.069577039044763,0.5609029190740421,"Horvitz-Thompson(recency=20.0,delta=0.20)",HT,20.0,0.2,10,20,169,10000,,yes,0.035,0.9111475905555232
4915,0.5130441444226373,1.142568729300536,0.6295245848778986,"Horvitz-Thompson(recency=20.0,delta=0.20)",HT,20.0,0.2,10,20,169,10000,,yes,0.035,0.9111475905555232
4916,0.5541539933623141,1.0694266896307485,0.5152726962684344,"Horvitz-Thompson(recency=20.0,delta=0.20)",HT,20.0,0.2,10,20,169,10000,,yes,0.035,0.9111475905555232
4917,0.5085687504122877,1.122726109857194,0.6141573594449062,"Horvitz-Thompson(recency=20.0,delta=0.20)",HT,20.0,0.2,10,20,169,10000,,yes,0.035,0.9111475905555232
4918,0.488007150646788,1.0290119397537008,0.5410047891069127,"Horvitz-Thompson(recency=20.0,delta=0.20)",HT,20.0,0.2,10,20,169,10000,,yes,0.035,0.9111475905555232
4919,0.561029909878516,1.0275114462509602,0.46648153637244427,"Horvitz-Thompson(recency=20.0,delta=0.20)",HT,20.0,0.2,10,20,169,10000,,yes,0.035,0.9111475905555232
4920,0.43565487559043814,1.2066511512054787,0.7709962756150406,"Horvitz-Thompson(recency=20.0,delta=0.20)",HT,20.0,0.2,10,20,169,10000,,yes,0.035,0.9111475905555232
4921,0.4953389327865722,1.1261592578807578,0.6308203250941855,"Horvitz-Thompson(recency=20.0,delta=0.20)",HT,20.0,0.2,10,20,169,10000,,yes,0.035,0.9111475905555232
4922,0.432352706853626,1.0919580847935761,0.6596053779399502,"Horvitz-Thompson(recency=20.0,delta=0.20)",HT,20.0,0.2,10,20,169,10000,,yes,0.035,0.9111475905555232
4923,0.5218898228001696,1.073277018664082,0.5513871958639125,"Horvitz-Thompson(recency=20.0,delta=0.20)",HT,20.0,0.2,10,20,169,10000,,yes,0.035,0.9111475905555232
4924,0.46995004600639484,1.1917538155734866,0.7218037695670918,"Horvitz-Thompson(recency=20.0,delta=0.20)",HT,20.0,0.2,10,20,169,10000,,yes,0.035,0.9111475905555232
4925,0.5086718961784343,1.0542242008316902,0.5455523046532559,"Horvitz-Thompson(recency=20.0,delta=0.20)",HT,20.0,0.2,10,20,169,10000,,yes,0.035,0.9111475905555232
4926,0.5259126353240504,1.091522075533002,0.5656094402089515,"Horvitz-Thompson(recency=20.0,delta=0.20)",HT,20.0,0.2,10,20,169,10000,,yes,0.035,0.9111475905555232
4927,0.5340267968492464,0.9337101175318968,0.39968332068265044,"Horvitz-Thompson(recency=20.0,delta=0.20)",HT,20.0,0.2,10,20,169,10000,,yes,0.035,0.9111475905555232
4928,0.5846752638573005,0.988443907042263,0.40376864318496253,"Horvitz-Thompson(recency=20.0,delta=0.20)",HT,20.0,0.2,10,20,169,10000,,yes,0.035,0.9111475905555232
4929,0.5061607136147186,1.0817462681067826,0.575585554492064,"Horvitz-Thompson(recency=20.0,delta=0.20)",HT,20.0,0.2,10,20,169,10000,,yes,0.035,0.9111475905555232
4930,0.5392298607783101,1.1132007997114453,0.5739709389331351,"Horvitz-Thompson(recency=20.0,delta=0.20)",HT,20.0,0.2,10,20,169,10000,,yes,0.035,0.9111475905555232
4931,0.5149093016219993,1.0186185840587652,0.5037092824367658,"Horvitz-Thompson(recency=20.0,delta=0.20)",HT,20.0,0.2,10,20,169,10000,,yes,0.035,0.9111475905555232
4932,0.506870203888738,1.0761664801008854,0.5692962762121474,"Horvitz-Thompson(recency=20.0,delta=0.20)",HT,20.0,0.2,10,20,169,10000,,yes,0.035,0.9111475905555232
4933,0.513038211817743,1.050233803999866,0.537195592182123,"Horvitz-Thompson(recency=20.0,delta=0.20)",HT,20.0,0.2,10,20,169,10000,,yes,0.035,0.9111475905555232
4934,0.51490540420135,1.1528048131141282,0.6378994089127782,"Horvitz-Thompson(recency=20.0,delta=0.20)",HT,20.0,0.2,10,20,169,10000,,yes,0.035,0.9111475905555232
4935,0.5250435657471616,0.9943889902394896,0.46934542449232797,"Horvitz-Thompson(recency=20.0,delta=0.20)",HT,20.0,0.2,10,20,169,10000,,yes,0.035,0.9111475905555232
4936,0.47374851334434237,1.042524610902804,0.5687760975584615,"Horvitz-Thompson(recency=20.0,delta=0.20)",HT,20.0,0.2,10,20,169,10000,,yes,0.035,0.9111475905555232
4937,0.49534462396993684,1.019249960308458,0.5239053363385211,"Horvitz-Thompson(recency=20.0,delta=0.20)",HT,20.0,0.2,10,20,169,10000,,yes,0.035,0.9111475905555232
4938,0.5727783360731094,1.0201318854387513,0.447353549365642,"Horvitz-Thompson(recency=20.0,delta=0.20)",HT,20.0,0.2,10,20,169,10000,,yes,0.035,0.9111475905555232
4939,0.49985161568715825,1.0936434784700297,0.5937918627828715,"Horvitz-Thompson(recency=20.0,delta=0.20)",HT,20.0,0.2,10,20,169,10000,,yes,0.035,0.9111475905555232
4940,0.5436018674526835,1.0530958297669835,0.5094939623143,"Horvitz-Thompson(recency=20.0,delta=0.20)",HT,20.0,0.2,10,20,169,10000,,yes,0.035,0.9111475905555232
4941,0.5160685128854642,0.9771069289019638,0.46103841601649964,"Horvitz-Thompson(recency=20.0,delta=0.20)",HT,20.0,0.2,10,20,169,10000,,yes,0.035,0.9111475905555232
4942,0.5269632722753915,1.0581704291802148,0.5312071569048232,"Horvitz-Thompson(recency=20.0,delta=0.20)",HT,20.0,0.2,10,20,169,10000,,yes,0.035,0.9111475905555232
4943,0.5062740855320992,1.0317377195365407,0.5254636340044415,"Horvitz-Thompson(recency=20.0,delta=0.20)",HT,20.0,0.2,10,20,169,10000,,yes,0.035,0.9111475905555232
4944,0.522100835291701,0.9940321604266826,0.4719313251349816,"Horvitz-Thompson(recency=20.0,delta=0.20)",HT,20.0,0.2,10,20,169,10000,,yes,0.035,0.9111475905555232
4945,0.5461656936484435,0.8986979546332606,0.35253226098481716,"Horvitz-Thompson(recency=20.0,delta=0.20)",HT,20.0,0.2,10,20,169,10000,,yes,0.035,0.9111475905555232
4946,0.5015690803032995,1.0206345829321275,0.519065502628828,"Horvitz-Thompson(recency=20.0,delta=0.20)",HT,20.0,0.2,10,20,169,10000,,yes,0.035,0.9111475905555232
4947,0.5096733269206573,1.0102137676036993,0.500540440683042,"Horvitz-Thompson(recency=20.0,delta=0.20)",HT,20.0,0.2,10,20,169,10000,,yes,0.035,0.9111475905555232
4948,0.6127287773854103,1.039174977299235,0.4264461999138246,"Horvitz-Thompson(recency=20.0,delta=0.20)",HT,20.0,0.2,10,20,169,10000,,yes,0.035,0.9111475905555232
4949,0.5494704007262321,0.991066916536262,0.4415965158100299,"Horvitz-Thompson(recency=20.0,delta=0.20)",HT,20.0,0.2,10,20,169,10000,,yes,0.035,0.9111475905555232
4950,0.49883925316218924,1.1192957059463824,0.6204564527841931,"Horvitz-Thompson(recency=20.0,delta=0.20)",HT,20.0,0.2,10,20,169,10000,,yes,0.035,0.9111475905555232
4951,0.503872345247608,1.1314291698302614,0.6275568245826534,"Horvitz-Thompson(recency=20.0,delta=0.20)",HT,20.0,0.2,10,20,169,10000,,yes,0.035,0.9111475905555232
4952,0.4887986780767834,1.1465055636475119,0.6577068855707284,"Horvitz-Thompson(recency=20.0,delta=0.20)",HT,20.0,0.2,10,20,169,10000,,yes,0.035,0.9111475905555232
4953,0.48559512797037185,1.0903288124014945,0.6047336844311226,"Horvitz-Thompson(recency=20.0,delta=0.20)",HT,20.0,0.2,10,20,169,10000,,yes,0.035,0.9111475905555232
4954,0.56036946299291,0.9450778292114388,0.3847083662185288,"Horvitz-Thompson(recency=20.0,delta=0.20)",HT,20.0,0.2,10,20,169,10000,,yes,0.035,0.9111475905555232
4955,0.5207203074409034,1.0455871179196004,0.524866810478697,"Horvitz-Thompson(recency=20.0,delta=0.20)",HT,20.0,0.2,10,20,169,10000,,yes,0.035,0.9111475905555232
4956,0.5129252280967066,1.0342766694526693,0.5213514413559627,"Horvitz-Thompson(recency=20.0,delta=0.20)",HT,20.0,0.2,10,20,169,10000,,yes,0.035,0.9111475905555232
4957,0.5320635416286523,0.978105778579331,0.4460422369506787,"Horvitz-Thompson(recency=20.0,delta=0.20)",HT,20.0,0.2,10,20,169,10000,,yes,0.035,0.9111475905555232
4958,0.5094814835342202,1.0895810623997466,0.5800995788655264,"Horvitz-Thompson(recency=20.0,delta=0.20)",HT,20.0,0.2,10,20,169,10000,,yes,0.035,0.9111475905555232
4959,0.44274884110610924,1.0863989107522725,0.6436500696461632,"Horvitz-Thompson(recency=20.0,delta=0.20)",HT,20.0,0.2,10,20,169,10000,,yes,0.035,0.9111475905555232
4960,0.4949212457990401,1.081211596704138,0.5862903509050978,"Horvitz-Thompson(recency=20.0,delta=0.20)",HT,20.0,0.2,10,20,169,10000,,yes,0.035,0.9111475905555232
4961,0.5208655047734437,1.0491854322080405,0.5283199274345968,"Horvitz-Thompson(recency=20.0,delta=0.20)",HT,20.0,0.2,10,20,169,10000,,yes,0.035,0.9111475905555232
4962,0.48267952321625496,1.080309453373631,0.5976299301573761,"Horvitz-Thompson(recency=20.0,delta=0.20)",HT,20.0,0.2,10,20,169,10000,,yes,0.035,0.9111475905555232
4963,0.5233969801042697,0.9774686439979057,0.45407166389363596,"Horvitz-Thompson(recency=20.0,delta=0.20)",HT,20.0,0.2,10,20,169,10000,,yes,0.035,0.9111475905555232
4964,0.5123931162818953,0.8999089794302252,0.38751586314832986,"Horvitz-Thompson(recency=20.0,delta=0.20)",HT,20.0,0.2,10,20,169,10000,,yes,0.035,0.9111475905555232
4965,0.5151562004367721,0.9549840894672716,0.4398278890304995,"Horvitz-Thompson(recency=20.0,delta=0.20)",HT,20.0,0.2,10,20,169,10000,,yes,0.035,0.9111475905555232
4966,0.5595452208201809,1.027588054951471,0.4680428341312902,"Horvitz-Thompson(recency=20.0,delta=0.20)",HT,20.0,0.2,10,20,169,10000,,yes,0.035,0.9111475905555232
4967,0.4432736465209777,1.1758541643854077,0.73258051786443,"Horvitz-Thompson(recency=20.0,delta=0.20)",HT,20.0,0.2,10,20,169,10000,,yes,0.035,0.9111475905555232
4968,0.5350407903085009,1.0443164610456415,0.5092756707371405,"Horvitz-Thompson(recency=20.0,delta=0.20)",HT,20.0,0.2,10,20,169,10000,,yes,0.035,0.9111475905555232
4969,0.4710176504470717,1.1601512132613332,0.6891335628142614,"Horvitz-Thompson(recency=20.0,delta=0.20)",HT,20.0,0.2,10,20,169,10000,,yes,0.035,0.9111475905555232
4970,0.5431796986782733,1.0444078147858007,0.5012281161075274,"Horvitz-Thompson(recency=20.0,delta=0.20)",HT,20.0,0.2,10,20,169,10000,,yes,0.035,0.9111475905555232
4971,0.5486562268537305,1.0023822166373313,0.4537259897836008,"Horvitz-Thompson(recency=20.0,delta=0.20)",HT,20.0,0.2,10,20,169,10000,,yes,0.035,0.9111475905555232
4972,0.5080060022963563,1.0397864618629817,0.5317804595666255,"Horvitz-Thompson(recency=20.0,delta=0.20)",HT,20.0,0.2,10,20,169,10000,,yes,0.035,0.9111475905555232
4973,0.49207756030804445,1.1248523395890633,0.6327747792810188,"Horvitz-Thompson(recency=20.0,delta=0.20)",HT,20.0,0.2,10,20,169,10000,,yes,0.035,0.9111475905555232
4974,0.5223170826672746,1.0787246644718818,0.5564075818046071,"Horvitz-Thompson(recency=20.0,delta=0.20)",HT,20.0,0.2,10,20,169,10000,,yes,0.035,0.9111475905555232
4975,0.5134126953706503,1.0717010216470182,0.5582883262763679,"Horvitz-Thompson(recency=20.0,delta=0.20)",HT,20.0,0.2,10,20,169,10000,,yes,0.035,0.9111475905555232
4976,0.5094493187782033,1.054924103815931,0.5454747850377276,"Horvitz-Thompson(recency=20.0,delta=0.20)",HT,20.0,0.2,10,20,169,10000,,yes,0.035,0.9111475905555232
4977,0.5069302681781775,0.9717839129051375,0.46485364472696,"Horvitz-Thompson(recency=20.0,delta=0.20)",HT,20.0,0.2,10,20,169,10000,,yes,0.035,0.9111475905555232
4978,0.5272290338751737,1.1475861590363683,0.6203571251611946,"Horvitz-Thompson(recency=20.0,delta=0.20)",HT,20.0,0.2,10,20,169,10000,,yes,0.035,0.9111475905555232
4979,0.4918655234206872,1.037909848161472,0.5460443247407847,"Horvitz-Thompson(recency=20.0,delta=0.20)",HT,20.0,0.2,10,20,169,10000,,yes,0.035,0.9111475905555232
4980,0.4783876283882006,0.97317588591412,0.4947882575259194,"Horvitz-Thompson(recency=20.0,delta=0.20)",HT,20.0,0.2,10,20,169,10000,,yes,0.035,0.9111475905555232
4981,0.4965333555548603,1.0903552334005358,0.5938218778456754,"Horvitz-Thompson(recency=20.0,delta=0.20)",HT,20.0,0.2,10,20,169,10000,,yes,0.035,0.9111475905555232
4982,0.48858932654562154,1.0376506538381518,0.5490613272925302,"Horvitz-Thompson(recency=20.0,delta=0.20)",HT,20.0,0.2,10,20,169,10000,,yes,0.035,0.9111475905555232
4983,0.4857168411347933,0.9930896757451854,0.5073728346103921,"Horvitz-Thompson(recency=20.0,delta=0.20)",HT,20.0,0.2,10,20,169,10000,,yes,0.035,0.9111475905555232
4984,0.5145898543878868,1.044148196817591,0.5295583424297041,"Horvitz-Thompson(recency=20.0,delta=0.20)",HT,20.0,0.2,10,20,169,10000,,yes,0.035,0.9111475905555232
4985,0.5357139806135105,1.002654794369416,0.46694081375590546,"Horvitz-Thompson(recency=20.0,delta=0.20)",HT,20.0,0.2,10,20,169,10000,,yes,0.035,0.9111475905555232
4986,0.5590944134088122,1.0393693727251052,0.48027495931629305,"Horvitz-Thompson(recency=20.0,delta=0.20)",HT,20.0,0.2,10,20,169,10000,,yes,0.035,0.9111475905555232
4987,0.52084682609702,1.0300226983283745,0.5091758722313544,"Horvitz-Thompson(recency=20.0,delta=0.20)",HT,20.0,0.2,10,20,169,10000,,yes,0.035,0.9111475905555232
4988,0.5230526065043368,1.0705658445615405,0.5475132380572036,"Horvitz-Thompson(recency=20.0,delta=0.20)",HT,20.0,0.2,10,20,169,10000,,yes,0.035,0.9111475905555232
4989,0.5297337592621844,0.9627943242620616,0.4330605649998772,"Horvitz-Thompson(recency=20.0,delta=0.20)",HT,20.0,0.2,10,20,169,10000,,yes,0.035,0.9111475905555232
4990,0.5042490678765,1.0603202818338677,0.5560712139573677,"Horvitz-Thompson(recency=20.0,delta=0.20)",HT,20.0,0.2,10,20,169,10000,,yes,0.035,0.9111475905555232
4991,0.5225637998728597,1.0714650368254701,0.5489012369526104,"Horvitz-Thompson(recency=20.0,delta=0.20)",HT,20.0,0.2,10,20,169,10000,,yes,0.035,0.9111475905555232
4992,0.5318260367701633,0.9495899266804483,0.417763889910285,"Horvitz-Thompson(recency=20.0,delta=0.20)",HT,20.0,0.2,10,20,169,10000,,yes,0.035,0.9111475905555232
4993,0.5727676241944293,1.076916893497985,0.5041492693035556,"Horvitz-Thompson(recency=20.0,delta=0.20)",HT,20.0,0.2,10,20,169,10000,,yes,0.035,0.9111475905555232
4994,0.526562709760472,0.9097408383765568,0.3831781286160848,"Horvitz-Thompson(recency=20.0,delta=0.20)",HT,20.0,0.2,10,20,169,10000,,yes,0.035,0.9111475905555232
4995,0.5219991344679109,0.9764661448920587,0.45446701042414783,"Horvitz-Thompson(recency=20.0,delta=0.20)",HT,20.0,0.2,10,20,169,10000,,yes,0.035,0.9111475905555232
4996,0.4458628844152266,1.011192535340173,0.5653296509249464,"Horvitz-Thompson(recency=20.0,delta=0.20)",HT,20.0,0.2,10,20,169,10000,,yes,0.035,0.9111475905555232
4997,0.4916309219405865,1.06618219080615,0.5745512688655634,"Horvitz-Thompson(recency=20.0,delta=0.20)",HT,20.0,0.2,10,20,169,10000,,yes,0.035,0.9111475905555232
4998,0.5024239005654734,1.029509585305759,0.5270856847402856,"Horvitz-Thompson(recency=20.0,delta=0.20)",HT,20.0,0.2,10,20,169,10000,,yes,0.035,0.9111475905555232
4999,0.5327538582873416,0.9584785036466679,0.4257246453593263,"Horvitz-Thompson(recency=20.0,delta=0.20)",HT,20.0,0.2,10,20,169,10000,,yes,0.035,0.9111475905555232
5000,0.507770612635741,1.0496530113814853,0.5418823987457443,"Hajek(recency=20.0,delta=0.20)",Hajek,20.0,0.2,10,20,169,10000,,yes,0.035,0.9111475905555232
5001,0.5115960489098539,1.0689283338652182,0.5573322849553644,"Hajek(recency=20.0,delta=0.20)",Hajek,20.0,0.2,10,20,169,10000,,yes,0.035,0.9111475905555232
5002,0.5197455957634926,1.0644316391986832,0.5446860434351907,"Hajek(recency=20.0,delta=0.20)",Hajek,20.0,0.2,10,20,169,10000,,yes,0.035,0.9111475905555232
5003,0.5130374035822364,1.058928582766337,0.5458911791841007,"Hajek(recency=20.0,delta=0.20)",Hajek,20.0,0.2,10,20,169,10000,,yes,0.035,0.9111475905555232
5004,0.5096531352414141,1.0521452791997135,0.5424921439582994,"Hajek(recency=20.0,delta=0.20)",Hajek,20.0,0.2,10,20,169,10000,,yes,0.035,0.9111475905555232
5005,0.5189030634620369,1.0722315878650408,0.553328524403004,"Hajek(recency=20.0,delta=0.20)",Hajek,20.0,0.2,10,20,169,10000,,yes,0.035,0.9111475905555232
5006,0.5136018068357233,1.0508655948566252,0.5372637880209019,"Hajek(recency=20.0,delta=0.20)",Hajek,20.0,0.2,10,20,169,10000,,yes,0.035,0.9111475905555232
5007,0.5106197421170656,1.0666474435119577,0.5560277013948921,"Hajek(recency=20.0,delta=0.20)",Hajek,20.0,0.2,10,20,169,10000,,yes,0.035,0.9111475905555232
5008,0.5078695746495967,1.0547721752358463,0.5469026005862496,"Hajek(recency=20.0,delta=0.20)",Hajek,20.0,0.2,10,20,169,10000,,yes,0.035,0.9111475905555232
5009,0.5218514941214284,1.069782779193561,0.5479312850721326,"Hajek(recency=20.0,delta=0.20)",Hajek,20.0,0.2,10,20,169,10000,,yes,0.035,0.9111475905555232
5010,0.5255917132514193,1.0478610570430829,0.5222693437916636,"Hajek(recency=20.0,delta=0.20)",Hajek,20.0,0.2,10,20,169,10000,,yes,0.035,0.9111475905555232
5011,0.5167416312539955,1.0603039344909637,0.5435623032369682,"Hajek(recency=20.0,delta=0.20)",Hajek,20.0,0.2,10,20,169,10000,,yes,0.035,0.9111475905555232
5012,0.5221881210194154,1.046053482294512,0.5238653612750966,"Hajek(recency=20.0,delta=0.20)",Hajek,20.0,0.2,10,20,169,10000,,yes,0.035,0.9111475905555232
5013,0.5116636315255881,1.0693562696276042,0.5576926381020161,"Hajek(recency=20.0,delta=0.20)",Hajek,20.0,0.2,10,20,169,10000,,yes,0.035,0.9111475905555232
5014,0.5179467678207755,1.049856152725687,0.5319093849049116,"Hajek(recency=20.0,delta=0.20)",Hajek,20.0,0.2,10,20,169,10000,,yes,0.035,0.9111475905555232
5015,0.5149965406253112,1.0603763911219533,0.5453798504966421,"Hajek(recency=20.0,delta=0.20)",Hajek,20.0,0.2,10,20,169,10000,,yes,0.035,0.9111475905555232
5016,0.5152377209005995,1.0477459397554458,0.5325082188548463,"Hajek(recency=20.0,delta=0.20)",Hajek,20.0,0.2,10,20,169,10000,,yes,0.035,0.9111475905555232
5017,0.5120685797045949,1.0500574632664998,0.537988883561905,"Hajek(recency=20.0,delta=0.20)",Hajek,20.0,0.2,10,20,169,10000,,yes,0.035,0.9111475905555232
5018,0.5204211802871216,1.059123629725287,0.5387024494381655,"Hajek(recency=20.0,delta=0.20)",Hajek,20.0,0.2,10,20,169,10000,,yes,0.035,0.9111475905555232
5019,0.5157635363034407,1.0575613505299746,0.5417978142265338,"Hajek(recency=20.0,delta=0.20)",Hajek,20.0,0.2,10,20,169,10000,,yes,0.035,0.9111475905555232
5020,0.5113872752151473,1.058728818737018,0.5473415435218708,"Hajek(recency=20.0,delta=0.20)",Hajek,20.0,0.2,10,20,169,10000,,yes,0.035,0.9111475905555232
5021,0.5055254431059714,1.0576072103335017,0.5520817672275303,"Hajek(recency=20.0,delta=0.20)",Hajek,20.0,0.2,10,20,169,10000,,yes,0.035,0.9111475905555232
5022,0.5060077828279662,1.0623339997878491,0.5563262169598829,"Hajek(recency=20.0,delta=0.20)",Hajek,20.0,0.2,10,20,169,10000,,yes,0.035,0.9111475905555232
5023,0.5191809995245016,1.0637772566595063,0.5445962571350047,"Hajek(recency=20.0,delta=0.20)",Hajek,20.0,0.2,10,20,169,10000,,yes,0.035,0.9111475905555232
5024,0.5186615184416407,1.0311590090317717,0.512497490590131,"Hajek(recency=20.0,delta=0.20)",Hajek,20.0,0.2,10,20,169,10000,,yes,0.035,0.9111475905555232
5025,0.5278550762141309,1.0533926217833067,0.5255375455691759,"Hajek(recency=20.0,delta=0.20)",Hajek,20.0,0.2,10,20,169,10000,,yes,0.035,0.9111475905555232
5026,0.5246152967904003,1.0501038580497928,0.5254885612593925,"Hajek(recency=20.0,delta=0.20)",Hajek,20.0,0.2,10,20,169,10000,,yes,0.035,0.9111475905555232
5027,0.5145232819260482,1.040657253095796,0.5261339711697478,"Hajek(recency=20.0,delta=0.20)",Hajek,20.0,0.2,10,20,169,10000,,yes,0.035,0.9111475905555232
5028,0.5217613002405821,1.0362820724251216,0.5145207721845395,"Hajek(recency=20.0,delta=0.20)",Hajek,20.0,0.2,10,20,169,10000,,yes,0.035,0.9111475905555232
5029,0.5172194479452082,1.051099839485817,0.5338803915406088,"Hajek(recency=20.0,delta=0.20)",Hajek,20.0,0.2,10,20,169,10000,,yes,0.035,0.9111475905555232
5030,0.5218595032891419,1.037713080458848,0.515853577169706,"Hajek(recency=20.0,delta=0.20)",Hajek,20.0,0.2,10,20,169,10000,,yes,0.035,0.9111475905555232
5031,0.5178050242354705,1.065525079369377,0.5477200551339064,"Hajek(recency=20.0,delta=0.20)",Hajek,20.0,0.2,10,20,169,10000,,yes,0.035,0.9111475905555232
5032,0.5108314199186533,1.0637235916083894,0.552892171689736,"Hajek(recency=20.0,delta=0.20)",Hajek,20.0,0.2,10,20,169,10000,,yes,0.035,0.9111475905555232
5033,0.5041200075362422,1.054734772535509,0.5506147649992668,"Hajek(recency=20.0,delta=0.20)",Hajek,20.0,0.2,10,20,169,10000,,yes,0.035,0.9111475905555232
5034,0.5221806354771177,1.06034720283511,0.5381665673579923,"Hajek(recency=20.0,delta=0.20)",Hajek,20.0,0.2,10,20,169,10000,,yes,0.035,0.9111475905555232
5035,0.510058777459449,1.0558877278016148,0.5458289503421657,"Hajek(recency=20.0,delta=0.20)",Hajek,20.0,0.2,10,20,169,10000,,yes,0.035,0.9111475905555232
5036,0.5187327811826493,1.0646879756745398,0.5459551944918904,"Hajek(recency=20.0,delta=0.20)",Hajek,20.0,0.2,10,20,169,10000,,yes,0.035,0.9111475905555232
5037,0.514513410035269,1.0522109322769544,0.5376975222416854,"Hajek(recency=20.0,delta=0.20)",Hajek,20.0,0.2,10,20,169,10000,,yes,0.035,0.9111475905555232
5038,0.5129374366328138,1.0548650490852185,0.5419276124524047,"Hajek(recency=20.0,delta=0.20)",Hajek,20.0,0.2,10,20,169,10000,,yes,0.035,0.9111475905555232
5039,0.5224059307083018,1.0503915585959862,0.5279856278876844,"Hajek(recency=20.0,delta=0.20)",Hajek,20.0,0.2,10,20,169,10000,,yes,0.035,0.9111475905555232
5040,0.5152372716060346,1.0484688237082451,0.5332315521022105,"Hajek(recency=20.0,delta=0.20)",Hajek,20.0,0.2,10,20,169,10000,,yes,0.035,0.9111475905555232
5041,0.5181135155227808,1.0543701234829375,0.5362566079601566,"Hajek(recency=20.0,delta=0.20)",Hajek,20.0,0.2,10,20,169,10000,,yes,0.035,0.9111475905555232
5042,0.515808794384352,1.0628036437382111,0.5469948493538591,"Hajek(recency=20.0,delta=0.20)",Hajek,20.0,0.2,10,20,169,10000,,yes,0.035,0.9111475905555232
5043,0.5195147896436858,1.0701620396893388,0.550647250045653,"Hajek(recency=20.0,delta=0.20)",Hajek,20.0,0.2,10,20,169,10000,,yes,0.035,0.9111475905555232
5044,0.5176256462671442,1.056510438404728,0.5388847921375837,"Hajek(recency=20.0,delta=0.20)",Hajek,20.0,0.2,10,20,169,10000,,yes,0.035,0.9111475905555232
5045,0.5103074493260754,1.0666958686468355,0.5563884193207601,"Hajek(recency=20.0,delta=0.20)",Hajek,20.0,0.2,10,20,169,10000,,yes,0.035,0.9111475905555232
5046,0.5213102472554668,1.0602881764231484,0.5389779291676816,"Hajek(recency=20.0,delta=0.20)",Hajek,20.0,0.2,10,20,169,10000,,yes,0.035,0.9111475905555232
5047,0.5105506779032156,1.0472638674921446,0.536713189588929,"Hajek(recency=20.0,delta=0.20)",Hajek,20.0,0.2,10,20,169,10000,,yes,0.035,0.9111475905555232
5048,0.516972867168081,1.0693388169557894,0.5523659497877084,"Hajek(recency=20.0,delta=0.20)",Hajek,20.0,0.2,10,20,169,10000,,yes,0.035,0.9111475905555232
5049,0.5122094392787426,1.0450544478867252,0.5328450086079826,"Hajek(recency=20.0,delta=0.20)",Hajek,20.0,0.2,10,20,169,10000,,yes,0.035,0.9111475905555232
5050,0.5083040819472676,1.0662100588054981,0.5579059768582305,"Hajek(recency=20.0,delta=0.20)",Hajek,20.0,0.2,10,20,169,10000,,yes,0.035,0.9111475905555232
5051,0.5123037826603558,1.0592477736152512,0.5469439909548954,"Hajek(recency=20.0,delta=0.20)",Hajek,20.0,0.2,10,20,169,10000,,yes,0.035,0.9111475905555232
5052,0.5174584984951148,1.0544645344134527,0.5370060359183378,"Hajek(recency=20.0,delta=0.20)",Hajek,20.0,0.2,10,20,169,10000,,yes,0.035,0.9111475905555232
5053,0.506086677333624,1.0602179278372967,0.5541312505036727,"Hajek(recency=20.0,delta=0.20)",Hajek,20.0,0.2,10,20,169,10000,,yes,0.035,0.9111475905555232
5054,0.5169918382495631,1.048827362392695,0.5318355241431318,"Hajek(recency=20.0,delta=0.20)",Hajek,20.0,0.2,10,20,169,10000,,yes,0.035,0.9111475905555232
5055,0.518779415789767,1.0532267179737864,0.5344473021840194,"Hajek(recency=20.0,delta=0.20)",Hajek,20.0,0.2,10,20,169,10000,,yes,0.035,0.9111475905555232
5056,0.5237611388016055,1.0545823026407632,0.5308211638391578,"Hajek(recency=20.0,delta=0.20)",Hajek,20.0,0.2,10,20,169,10000,,yes,0.035,0.9111475905555232
5057,0.516023341774668,1.0444118735969623,0.5283885318222943,"Hajek(recency=20.0,delta=0.20)",Hajek,20.0,0.2,10,20,169,10000,,yes,0.035,0.9111475905555232
5058,0.520839741137746,1.0582088591687713,0.5373691180310253,"Hajek(recency=20.0,delta=0.20)",Hajek,20.0,0.2,10,20,169,10000,,yes,0.035,0.9111475905555232
5059,0.512198367972626,1.039646668848104,0.5274483008754781,"Hajek(recency=20.0,delta=0.20)",Hajek,20.0,0.2,10,20,169,10000,,yes,0.035,0.9111475905555232
5060,0.5063111026931777,1.0657899079302504,0.5594788052370727,"Hajek(recency=20.0,delta=0.20)",Hajek,20.0,0.2,10,20,169,10000,,yes,0.035,0.9111475905555232
5061,0.5170094230857099,1.0418570756404835,0.5248476525547736,"Hajek(recency=20.0,delta=0.20)",Hajek,20.0,0.2,10,20,169,10000,,yes,0.035,0.9111475905555232
5062,0.5064485699760666,1.0497099578781222,0.5432613879020556,"Hajek(recency=20.0,delta=0.20)",Hajek,20.0,0.2,10,20,169,10000,,yes,0.035,0.9111475905555232
5063,0.5191693762665816,1.0462499619478414,0.5270805856812598,"Hajek(recency=20.0,delta=0.20)",Hajek,20.0,0.2,10,20,169,10000,,yes,0.035,0.9111475905555232
5064,0.5102114941783832,1.0721469028080937,0.5619354086297105,"Hajek(recency=20.0,delta=0.20)",Hajek,20.0,0.2,10,20,169,10000,,yes,0.035,0.9111475905555232
5065,0.517527484820189,1.045287207673436,0.5277597228532471,"Hajek(recency=20.0,delta=0.20)",Hajek,20.0,0.2,10,20,169,10000,,yes,0.035,0.9111475905555232
5066,0.5080095210854351,1.065132495909539,0.5571229748241039,"Hajek(recency=20.0,delta=0.20)",Hajek,20.0,0.2,10,20,169,10000,,yes,0.035,0.9111475905555232
5067,0.5121773544676386,1.0536149112374718,0.5414375567698332,"Hajek(recency=20.0,delta=0.20)",Hajek,20.0,0.2,10,20,169,10000,,yes,0.035,0.9111475905555232
5068,0.5085045098458114,1.049758379426738,0.5412538695809266,"Hajek(recency=20.0,delta=0.20)",Hajek,20.0,0.2,10,20,169,10000,,yes,0.035,0.9111475905555232
5069,0.5219112956515757,1.0525701530962057,0.53065885744463,"Hajek(recency=20.0,delta=0.20)",Hajek,20.0,0.2,10,20,169,10000,,yes,0.035,0.9111475905555232
5070,0.5186223320919937,1.0530391998424564,0.5344168677504627,"Hajek(recency=20.0,delta=0.20)",Hajek,20.0,0.2,10,20,169,10000,,yes,0.035,0.9111475905555232
5071,0.512839673650921,1.0513467526505855,0.5385070789996645,"Hajek(recency=20.0,delta=0.20)",Hajek,20.0,0.2,10,20,169,10000,,yes,0.035,0.9111475905555232
5072,0.5126105094527369,1.0669476390410062,0.5543371295882693,"Hajek(recency=20.0,delta=0.20)",Hajek,20.0,0.2,10,20,169,10000,,yes,0.035,0.9111475905555232
5073,0.5225943850181577,1.0661785204506145,0.5435841354324568,"Hajek(recency=20.0,delta=0.20)",Hajek,20.0,0.2,10,20,169,10000,,yes,0.035,0.9111475905555232
5074,0.5157342202738169,1.0462387017317687,0.5305044814579518,"Hajek(recency=20.0,delta=0.20)",Hajek,20.0,0.2,10,20,169,10000,,yes,0.035,0.9111475905555232
5075,0.5207561693030943,1.076467786798808,0.5557116174957136,"Hajek(recency=20.0,delta=0.20)",Hajek,20.0,0.2,10,20,169,10000,,yes,0.035,0.9111475905555232
5076,0.5180946223439432,1.04316843470795,0.5250738123640067,"Hajek(recency=20.0,delta=0.20)",Hajek,20.0,0.2,10,20,169,10000,,yes,0.035,0.9111475905555232
5077,0.5221466625307148,1.0481981161971252,0.5260514536664104,"Hajek(recency=20.0,delta=0.20)",Hajek,20.0,0.2,10,20,169,10000,,yes,0.035,0.9111475905555232
5078,0.512937093175028,1.0533185613504135,0.5403814681753855,"Hajek(recency=20.0,delta=0.20)",Hajek,20.0,0.2,10,20,169,10000,,yes,0.035,0.9111475905555232
5079,0.5232355975674932,1.0467438208492104,0.5235082232817172,"Hajek(recency=20.0,delta=0.20)",Hajek,20.0,0.2,10,20,169,10000,,yes,0.035,0.9111475905555232
5080,0.5182161024684895,1.0650243025062225,0.546808200037733,"Hajek(recency=20.0,delta=0.20)",Hajek,20.0,0.2,10,20,169,10000,,yes,0.035,0.9111475905555232
5081,0.5058758074972134,1.0419950361569803,0.5361192286597669,"Hajek(recency=20.0,delta=0.20)",Hajek,20.0,0.2,10,20,169,10000,,yes,0.035,0.9111475905555232
5082,0.5112254038716,1.06472464145873,0.5534992375871299,"Hajek(recency=20.0,delta=0.20)",Hajek,20.0,0.2,10,20,169,10000,,yes,0.035,0.9111475905555232
5083,0.5165634203619363,1.056423688343035,0.5398602679810987,"Hajek(recency=20.0,delta=0.20)",Hajek,20.0,0.2,10,20,169,10000,,yes,0.035,0.9111475905555232
5084,0.5151230881633014,1.05287558684618,0.5377524986828787,"Hajek(recency=20.0,delta=0.20)",Hajek,20.0,0.2,10,20,169,10000,,yes,0.035,0.9111475905555232
5085,0.5090228215325919,1.057178501777014,0.548155680244422,"Hajek(recency=20.0,delta=0.20)",Hajek,20.0,0.2,10,20,169,10000,,yes,0.035,0.9111475905555232
5086,0.5229146884884879,1.0591367658822082,0.5362220773937203,"Hajek(recency=20.0,delta=0.20)",Hajek,20.0,0.2,10,20,169,10000,,yes,0.035,0.9111475905555232
5087,0.5193675567949421,1.0671986558236342,0.5478310990286921,"Hajek(recency=20.0,delta=0.20)",Hajek,20.0,0.2,10,20,169,10000,,yes,0.035,0.9111475905555232
5088,0.5087400558492415,1.0401520061553877,0.5314119503061462,"Hajek(recency=20.0,delta=0.20)",Hajek,20.0,0.2,10,20,169,10000,,yes,0.035,0.9111475905555232
5089,0.5258136121278483,1.049418174735623,0.5236045626077748,"Hajek(recency=20.0,delta=0.20)",Hajek,20.0,0.2,10,20,169,10000,,yes,0.035,0.9111475905555232
5090,0.5128253085080828,1.0566141704382637,0.5437888619301808,"Hajek(recency=20.0,delta=0.20)",Hajek,20.0,0.2,10,20,169,10000,,yes,0.035,0.9111475905555232
5091,0.5101977181705452,1.0460407868237243,0.5358430686531791,"Hajek(recency=20.0,delta=0.20)",Hajek,20.0,0.2,10,20,169,10000,,yes,0.035,0.9111475905555232
5092,0.5137927204469016,1.066581203039332,0.5527884825924304,"Hajek(recency=20.0,delta=0.20)",Hajek,20.0,0.2,10,20,169,10000,,yes,0.035,0.9111475905555232
5093,0.5191690641282183,1.060194602508883,0.5410255383806648,"Hajek(recency=20.0,delta=0.20)",Hajek,20.0,0.2,10,20,169,10000,,yes,0.035,0.9111475905555232
5094,0.5273747540424236,1.0665012201839397,0.539126466141516,"Hajek(recency=20.0,delta=0.20)",Hajek,20.0,0.2,10,20,169,10000,,yes,0.035,0.9111475905555232
5095,0.5139222933541827,1.05258600002047,0.5386637066662874,"Hajek(recency=20.0,delta=0.20)",Hajek,20.0,0.2,10,20,169,10000,,yes,0.035,0.9111475905555232
5096,0.5198686078143875,1.0448179079183042,0.5249493001039167,"Hajek(recency=20.0,delta=0.20)",Hajek,20.0,0.2,10,20,169,10000,,yes,0.035,0.9111475905555232
5097,0.5107622926276094,1.044161396764052,0.5333991041364425,"Hajek(recency=20.0,delta=0.20)",Hajek,20.0,0.2,10,20,169,10000,,yes,0.035,0.9111475905555232
5098,0.5134757579703827,1.04965693465434,0.5361811766839574,"Hajek(recency=20.0,delta=0.20)",Hajek,20.0,0.2,10,20,169,10000,,yes,0.035,0.9111475905555232
5099,0.5158637140106963,1.0533006958448197,0.5374369818341234,"Hajek(recency=20.0,delta=0.20)",Hajek,20.0,0.2,10,20,169,10000,,yes,0.035,0.9111475905555232
5100,0.5171761631712585,1.0513219758323658,0.5341458126611073,"Hajek(recency=20.0,delta=0.20)",Hajek,20.0,0.2,10,20,169,10000,,yes,0.035,0.9111475905555232
5101,0.5235365355594701,1.0519592915619647,0.5284227560024946,"Hajek(recency=20.0,delta=0.20)",Hajek,20.0,0.2,10,20,169,10000,,yes,0.035,0.9111475905555232
5102,0.5151387023294702,1.0475146533458193,0.532375951016349,"Hajek(recency=20.0,delta=0.20)",Hajek,20.0,0.2,10,20,169,10000,,yes,0.035,0.9111475905555232
5103,0.515086351065317,1.0579567152927143,0.5428703642273973,"Hajek(recency=20.0,delta=0.20)",Hajek,20.0,0.2,10,20,169,10000,,yes,0.035,0.9111475905555232
5104,0.5133825616904804,1.0527481942017012,0.5393656325112208,"Hajek(recency=20.0,delta=0.20)",Hajek,20.0,0.2,10,20,169,10000,,yes,0.035,0.9111475905555232
5105,0.5066639359113358,1.0657582100369898,0.5590942741256539,"Hajek(recency=20.0,delta=0.20)",Hajek,20.0,0.2,10,20,169,10000,,yes,0.035,0.9111475905555232
5106,0.5057110099186636,1.0553900141678774,0.5496790042492138,"Hajek(recency=20.0,delta=0.20)",Hajek,20.0,0.2,10,20,169,10000,,yes,0.035,0.9111475905555232
5107,0.5161530512968675,1.0565536321275113,0.5404005808306438,"Hajek(recency=20.0,delta=0.20)",Hajek,20.0,0.2,10,20,169,10000,,yes,0.035,0.9111475905555232
5108,0.5146318657201925,1.0617292603989401,0.5470973946787476,"Hajek(recency=20.0,delta=0.20)",Hajek,20.0,0.2,10,20,169,10000,,yes,0.035,0.9111475905555232
5109,0.512734064182211,1.0523377148886877,0.5396036507064766,"Hajek(recency=20.0,delta=0.20)",Hajek,20.0,0.2,10,20,169,10000,,yes,0.035,0.9111475905555232
5110,0.5156055212414667,1.0500160062714665,0.5344104850299998,"Hajek(recency=20.0,delta=0.20)",Hajek,20.0,0.2,10,20,169,10000,,yes,0.035,0.9111475905555232
5111,0.5172620177191112,1.0481735110618744,0.5309114933427632,"Hajek(recency=20.0,delta=0.20)",Hajek,20.0,0.2,10,20,169,10000,,yes,0.035,0.9111475905555232
5112,0.5181412313508825,1.0580466914148823,0.5399054600639998,"Hajek(recency=20.0,delta=0.20)",Hajek,20.0,0.2,10,20,169,10000,,yes,0.035,0.9111475905555232
5113,0.5142106634374363,1.0446582243657108,0.5304475609282745,"Hajek(recency=20.0,delta=0.20)",Hajek,20.0,0.2,10,20,169,10000,,yes,0.035,0.9111475905555232
5114,0.5152201193907229,1.0591922393885564,0.5439721199978336,"Hajek(recency=20.0,delta=0.20)",Hajek,20.0,0.2,10,20,169,10000,,yes,0.035,0.9111475905555232
5115,0.5171938332902464,1.0550666935490929,0.5378728602588465,"Hajek(recency=20.0,delta=0.20)",Hajek,20.0,0.2,10,20,169,10000,,yes,0.035,0.9111475905555232
5116,0.5182942025897872,1.0671831975986528,0.5488889950088656,"Hajek(recency=20.0,delta=0.20)",Hajek,20.0,0.2,10,20,169,10000,,yes,0.035,0.9111475905555232
5117,0.5129578280419212,1.0429028446247188,0.5299450165827976,"Hajek(recency=20.0,delta=0.20)",Hajek,20.0,0.2,10,20,169,10000,,yes,0.035,0.9111475905555232
5118,0.5171632061579545,1.0591275104068665,0.541964304248912,"Hajek(recency=20.0,delta=0.20)",Hajek,20.0,0.2,10,20,169,10000,,yes,0.035,0.9111475905555232
5119,0.5190076589144517,1.0410854202738014,0.5220777613593497,"Hajek(recency=20.0,delta=0.20)",Hajek,20.0,0.2,10,20,169,10000,,yes,0.035,0.9111475905555232
5120,0.5231780780868247,1.0609501471368132,0.5377720690499885,"Hajek(recency=20.0,delta=0.20)",Hajek,20.0,0.2,10,20,169,10000,,yes,0.035,0.9111475905555232
5121,0.5169762547005721,1.0685276873592189,0.5515514326586468,"Hajek(recency=20.0,delta=0.20)",Hajek,20.0,0.2,10,20,169,10000,,yes,0.035,0.9111475905555232
5122,0.5265735352708049,1.0490999423854197,0.5225264071146148,"Hajek(recency=20.0,delta=0.20)",Hajek,20.0,0.2,10,20,169,10000,,yes,0.035,0.9111475905555232
5123,0.5176481173438983,1.0669764162310078,0.5493282988871095,"Hajek(recency=20.0,delta=0.20)",Hajek,20.0,0.2,10,20,169,10000,,yes,0.035,0.9111475905555232
5124,0.5152573686332999,1.057605396537954,0.5423480279046541,"Hajek(recency=20.0,delta=0.20)",Hajek,20.0,0.2,10,20,169,10000,,yes,0.035,0.9111475905555232
5125,0.5116818543510984,1.0671558991912233,0.555474044840125,"Hajek(recency=20.0,delta=0.20)",Hajek,20.0,0.2,10,20,169,10000,,yes,0.035,0.9111475905555232
5126,0.5229421003712152,1.0639910437726487,0.5410489434014335,"Hajek(recency=20.0,delta=0.20)",Hajek,20.0,0.2,10,20,169,10000,,yes,0.035,0.9111475905555232
5127,0.507684980698812,1.0612380564508974,0.5535530757520855,"Hajek(recency=20.0,delta=0.20)",Hajek,20.0,0.2,10,20,169,10000,,yes,0.035,0.9111475905555232
5128,0.5151091231626082,1.0493006510475325,0.5341915278849243,"Hajek(recency=20.0,delta=0.20)",Hajek,20.0,0.2,10,20,169,10000,,yes,0.035,0.9111475905555232
5129,0.5160045212797003,1.062755098559922,0.5467505772802216,"Hajek(recency=20.0,delta=0.20)",Hajek,20.0,0.2,10,20,169,10000,,yes,0.035,0.9111475905555232
5130,0.5155692897726857,1.0592562154662664,0.5436869256935807,"Hajek(recency=20.0,delta=0.20)",Hajek,20.0,0.2,10,20,169,10000,,yes,0.035,0.9111475905555232
5131,0.5122288781509623,1.0726232229107007,0.5603943447597384,"Hajek(recency=20.0,delta=0.20)",Hajek,20.0,0.2,10,20,169,10000,,yes,0.035,0.9111475905555232
5132,0.5262028868593004,1.055812038411627,0.5296091515523266,"Hajek(recency=20.0,delta=0.20)",Hajek,20.0,0.2,10,20,169,10000,,yes,0.035,0.9111475905555232
5133,0.5162556871642916,1.0640220497236812,0.5477663625593896,"Hajek(recency=20.0,delta=0.20)",Hajek,20.0,0.2,10,20,169,10000,,yes,0.035,0.9111475905555232
5134,0.5209050161121964,1.056697165929733,0.5357921498175366,"Hajek(recency=20.0,delta=0.20)",Hajek,20.0,0.2,10,20,169,10000,,yes,0.035,0.9111475905555232
5135,0.5117555778137338,1.0614242709970458,0.549668693183312,"Hajek(recency=20.0,delta=0.20)",Hajek,20.0,0.2,10,20,169,10000,,yes,0.035,0.9111475905555232
5136,0.511002930884365,1.0676451312072357,0.5566422003228707,"Hajek(recency=20.0,delta=0.20)",Hajek,20.0,0.2,10,20,169,10000,,yes,0.035,0.9111475905555232
5137,0.513465146342471,1.0690640607712873,0.5555989144288164,"Hajek(recency=20.0,delta=0.20)",Hajek,20.0,0.2,10,20,169,10000,,yes,0.035,0.9111475905555232
5138,0.515128613160189,1.0520463581044117,0.5369177449442227,"Hajek(recency=20.0,delta=0.20)",Hajek,20.0,0.2,10,20,169,10000,,yes,0.035,0.9111475905555232
5139,0.5124444303662297,1.0414298081556816,0.528985377789452,"Hajek(recency=20.0,delta=0.20)",Hajek,20.0,0.2,10,20,169,10000,,yes,0.035,0.9111475905555232
5140,0.5120790637637759,1.0754843758661632,0.5634053121023873,"Hajek(recency=20.0,delta=0.20)",Hajek,20.0,0.2,10,20,169,10000,,yes,0.035,0.9111475905555232
5141,0.5224022471094312,1.0595246480944702,0.537122400985039,"Hajek(recency=20.0,delta=0.20)",Hajek,20.0,0.2,10,20,169,10000,,yes,0.035,0.9111475905555232
5142,0.5142487547585552,1.068740379731153,0.5544916249725977,"Hajek(recency=20.0,delta=0.20)",Hajek,20.0,0.2,10,20,169,10000,,yes,0.035,0.9111475905555232
5143,0.5180710066476092,1.0513147692026354,0.5332437625550263,"Hajek(recency=20.0,delta=0.20)",Hajek,20.0,0.2,10,20,169,10000,,yes,0.035,0.9111475905555232
5144,0.5147379011761203,1.0536483064765423,0.538910405300422,"Hajek(recency=20.0,delta=0.20)",Hajek,20.0,0.2,10,20,169,10000,,yes,0.035,0.9111475905555232
5145,0.5245721717978882,1.0523306607445178,0.5277584889466296,"Hajek(recency=20.0,delta=0.20)",Hajek,20.0,0.2,10,20,169,10000,,yes,0.035,0.9111475905555232
5146,0.510040438520971,1.0588341182178211,0.5487936796968501,"Hajek(recency=20.0,delta=0.20)",Hajek,20.0,0.2,10,20,169,10000,,yes,0.035,0.9111475905555232
5147,0.5148386078607271,1.0606749508246816,0.5458363429639544,"Hajek(recency=20.0,delta=0.20)",Hajek,20.0,0.2,10,20,169,10000,,yes,0.035,0.9111475905555232
5148,0.5224179497242226,1.0509670071122788,0.5285490573880561,"Hajek(recency=20.0,delta=0.20)",Hajek,20.0,0.2,10,20,169,10000,,yes,0.035,0.9111475905555232
5149,0.5143180967310564,1.0459636849925875,0.5316455882615311,"Hajek(recency=20.0,delta=0.20)",Hajek,20.0,0.2,10,20,169,10000,,yes,0.035,0.9111475905555232
5150,0.525770254164544,1.055415878855957,0.5296456246914129,"Hajek(recency=20.0,delta=0.20)",Hajek,20.0,0.2,10,20,169,10000,,yes,0.035,0.9111475905555232
5151,0.5209094893215428,1.0641765086537989,0.5432670193322561,"Hajek(recency=20.0,delta=0.20)",Hajek,20.0,0.2,10,20,169,10000,,yes,0.035,0.9111475905555232
5152,0.5153929117638563,1.0536735348286985,0.5382806230648423,"Hajek(recency=20.0,delta=0.20)",Hajek,20.0,0.2,10,20,169,10000,,yes,0.035,0.9111475905555232
5153,0.5173215406430565,1.049169112832452,0.5318475721893956,"Hajek(recency=20.0,delta=0.20)",Hajek,20.0,0.2,10,20,169,10000,,yes,0.035,0.9111475905555232
5154,0.5094444416129473,1.0517945896161318,0.5423501480031845,"Hajek(recency=20.0,delta=0.20)",Hajek,20.0,0.2,10,20,169,10000,,yes,0.035,0.9111475905555232
5155,0.5190882957626165,1.0514169093851407,0.5323286136225241,"Hajek(recency=20.0,delta=0.20)",Hajek,20.0,0.2,10,20,169,10000,,yes,0.035,0.9111475905555232
5156,0.5010607713882049,1.0661706219687506,0.5651098505805456,"Hajek(recency=20.0,delta=0.20)",Hajek,20.0,0.2,10,20,169,10000,,yes,0.035,0.9111475905555232
5157,0.5194775467900876,1.0684128738144383,0.5489353270243507,"Hajek(recency=20.0,delta=0.20)",Hajek,20.0,0.2,10,20,169,10000,,yes,0.035,0.9111475905555232
5158,0.5131616685420264,1.0422947763673192,0.5291331078252928,"Hajek(recency=20.0,delta=0.20)",Hajek,20.0,0.2,10,20,169,10000,,yes,0.035,0.9111475905555232
5159,0.5122751614541527,1.0480227354210185,0.5357475739668658,"Hajek(recency=20.0,delta=0.20)",Hajek,20.0,0.2,10,20,169,10000,,yes,0.035,0.9111475905555232
5160,0.5129042077119318,1.0482752170186276,0.5353710093066958,"Hajek(recency=20.0,delta=0.20)",Hajek,20.0,0.2,10,20,169,10000,,yes,0.035,0.9111475905555232
5161,0.5137400379600872,1.0623070699943382,0.5485670320342511,"Hajek(recency=20.0,delta=0.20)",Hajek,20.0,0.2,10,20,169,10000,,yes,0.035,0.9111475905555232
5162,0.5176930487012458,1.051632326721066,0.5339392780198203,"Hajek(recency=20.0,delta=0.20)",Hajek,20.0,0.2,10,20,169,10000,,yes,0.035,0.9111475905555232
5163,0.5130984052989336,1.0598200897133305,0.546721684414397,"Hajek(recency=20.0,delta=0.20)",Hajek,20.0,0.2,10,20,169,10000,,yes,0.035,0.9111475905555232
5164,0.5127792918955947,1.070631634896841,0.5578523430012463,"Hajek(recency=20.0,delta=0.20)",Hajek,20.0,0.2,10,20,169,10000,,yes,0.035,0.9111475905555232
5165,0.5170261789837572,1.0528521066846495,0.5358259277008922,"Hajek(recency=20.0,delta=0.20)",Hajek,20.0,0.2,10,20,169,10000,,yes,0.035,0.9111475905555232
5166,0.5058030256323913,1.0646690937670706,0.5588660681346793,"Hajek(recency=20.0,delta=0.20)",Hajek,20.0,0.2,10,20,169,10000,,yes,0.035,0.9111475905555232
5167,0.51807118312209,1.0379162480622581,0.5198450649401681,"Hajek(recency=20.0,delta=0.20)",Hajek,20.0,0.2,10,20,169,10000,,yes,0.035,0.9111475905555232
5168,0.5153132095724201,1.0540211593914477,0.5387079498190276,"Hajek(recency=20.0,delta=0.20)",Hajek,20.0,0.2,10,20,169,10000,,yes,0.035,0.9111475905555232
5169,0.5059035303518478,1.0574683215384135,0.5515647911865658,"Hajek(recency=20.0,delta=0.20)",Hajek,20.0,0.2,10,20,169,10000,,yes,0.035,0.9111475905555232
5170,0.5169106580567915,1.0462039510407235,0.529293292983932,"Hajek(recency=20.0,delta=0.20)",Hajek,20.0,0.2,10,20,169,10000,,yes,0.035,0.9111475905555232
5171,0.5046456571836216,1.0525489031564965,0.5479032459728749,"Hajek(recency=20.0,delta=0.20)",Hajek,20.0,0.2,10,20,169,10000,,yes,0.035,0.9111475905555232
5172,0.5172315091207261,1.050240592532102,0.5330090834113758,"Hajek(recency=20.0,delta=0.20)",Hajek,20.0,0.2,10,20,169,10000,,yes,0.035,0.9111475905555232
5173,0.5162938484018214,1.0535750256812542,0.5372811772794328,"Hajek(recency=20.0,delta=0.20)",Hajek,20.0,0.2,10,20,169,10000,,yes,0.035,0.9111475905555232
5174,0.5151166108140112,1.0599483843234059,0.5448317735093947,"Hajek(recency=20.0,delta=0.20)",Hajek,20.0,0.2,10,20,169,10000,,yes,0.035,0.9111475905555232
5175,0.5168462894586983,1.0611404669856361,0.5442941775269379,"Hajek(recency=20.0,delta=0.20)",Hajek,20.0,0.2,10,20,169,10000,,yes,0.035,0.9111475905555232
5176,0.5217297236724406,1.0577016055248898,0.5359718818524492,"Hajek(recency=20.0,delta=0.20)",Hajek,20.0,0.2,10,20,169,10000,,yes,0.035,0.9111475905555232
5177,0.5162354357453511,1.0550078973623451,0.538772461616994,"Hajek(recency=20.0,delta=0.20)",Hajek,20.0,0.2,10,20,169,10000,,yes,0.035,0.9111475905555232
5178,0.509225979080728,1.0556021316300899,0.5463761525493619,"Hajek(recency=20.0,delta=0.20)",Hajek,20.0,0.2,10,20,169,10000,,yes,0.035,0.9111475905555232
5179,0.517174534538901,1.0617679229029982,0.5445933883640971,"Hajek(recency=20.0,delta=0.20)",Hajek,20.0,0.2,10,20,169,10000,,yes,0.035,0.9111475905555232
5180,0.5103113538938898,1.0649456340675716,0.5546342801736818,"Hajek(recency=20.0,delta=0.20)",Hajek,20.0,0.2,10,20,169,10000,,yes,0.035,0.9111475905555232
5181,0.5157971718100787,1.071757161769468,0.5559599899593892,"Hajek(recency=20.0,delta=0.20)",Hajek,20.0,0.2,10,20,169,10000,,yes,0.035,0.9111475905555232
5182,0.5140244227664202,1.0576490780351013,0.5436246552686811,"Hajek(recency=20.0,delta=0.20)",Hajek,20.0,0.2,10,20,169,10000,,yes,0.035,0.9111475905555232
5183,0.5101669724963716,1.0663259168170187,0.5561589443206472,"Hajek(recency=20.0,delta=0.20)",Hajek,20.0,0.2,10,20,169,10000,,yes,0.035,0.9111475905555232
5184,0.5124827389092775,1.0545532541330205,0.5420705152237429,"Hajek(recency=20.0,delta=0.20)",Hajek,20.0,0.2,10,20,169,10000,,yes,0.035,0.9111475905555232
5185,0.508491419317628,1.0489452990131316,0.5404538796955036,"Hajek(recency=20.0,delta=0.20)",Hajek,20.0,0.2,10,20,169,10000,,yes,0.035,0.9111475905555232
5186,0.5172963292704292,1.0526361860501092,0.53533985677968,"Hajek(recency=20.0,delta=0.20)",Hajek,20.0,0.2,10,20,169,10000,,yes,0.035,0.9111475905555232
5187,0.5157160245234981,1.0577910994723514,0.5420750749488533,"Hajek(recency=20.0,delta=0.20)",Hajek,20.0,0.2,10,20,169,10000,,yes,0.035,0.9111475905555232
5188,0.5132415050637531,1.0537931273542027,0.5405516222904496,"Hajek(recency=20.0,delta=0.20)",Hajek,20.0,0.2,10,20,169,10000,,yes,0.035,0.9111475905555232
5189,0.5113779604444638,1.0652463502455876,0.5538683898011237,"Hajek(recency=20.0,delta=0.20)",Hajek,20.0,0.2,10,20,169,10000,,yes,0.035,0.9111475905555232
5190,0.5143179304720329,1.0581811879380212,0.5438632574659883,"Hajek(recency=20.0,delta=0.20)",Hajek,20.0,0.2,10,20,169,10000,,yes,0.035,0.9111475905555232
5191,0.5132129030483412,1.0510183154409893,0.5378054123926481,"Hajek(recency=20.0,delta=0.20)",Hajek,20.0,0.2,10,20,169,10000,,yes,0.035,0.9111475905555232
5192,0.5133994206170361,1.051345391811615,0.5379459711945788,"Hajek(recency=20.0,delta=0.20)",Hajek,20.0,0.2,10,20,169,10000,,yes,0.035,0.9111475905555232
5193,0.5091581690935242,1.055355769866599,0.5461976007730748,"Hajek(recency=20.0,delta=0.20)",Hajek,20.0,0.2,10,20,169,10000,,yes,0.035,0.9111475905555232
5194,0.5216059931279685,1.0450667135765628,0.5234607204485943,"Hajek(recency=20.0,delta=0.20)",Hajek,20.0,0.2,10,20,169,10000,,yes,0.035,0.9111475905555232
5195,0.5118191198811975,1.0652477835771994,0.5534286636960019,"Hajek(recency=20.0,delta=0.20)",Hajek,20.0,0.2,10,20,169,10000,,yes,0.035,0.9111475905555232
5196,0.5204762544204032,1.0571048650227284,0.5366286106023251,"Hajek(recency=20.0,delta=0.20)",Hajek,20.0,0.2,10,20,169,10000,,yes,0.035,0.9111475905555232
5197,0.5195918233207305,1.0462001326330634,0.5266083093123329,"Hajek(recency=20.0,delta=0.20)",Hajek,20.0,0.2,10,20,169,10000,,yes,0.035,0.9111475905555232
5198,0.5129631770206377,1.0541752513563318,0.5412120743356942,"Hajek(recency=20.0,delta=0.20)",Hajek,20.0,0.2,10,20,169,10000,,yes,0.035,0.9111475905555232
5199,0.5136463521259348,1.0501938650279132,0.5365475129019784,"Hajek(recency=20.0,delta=0.20)",Hajek,20.0,0.2,10,20,169,10000,,yes,0.035,0.9111475905555232
5200,0.5111758866104544,1.0569893482983332,0.5458134616878788,"Hajek(recency=20.0,delta=0.20)",Hajek,20.0,0.2,10,20,169,10000,,yes,0.035,0.9111475905555232
5201,0.519857173663403,1.0612469228402541,0.5413897491768511,"Hajek(recency=20.0,delta=0.20)",Hajek,20.0,0.2,10,20,169,10000,,yes,0.035,0.9111475905555232
5202,0.5133769785163957,1.066235094452706,0.5528581159363102,"Hajek(recency=20.0,delta=0.20)",Hajek,20.0,0.2,10,20,169,10000,,yes,0.035,0.9111475905555232
5203,0.5225406127540012,1.0519747826755252,0.529434169921524,"Hajek(recency=20.0,delta=0.20)",Hajek,20.0,0.2,10,20,169,10000,,yes,0.035,0.9111475905555232
5204,0.5145610796544398,1.0679002726561666,0.5533391930017268,"Hajek(recency=20.0,delta=0.20)",Hajek,20.0,0.2,10,20,169,10000,,yes,0.035,0.9111475905555232
5205,0.5178970653196588,1.0718034802399,0.5539064149202411,"Hajek(recency=20.0,delta=0.20)",Hajek,20.0,0.2,10,20,169,10000,,yes,0.035,0.9111475905555232
5206,0.5129859370426684,1.0570212340274612,0.5440352969847928,"Hajek(recency=20.0,delta=0.20)",Hajek,20.0,0.2,10,20,169,10000,,yes,0.035,0.9111475905555232
5207,0.5138299560026808,1.048341805431967,0.5345118494292863,"Hajek(recency=20.0,delta=0.20)",Hajek,20.0,0.2,10,20,169,10000,,yes,0.035,0.9111475905555232
5208,0.5183308431204029,1.0493500321174742,0.5310191889970713,"Hajek(recency=20.0,delta=0.20)",Hajek,20.0,0.2,10,20,169,10000,,yes,0.035,0.9111475905555232
5209,0.5161792019810342,1.0620906698040675,0.5459114678230333,"Hajek(recency=20.0,delta=0.20)",Hajek,20.0,0.2,10,20,169,10000,,yes,0.035,0.9111475905555232
5210,0.5209690186567928,1.070948811368025,0.5499797927112322,"Hajek(recency=20.0,delta=0.20)",Hajek,20.0,0.2,10,20,169,10000,,yes,0.035,0.9111475905555232
5211,0.5101854858064433,1.0421520795387023,0.531966593732259,"Hajek(recency=20.0,delta=0.20)",Hajek,20.0,0.2,10,20,169,10000,,yes,0.035,0.9111475905555232
5212,0.5134188744184265,1.064039859216406,0.5506209847979795,"Hajek(recency=20.0,delta=0.20)",Hajek,20.0,0.2,10,20,169,10000,,yes,0.035,0.9111475905555232
5213,0.5240565539938228,1.0739649764921753,0.5499084224983525,"Hajek(recency=20.0,delta=0.20)",Hajek,20.0,0.2,10,20,169,10000,,yes,0.035,0.9111475905555232
5214,0.517164334842932,1.0521656892087825,0.5350013543658505,"Hajek(recency=20.0,delta=0.20)",Hajek,20.0,0.2,10,20,169,10000,,yes,0.035,0.9111475905555232
5215,0.5074754952532217,1.043394813810646,0.5359193185574243,"Hajek(recency=20.0,delta=0.20)",Hajek,20.0,0.2,10,20,169,10000,,yes,0.035,0.9111475905555232
5216,0.5138608029344364,1.0626773306361286,0.5488165277016922,"Hajek(recency=20.0,delta=0.20)",Hajek,20.0,0.2,10,20,169,10000,,yes,0.035,0.9111475905555232
5217,0.5198855321090446,1.0682489664509758,0.5483634343419311,"Hajek(recency=20.0,delta=0.20)",Hajek,20.0,0.2,10,20,169,10000,,yes,0.035,0.9111475905555232
5218,0.5137809365474517,1.067750698558731,0.5539697620112793,"Hajek(recency=20.0,delta=0.20)",Hajek,20.0,0.2,10,20,169,10000,,yes,0.035,0.9111475905555232
5219,0.5193000430583692,1.0572748483004153,0.5379748052420461,"Hajek(recency=20.0,delta=0.20)",Hajek,20.0,0.2,10,20,169,10000,,yes,0.035,0.9111475905555232
5220,0.5140760675420848,1.0710275274510384,0.5569514599089536,"Hajek(recency=20.0,delta=0.20)",Hajek,20.0,0.2,10,20,169,10000,,yes,0.035,0.9111475905555232
5221,0.5096283331662219,1.040947269360509,0.5313189361942872,"Hajek(recency=20.0,delta=0.20)",Hajek,20.0,0.2,10,20,169,10000,,yes,0.035,0.9111475905555232
5222,0.5096886589722217,1.058594556259008,0.5489058972867863,"Hajek(recency=20.0,delta=0.20)",Hajek,20.0,0.2,10,20,169,10000,,yes,0.035,0.9111475905555232
5223,0.5043993932118073,1.0485889526067589,0.5441895593949516,"Hajek(recency=20.0,delta=0.20)",Hajek,20.0,0.2,10,20,169,10000,,yes,0.035,0.9111475905555232
5224,0.5162465121440021,1.06487792464984,0.548631412505838,"Hajek(recency=20.0,delta=0.20)",Hajek,20.0,0.2,10,20,169,10000,,yes,0.035,0.9111475905555232
5225,0.5098468382678655,1.0577416829079933,0.5478948446401278,"Hajek(recency=20.0,delta=0.20)",Hajek,20.0,0.2,10,20,169,10000,,yes,0.035,0.9111475905555232
5226,0.5199774348137252,1.0574601133902972,0.5374826785765721,"Hajek(recency=20.0,delta=0.20)",Hajek,20.0,0.2,10,20,169,10000,,yes,0.035,0.9111475905555232
5227,0.5188121536288626,1.064806349824053,0.5459941961951904,"Hajek(recency=20.0,delta=0.20)",Hajek,20.0,0.2,10,20,169,10000,,yes,0.035,0.9111475905555232
5228,0.5049591267657426,1.0708838505555325,0.5659247237897899,"Hajek(recency=20.0,delta=0.20)",Hajek,20.0,0.2,10,20,169,10000,,yes,0.035,0.9111475905555232
5229,0.506838789929872,1.058495072114962,0.55165628218509,"Hajek(recency=20.0,delta=0.20)",Hajek,20.0,0.2,10,20,169,10000,,yes,0.035,0.9111475905555232
5230,0.5163964021359625,1.0484280080808777,0.5320316059449152,"Hajek(recency=20.0,delta=0.20)",Hajek,20.0,0.2,10,20,169,10000,,yes,0.035,0.9111475905555232
5231,0.525841661040944,1.0527105216883696,0.5268688606474257,"Hajek(recency=20.0,delta=0.20)",Hajek,20.0,0.2,10,20,169,10000,,yes,0.035,0.9111475905555232
5232,0.5139196219143006,1.0464311284439451,0.5325115065296445,"Hajek(recency=20.0,delta=0.20)",Hajek,20.0,0.2,10,20,169,10000,,yes,0.035,0.9111475905555232
5233,0.5235618915490909,1.067024667696489,0.543462776147398,"Hajek(recency=20.0,delta=0.20)",Hajek,20.0,0.2,10,20,169,10000,,yes,0.035,0.9111475905555232
5234,0.5190359562257058,1.0650813131446357,0.54604535691893,"Hajek(recency=20.0,delta=0.20)",Hajek,20.0,0.2,10,20,169,10000,,yes,0.035,0.9111475905555232
5235,0.5145360131687877,1.0578476024972931,0.5433115893285054,"Hajek(recency=20.0,delta=0.20)",Hajek,20.0,0.2,10,20,169,10000,,yes,0.035,0.9111475905555232
5236,0.5175196500200606,1.057037218277628,0.5395175682575674,"Hajek(recency=20.0,delta=0.20)",Hajek,20.0,0.2,10,20,169,10000,,yes,0.035,0.9111475905555232
5237,0.5153582625140517,1.0526964330586845,0.5373381705446328,"Hajek(recency=20.0,delta=0.20)",Hajek,20.0,0.2,10,20,169,10000,,yes,0.035,0.9111475905555232
5238,0.5268700878359107,1.0695301416818268,0.5426600538459161,"Hajek(recency=20.0,delta=0.20)",Hajek,20.0,0.2,10,20,169,10000,,yes,0.035,0.9111475905555232
5239,0.5159899747933165,1.0699252567244435,0.553935281931127,"Hajek(recency=20.0,delta=0.20)",Hajek,20.0,0.2,10,20,169,10000,,yes,0.035,0.9111475905555232
5240,0.5112618947378241,1.0563879219398085,0.5451260272019843,"Hajek(recency=20.0,delta=0.20)",Hajek,20.0,0.2,10,20,169,10000,,yes,0.035,0.9111475905555232
5241,0.510257186695637,1.0555801430424019,0.5453229563467649,"Hajek(recency=20.0,delta=0.20)",Hajek,20.0,0.2,10,20,169,10000,,yes,0.035,0.9111475905555232
5242,0.5140676070424195,1.0446966382537672,0.5306290312113477,"Hajek(recency=20.0,delta=0.20)",Hajek,20.0,0.2,10,20,169,10000,,yes,0.035,0.9111475905555232
5243,0.5148977870566936,1.0662910298348944,0.5513932427782008,"Hajek(recency=20.0,delta=0.20)",Hajek,20.0,0.2,10,20,169,10000,,yes,0.035,0.9111475905555232
5244,0.5189570997860277,1.0572709615428397,0.5383138617568121,"Hajek(recency=20.0,delta=0.20)",Hajek,20.0,0.2,10,20,169,10000,,yes,0.035,0.9111475905555232
5245,0.5145937462043059,1.0565154784717201,0.5419217322674142,"Hajek(recency=20.0,delta=0.20)",Hajek,20.0,0.2,10,20,169,10000,,yes,0.035,0.9111475905555232
5246,0.5064745678638316,1.057016362293592,0.5505417944297604,"Hajek(recency=20.0,delta=0.20)",Hajek,20.0,0.2,10,20,169,10000,,yes,0.035,0.9111475905555232
5247,0.5164070505708429,1.0666492311044684,0.5502421805336255,"Hajek(recency=20.0,delta=0.20)",Hajek,20.0,0.2,10,20,169,10000,,yes,0.035,0.9111475905555232
5248,0.5149351462010715,1.0703213976478225,0.555386251446751,"Hajek(recency=20.0,delta=0.20)",Hajek,20.0,0.2,10,20,169,10000,,yes,0.035,0.9111475905555232
5249,0.5260123247663576,1.0463217614318654,0.5203094366655078,"Hajek(recency=20.0,delta=0.20)",Hajek,20.0,0.2,10,20,169,10000,,yes,0.035,0.9111475905555232
5250,0.5155611382991119,1.0568625914680045,0.5413014531688927,"Hajek(recency=20.0,delta=0.20)",Hajek,20.0,0.2,10,20,169,10000,,yes,0.035,0.9111475905555232
5251,0.5144470600601402,1.0513298467772292,0.536882786717089,"Hajek(recency=20.0,delta=0.20)",Hajek,20.0,0.2,10,20,169,10000,,yes,0.035,0.9111475905555232
5252,0.5149098840721594,1.0547494404555364,0.539839556383377,"Hajek(recency=20.0,delta=0.20)",Hajek,20.0,0.2,10,20,169,10000,,yes,0.035,0.9111475905555232
5253,0.5176149187576692,1.0543975029262327,0.5367825841685635,"Hajek(recency=20.0,delta=0.20)",Hajek,20.0,0.2,10,20,169,10000,,yes,0.035,0.9111475905555232
5254,0.5092698090998032,1.0603982708795463,0.5511284617797431,"Hajek(recency=20.0,delta=0.20)",Hajek,20.0,0.2,10,20,169,10000,,yes,0.035,0.9111475905555232
5255,0.5121839510247304,1.0368475797745493,0.524663628749819,"Hajek(recency=20.0,delta=0.20)",Hajek,20.0,0.2,10,20,169,10000,,yes,0.035,0.9111475905555232
5256,0.5202808276874014,1.054656551659467,0.5343757239720657,"Hajek(recency=20.0,delta=0.20)",Hajek,20.0,0.2,10,20,169,10000,,yes,0.035,0.9111475905555232
5257,0.5142050441499236,1.0534540063986166,0.539248962248693,"Hajek(recency=20.0,delta=0.20)",Hajek,20.0,0.2,10,20,169,10000,,yes,0.035,0.9111475905555232
5258,0.520020680933685,1.05079911465247,0.530778433718785,"Hajek(recency=20.0,delta=0.20)",Hajek,20.0,0.2,10,20,169,10000,,yes,0.035,0.9111475905555232
5259,0.5148105272865211,1.0699378509888235,0.5551273237023024,"Hajek(recency=20.0,delta=0.20)",Hajek,20.0,0.2,10,20,169,10000,,yes,0.035,0.9111475905555232
5260,0.5131816683568794,1.047887565140955,0.5347058967840755,"Hajek(recency=20.0,delta=0.20)",Hajek,20.0,0.2,10,20,169,10000,,yes,0.035,0.9111475905555232
5261,0.5177070232138383,1.0586914780008039,0.5409844547869656,"Hajek(recency=20.0,delta=0.20)",Hajek,20.0,0.2,10,20,169,10000,,yes,0.035,0.9111475905555232
5262,0.5152914076572965,1.0454356803338294,0.5301442726765329,"Hajek(recency=20.0,delta=0.20)",Hajek,20.0,0.2,10,20,169,10000,,yes,0.035,0.9111475905555232
5263,0.5064961045547368,1.063182369382222,0.5566862648274852,"Hajek(recency=20.0,delta=0.20)",Hajek,20.0,0.2,10,20,169,10000,,yes,0.035,0.9111475905555232
5264,0.5188362473947568,1.052311181774255,0.5334749343794982,"Hajek(recency=20.0,delta=0.20)",Hajek,20.0,0.2,10,20,169,10000,,yes,0.035,0.9111475905555232
5265,0.5120393796853966,1.067011740110733,0.5549723604253365,"Hajek(recency=20.0,delta=0.20)",Hajek,20.0,0.2,10,20,169,10000,,yes,0.035,0.9111475905555232
5266,0.520695683870132,1.0548180691163052,0.5341223852461732,"Hajek(recency=20.0,delta=0.20)",Hajek,20.0,0.2,10,20,169,10000,,yes,0.035,0.9111475905555232
5267,0.5169443681530614,1.056293690297913,0.5393493221448515,"Hajek(recency=20.0,delta=0.20)",Hajek,20.0,0.2,10,20,169,10000,,yes,0.035,0.9111475905555232
5268,0.5125175034871661,1.0586038152813795,0.5460863117942134,"Hajek(recency=20.0,delta=0.20)",Hajek,20.0,0.2,10,20,169,10000,,yes,0.035,0.9111475905555232
5269,0.5092169867386037,1.05003002021464,0.5408130334760363,"Hajek(recency=20.0,delta=0.20)",Hajek,20.0,0.2,10,20,169,10000,,yes,0.035,0.9111475905555232
5270,0.5094976783334898,1.0556325010482461,0.5461348227147563,"Hajek(recency=20.0,delta=0.20)",Hajek,20.0,0.2,10,20,169,10000,,yes,0.035,0.9111475905555232
5271,0.5188310833603422,1.0628551876302068,0.5440241042698646,"Hajek(recency=20.0,delta=0.20)",Hajek,20.0,0.2,10,20,169,10000,,yes,0.035,0.9111475905555232
5272,0.5156534000386813,1.0656701736311713,0.55001677359249,"Hajek(recency=20.0,delta=0.20)",Hajek,20.0,0.2,10,20,169,10000,,yes,0.035,0.9111475905555232
5273,0.5164459839025253,1.0630385366324921,0.5465925527299669,"Hajek(recency=20.0,delta=0.20)",Hajek,20.0,0.2,10,20,169,10000,,yes,0.035,0.9111475905555232
5274,0.5155768734216606,1.0629194837898541,0.5473426103681935,"Hajek(recency=20.0,delta=0.20)",Hajek,20.0,0.2,10,20,169,10000,,yes,0.035,0.9111475905555232
5275,0.5204613036197909,1.0527524124293846,0.5322911088095936,"Hajek(recency=20.0,delta=0.20)",Hajek,20.0,0.2,10,20,169,10000,,yes,0.035,0.9111475905555232
5276,0.5141623683022871,1.0558574258165063,0.5416950575142192,"Hajek(recency=20.0,delta=0.20)",Hajek,20.0,0.2,10,20,169,10000,,yes,0.035,0.9111475905555232
5277,0.5123261510996128,1.064616998323794,0.5522908472241813,"Hajek(recency=20.0,delta=0.20)",Hajek,20.0,0.2,10,20,169,10000,,yes,0.035,0.9111475905555232
5278,0.5188244042388582,1.0472747115837753,0.528450307344917,"Hajek(recency=20.0,delta=0.20)",Hajek,20.0,0.2,10,20,169,10000,,yes,0.035,0.9111475905555232
5279,0.5069898064076577,1.0519370883090617,0.5449472819014041,"Hajek(recency=20.0,delta=0.20)",Hajek,20.0,0.2,10,20,169,10000,,yes,0.035,0.9111475905555232
5280,0.5134315793932884,1.0521719996209693,0.5387404202276809,"Hajek(recency=20.0,delta=0.20)",Hajek,20.0,0.2,10,20,169,10000,,yes,0.035,0.9111475905555232
5281,0.5212641926229482,1.0456932889885482,0.5244290963656,"Hajek(recency=20.0,delta=0.20)",Hajek,20.0,0.2,10,20,169,10000,,yes,0.035,0.9111475905555232
5282,0.5087893831897876,1.0551318904480067,0.5463425072582191,"Hajek(recency=20.0,delta=0.20)",Hajek,20.0,0.2,10,20,169,10000,,yes,0.035,0.9111475905555232
5283,0.5192999953206763,1.043994653962317,0.5246946586416408,"Hajek(recency=20.0,delta=0.20)",Hajek,20.0,0.2,10,20,169,10000,,yes,0.035,0.9111475905555232
5284,0.5122406638358715,1.0530710365368023,0.5408303727009308,"Hajek(recency=20.0,delta=0.20)",Hajek,20.0,0.2,10,20,169,10000,,yes,0.035,0.9111475905555232
5285,0.5163344804283128,1.051387019081113,0.5350525386528002,"Hajek(recency=20.0,delta=0.20)",Hajek,20.0,0.2,10,20,169,10000,,yes,0.035,0.9111475905555232
5286,0.5187563709831646,1.066027997915627,0.5472716269324625,"Hajek(recency=20.0,delta=0.20)",Hajek,20.0,0.2,10,20,169,10000,,yes,0.035,0.9111475905555232
5287,0.513415468702864,1.050569509336836,0.5371540406339719,"Hajek(recency=20.0,delta=0.20)",Hajek,20.0,0.2,10,20,169,10000,,yes,0.035,0.9111475905555232
5288,0.5111692253853862,1.0537967572722682,0.542627531886882,"Hajek(recency=20.0,delta=0.20)",Hajek,20.0,0.2,10,20,169,10000,,yes,0.035,0.9111475905555232
5289,0.5121987128262282,1.051906323645246,0.5397076108190177,"Hajek(recency=20.0,delta=0.20)",Hajek,20.0,0.2,10,20,169,10000,,yes,0.035,0.9111475905555232
5290,0.5069960253370085,1.0547520295700734,0.5477560042330649,"Hajek(recency=20.0,delta=0.20)",Hajek,20.0,0.2,10,20,169,10000,,yes,0.035,0.9111475905555232
5291,0.5147278394131495,1.0629726578763787,0.5482448184632293,"Hajek(recency=20.0,delta=0.20)",Hajek,20.0,0.2,10,20,169,10000,,yes,0.035,0.9111475905555232
5292,0.5111718585465769,1.0529292332368025,0.5417573746902257,"Hajek(recency=20.0,delta=0.20)",Hajek,20.0,0.2,10,20,169,10000,,yes,0.035,0.9111475905555232
5293,0.5076939726088389,1.053927743856796,0.5462337712479571,"Hajek(recency=20.0,delta=0.20)",Hajek,20.0,0.2,10,20,169,10000,,yes,0.035,0.9111475905555232
5294,0.5148129219059773,1.0565812693241783,0.541768347418201,"Hajek(recency=20.0,delta=0.20)",Hajek,20.0,0.2,10,20,169,10000,,yes,0.035,0.9111475905555232
5295,0.5101222110946471,1.0561808236232981,0.5460586125286511,"Hajek(recency=20.0,delta=0.20)",Hajek,20.0,0.2,10,20,169,10000,,yes,0.035,0.9111475905555232
5296,0.512787505802268,1.0655363433845337,0.5527488375822658,"Hajek(recency=20.0,delta=0.20)",Hajek,20.0,0.2,10,20,169,10000,,yes,0.035,0.9111475905555232
5297,0.5184371154620568,1.0566110378830706,0.5381739224210138,"Hajek(recency=20.0,delta=0.20)",Hajek,20.0,0.2,10,20,169,10000,,yes,0.035,0.9111475905555232
5298,0.5155537457632695,1.0596589009360207,0.5441051551727512,"Hajek(recency=20.0,delta=0.20)",Hajek,20.0,0.2,10,20,169,10000,,yes,0.035,0.9111475905555232
5299,0.5104983318558768,1.0562715804469576,0.5457732485910808,"Hajek(recency=20.0,delta=0.20)",Hajek,20.0,0.2,10,20,169,10000,,yes,0.035,0.9111475905555232
5300,0.5067035205632244,1.0541064821751331,0.5474029616119087,"Hajek(recency=20.0,delta=0.20)",Hajek,20.0,0.2,10,20,169,10000,,yes,0.035,0.9111475905555232
5301,0.5178661697089062,1.051976484066256,0.5341103143573498,"Hajek(recency=20.0,delta=0.20)",Hajek,20.0,0.2,10,20,169,10000,,yes,0.035,0.9111475905555232
5302,0.513711907102452,1.067062725483769,0.5533508183813171,"Hajek(recency=20.0,delta=0.20)",Hajek,20.0,0.2,10,20,169,10000,,yes,0.035,0.9111475905555232
5303,0.5186748334296978,1.0672236078135708,0.5485487743838731,"Hajek(recency=20.0,delta=0.20)",Hajek,20.0,0.2,10,20,169,10000,,yes,0.035,0.9111475905555232
5304,0.5139724702607578,1.0473281919429474,0.5333557216821896,"Hajek(recency=20.0,delta=0.20)",Hajek,20.0,0.2,10,20,169,10000,,yes,0.035,0.9111475905555232
5305,0.5097380213193065,1.0684958388523178,0.5587578175330113,"Hajek(recency=20.0,delta=0.20)",Hajek,20.0,0.2,10,20,169,10000,,yes,0.035,0.9111475905555232
5306,0.5098263615743063,1.0644200147082412,0.5545936531339349,"Hajek(recency=20.0,delta=0.20)",Hajek,20.0,0.2,10,20,169,10000,,yes,0.035,0.9111475905555232
5307,0.5234084423426411,1.0554752881729121,0.5320668458302711,"Hajek(recency=20.0,delta=0.20)",Hajek,20.0,0.2,10,20,169,10000,,yes,0.035,0.9111475905555232
5308,0.5211905369507057,1.048705403557412,0.5275148666067062,"Hajek(recency=20.0,delta=0.20)",Hajek,20.0,0.2,10,20,169,10000,,yes,0.035,0.9111475905555232
5309,0.5257990154230648,1.044208225300688,0.5184092098776231,"Hajek(recency=20.0,delta=0.20)",Hajek,20.0,0.2,10,20,169,10000,,yes,0.035,0.9111475905555232
5310,0.5119363020533984,1.0465047756745585,0.5345684736211601,"Hajek(recency=20.0,delta=0.20)",Hajek,20.0,0.2,10,20,169,10000,,yes,0.035,0.9111475905555232
5311,0.5130858453794924,1.0569012687401431,0.5438154233606507,"Hajek(recency=20.0,delta=0.20)",Hajek,20.0,0.2,10,20,169,10000,,yes,0.035,0.9111475905555232
5312,0.5123033696222372,1.0426479173097571,0.5303445476875199,"Hajek(recency=20.0,delta=0.20)",Hajek,20.0,0.2,10,20,169,10000,,yes,0.035,0.9111475905555232
5313,0.5178122545003508,1.0630110045890464,0.5451987500886956,"Hajek(recency=20.0,delta=0.20)",Hajek,20.0,0.2,10,20,169,10000,,yes,0.035,0.9111475905555232
5314,0.5162586574601564,1.052004920744524,0.5357462632843675,"Hajek(recency=20.0,delta=0.20)",Hajek,20.0,0.2,10,20,169,10000,,yes,0.035,0.9111475905555232
5315,0.5109613273517226,1.0652776717685726,0.55431634441685,"Hajek(recency=20.0,delta=0.20)",Hajek,20.0,0.2,10,20,169,10000,,yes,0.035,0.9111475905555232
5316,0.5140342047043683,1.057922593797288,0.5438883890929197,"Hajek(recency=20.0,delta=0.20)",Hajek,20.0,0.2,10,20,169,10000,,yes,0.035,0.9111475905555232
5317,0.5202230615739808,1.0502825213214655,0.5300594597474847,"Hajek(recency=20.0,delta=0.20)",Hajek,20.0,0.2,10,20,169,10000,,yes,0.035,0.9111475905555232
5318,0.5185680109564742,1.0673604808182613,0.5487924698617871,"Hajek(recency=20.0,delta=0.20)",Hajek,20.0,0.2,10,20,169,10000,,yes,0.035,0.9111475905555232
5319,0.5083021072335059,1.0605718862427007,0.5522697790091948,"Hajek(recency=20.0,delta=0.20)",Hajek,20.0,0.2,10,20,169,10000,,yes,0.035,0.9111475905555232
5320,0.507686515202029,1.0515210179256038,0.5438345027235748,"Hajek(recency=20.0,delta=0.20)",Hajek,20.0,0.2,10,20,169,10000,,yes,0.035,0.9111475905555232
5321,0.5155503495469447,1.0461176249904431,0.5305672754434985,"Hajek(recency=20.0,delta=0.20)",Hajek,20.0,0.2,10,20,169,10000,,yes,0.035,0.9111475905555232
5322,0.514725320404384,1.024831485964533,0.5101061655601491,"Hajek(recency=20.0,delta=0.20)",Hajek,20.0,0.2,10,20,169,10000,,yes,0.035,0.9111475905555232
5323,0.5246242400698158,1.0542040591121613,0.5295798190423455,"Hajek(recency=20.0,delta=0.20)",Hajek,20.0,0.2,10,20,169,10000,,yes,0.035,0.9111475905555232
5324,0.5127640777976403,1.0571419981719365,0.5443779203742962,"Hajek(recency=20.0,delta=0.20)",Hajek,20.0,0.2,10,20,169,10000,,yes,0.035,0.9111475905555232
5325,0.5069330102988233,1.0487210029987184,0.5417879926998951,"Hajek(recency=20.0,delta=0.20)",Hajek,20.0,0.2,10,20,169,10000,,yes,0.035,0.9111475905555232
5326,0.5265076238524673,1.0503933545137591,0.5238857306612918,"Hajek(recency=20.0,delta=0.20)",Hajek,20.0,0.2,10,20,169,10000,,yes,0.035,0.9111475905555232
5327,0.5124288111562542,1.0533024093013137,0.5408735981450595,"Hajek(recency=20.0,delta=0.20)",Hajek,20.0,0.2,10,20,169,10000,,yes,0.035,0.9111475905555232
5328,0.5120634078851957,1.0354316044830996,0.5233681965979039,"Hajek(recency=20.0,delta=0.20)",Hajek,20.0,0.2,10,20,169,10000,,yes,0.035,0.9111475905555232
5329,0.5140677062035849,1.040365041357694,0.526297335154109,"Hajek(recency=20.0,delta=0.20)",Hajek,20.0,0.2,10,20,169,10000,,yes,0.035,0.9111475905555232
5330,0.5087727519177071,1.0534386013672101,0.544665849449503,"Hajek(recency=20.0,delta=0.20)",Hajek,20.0,0.2,10,20,169,10000,,yes,0.035,0.9111475905555232
5331,0.5092485409628688,1.0518892206968162,0.5426406797339475,"Hajek(recency=20.0,delta=0.20)",Hajek,20.0,0.2,10,20,169,10000,,yes,0.035,0.9111475905555232
5332,0.5013995290797957,1.0450829597170304,0.5436834306372347,"Hajek(recency=20.0,delta=0.20)",Hajek,20.0,0.2,10,20,169,10000,,yes,0.035,0.9111475905555232
5333,0.5161033170553778,1.051020233080952,0.5349169160255741,"Hajek(recency=20.0,delta=0.20)",Hajek,20.0,0.2,10,20,169,10000,,yes,0.035,0.9111475905555232
5334,0.5097878985566358,1.052937706067433,0.5431498075107972,"Hajek(recency=20.0,delta=0.20)",Hajek,20.0,0.2,10,20,169,10000,,yes,0.035,0.9111475905555232
5335,0.5051519362323356,1.059780521911813,0.5546285856794775,"Hajek(recency=20.0,delta=0.20)",Hajek,20.0,0.2,10,20,169,10000,,yes,0.035,0.9111475905555232
5336,0.518093560178527,1.0732623844440723,0.5551688242655453,"Hajek(recency=20.0,delta=0.20)",Hajek,20.0,0.2,10,20,169,10000,,yes,0.035,0.9111475905555232
5337,0.5165501124831126,1.0405131346486127,0.5239630221655002,"Hajek(recency=20.0,delta=0.20)",Hajek,20.0,0.2,10,20,169,10000,,yes,0.035,0.9111475905555232
5338,0.5166536531025027,1.0522798628328662,0.5356262097303636,"Hajek(recency=20.0,delta=0.20)",Hajek,20.0,0.2,10,20,169,10000,,yes,0.035,0.9111475905555232
5339,0.5119351996041724,1.0530848516469251,0.5411496520427527,"Hajek(recency=20.0,delta=0.20)",Hajek,20.0,0.2,10,20,169,10000,,yes,0.035,0.9111475905555232
5340,0.5113961553273624,1.0510099206031747,0.5396137652758123,"Hajek(recency=20.0,delta=0.20)",Hajek,20.0,0.2,10,20,169,10000,,yes,0.035,0.9111475905555232
5341,0.5147614933948758,1.0538356083529417,0.5390741149580659,"Hajek(recency=20.0,delta=0.20)",Hajek,20.0,0.2,10,20,169,10000,,yes,0.035,0.9111475905555232
5342,0.5078029950167192,1.0673876807344818,0.5595846857177625,"Hajek(recency=20.0,delta=0.20)",Hajek,20.0,0.2,10,20,169,10000,,yes,0.035,0.9111475905555232
5343,0.5131286149523401,1.0584025128632122,0.5452738979108721,"Hajek(recency=20.0,delta=0.20)",Hajek,20.0,0.2,10,20,169,10000,,yes,0.035,0.9111475905555232
5344,0.5170499451980122,1.056553989328855,0.5395040441308427,"Hajek(recency=20.0,delta=0.20)",Hajek,20.0,0.2,10,20,169,10000,,yes,0.035,0.9111475905555232
5345,0.5152307786041619,1.0694758529365045,0.5542450743323426,"Hajek(recency=20.0,delta=0.20)",Hajek,20.0,0.2,10,20,169,10000,,yes,0.035,0.9111475905555232
5346,0.5158677090253948,1.049713356593245,0.5338456475678502,"Hajek(recency=20.0,delta=0.20)",Hajek,20.0,0.2,10,20,169,10000,,yes,0.035,0.9111475905555232
5347,0.5127642429134153,1.0516375914943428,0.5388733485809275,"Hajek(recency=20.0,delta=0.20)",Hajek,20.0,0.2,10,20,169,10000,,yes,0.035,0.9111475905555232
5348,0.5174512104550976,1.0485299403762907,0.5310787299211931,"Hajek(recency=20.0,delta=0.20)",Hajek,20.0,0.2,10,20,169,10000,,yes,0.035,0.9111475905555232
5349,0.5136963657766421,1.0589586814183645,0.5452623156417223,"Hajek(recency=20.0,delta=0.20)",Hajek,20.0,0.2,10,20,169,10000,,yes,0.035,0.9111475905555232
5350,0.5202466472997672,1.0538008361074245,0.5335541888076573,"Hajek(recency=20.0,delta=0.20)",Hajek,20.0,0.2,10,20,169,10000,,yes,0.035,0.9111475905555232
5351,0.5081442428280636,1.0353980908713754,0.5272538480433118,"Hajek(recency=20.0,delta=0.20)",Hajek,20.0,0.2,10,20,169,10000,,yes,0.035,0.9111475905555232
5352,0.5144456648536602,1.0621153923326605,0.5476697274790003,"Hajek(recency=20.0,delta=0.20)",Hajek,20.0,0.2,10,20,169,10000,,yes,0.035,0.9111475905555232
5353,0.5105875660971855,1.0477463331894008,0.5371587670922153,"Hajek(recency=20.0,delta=0.20)",Hajek,20.0,0.2,10,20,169,10000,,yes,0.035,0.9111475905555232
5354,0.5094299673310677,1.0526820237244197,0.543252056393352,"Hajek(recency=20.0,delta=0.20)",Hajek,20.0,0.2,10,20,169,10000,,yes,0.035,0.9111475905555232
5355,0.5165226113263803,1.0595450413104834,0.5430224299841031,"Hajek(recency=20.0,delta=0.20)",Hajek,20.0,0.2,10,20,169,10000,,yes,0.035,0.9111475905555232
5356,0.5134079567530617,1.0604506287932691,0.5470426720402074,"Hajek(recency=20.0,delta=0.20)",Hajek,20.0,0.2,10,20,169,10000,,yes,0.035,0.9111475905555232
5357,0.5197792934069794,1.0462716502434304,0.526492356836451,"Hajek(recency=20.0,delta=0.20)",Hajek,20.0,0.2,10,20,169,10000,,yes,0.035,0.9111475905555232
5358,0.51362859212037,1.0532853475498096,0.5396567554294396,"Hajek(recency=20.0,delta=0.20)",Hajek,20.0,0.2,10,20,169,10000,,yes,0.035,0.9111475905555232
5359,0.5205338377646699,1.0520530129873045,0.5315191752226346,"Hajek(recency=20.0,delta=0.20)",Hajek,20.0,0.2,10,20,169,10000,,yes,0.035,0.9111475905555232
5360,0.5189971657636365,1.0482234697825992,0.5292263040189626,"Hajek(recency=20.0,delta=0.20)",Hajek,20.0,0.2,10,20,169,10000,,yes,0.035,0.9111475905555232
5361,0.5191743140169219,1.0421373198486228,0.5229630058317009,"Hajek(recency=20.0,delta=0.20)",Hajek,20.0,0.2,10,20,169,10000,,yes,0.035,0.9111475905555232
5362,0.5139520341881055,1.0635768673800317,0.5496248331919261,"Hajek(recency=20.0,delta=0.20)",Hajek,20.0,0.2,10,20,169,10000,,yes,0.035,0.9111475905555232
5363,0.510894455624973,1.0485742193449314,0.5376797637199584,"Hajek(recency=20.0,delta=0.20)",Hajek,20.0,0.2,10,20,169,10000,,yes,0.035,0.9111475905555232
5364,0.523411859897077,1.0654955860325208,0.5420837261354439,"Hajek(recency=20.0,delta=0.20)",Hajek,20.0,0.2,10,20,169,10000,,yes,0.035,0.9111475905555232
5365,0.5031480744509943,1.051256974432772,0.5481088999817777,"Hajek(recency=20.0,delta=0.20)",Hajek,20.0,0.2,10,20,169,10000,,yes,0.035,0.9111475905555232
5366,0.5208160263576117,1.07129211473336,0.5504760883757484,"Hajek(recency=20.0,delta=0.20)",Hajek,20.0,0.2,10,20,169,10000,,yes,0.035,0.9111475905555232
5367,0.4992849902644605,1.0597916327861676,0.5605066425217071,"Hajek(recency=20.0,delta=0.20)",Hajek,20.0,0.2,10,20,169,10000,,yes,0.035,0.9111475905555232
5368,0.5102636748181609,1.048867507220677,0.5386038324025161,"Hajek(recency=20.0,delta=0.20)",Hajek,20.0,0.2,10,20,169,10000,,yes,0.035,0.9111475905555232
5369,0.5209860428211396,1.0471527773700484,0.5261667345489088,"Hajek(recency=20.0,delta=0.20)",Hajek,20.0,0.2,10,20,169,10000,,yes,0.035,0.9111475905555232
5370,0.5209445010374978,1.0644059570539461,0.5434614560164484,"Hajek(recency=20.0,delta=0.20)",Hajek,20.0,0.2,10,20,169,10000,,yes,0.035,0.9111475905555232
5371,0.5139197289417496,1.0703245588550407,0.5564048299132911,"Hajek(recency=20.0,delta=0.20)",Hajek,20.0,0.2,10,20,169,10000,,yes,0.035,0.9111475905555232
5372,0.5167947897421405,1.0552295332688066,0.5384347435266661,"Hajek(recency=20.0,delta=0.20)",Hajek,20.0,0.2,10,20,169,10000,,yes,0.035,0.9111475905555232
5373,0.5100282280175424,1.0608144222497857,0.5507861942322433,"Hajek(recency=20.0,delta=0.20)",Hajek,20.0,0.2,10,20,169,10000,,yes,0.035,0.9111475905555232
5374,0.5227434991888157,1.0499936584678797,0.527250159279064,"Hajek(recency=20.0,delta=0.20)",Hajek,20.0,0.2,10,20,169,10000,,yes,0.035,0.9111475905555232
5375,0.5129650785361379,1.0583708670438468,0.5454057885077088,"Hajek(recency=20.0,delta=0.20)",Hajek,20.0,0.2,10,20,169,10000,,yes,0.035,0.9111475905555232
5376,0.514152660150687,1.0498950859594722,0.5357424258087853,"Hajek(recency=20.0,delta=0.20)",Hajek,20.0,0.2,10,20,169,10000,,yes,0.035,0.9111475905555232
5377,0.5099971315312424,1.0661311330172947,0.5561340014860523,"Hajek(recency=20.0,delta=0.20)",Hajek,20.0,0.2,10,20,169,10000,,yes,0.035,0.9111475905555232
5378,0.5043004980284288,1.0604886872488564,0.5561881892204276,"Hajek(recency=20.0,delta=0.20)",Hajek,20.0,0.2,10,20,169,10000,,yes,0.035,0.9111475905555232
5379,0.5178618215902,1.0568554749279275,0.5389936533377275,"Hajek(recency=20.0,delta=0.20)",Hajek,20.0,0.2,10,20,169,10000,,yes,0.035,0.9111475905555232
5380,0.5076392357773166,1.0643193716404433,0.5566801358631267,"Hajek(recency=20.0,delta=0.20)",Hajek,20.0,0.2,10,20,169,10000,,yes,0.035,0.9111475905555232
5381,0.5179289866723028,1.0587534375555325,0.5408244508832297,"Hajek(recency=20.0,delta=0.20)",Hajek,20.0,0.2,10,20,169,10000,,yes,0.035,0.9111475905555232
5382,0.512694544434967,1.0478813857255864,0.5351868412906194,"Hajek(recency=20.0,delta=0.20)",Hajek,20.0,0.2,10,20,169,10000,,yes,0.035,0.9111475905555232
5383,0.5134037143591967,1.060914092052618,0.5475103776934214,"Hajek(recency=20.0,delta=0.20)",Hajek,20.0,0.2,10,20,169,10000,,yes,0.035,0.9111475905555232
5384,0.5116314621776518,1.0478145373169008,0.536183075139249,"Hajek(recency=20.0,delta=0.20)",Hajek,20.0,0.2,10,20,169,10000,,yes,0.035,0.9111475905555232
5385,0.5179178079969896,1.0573194629994418,0.5394016550024522,"Hajek(recency=20.0,delta=0.20)",Hajek,20.0,0.2,10,20,169,10000,,yes,0.035,0.9111475905555232
5386,0.5069400817404888,1.0486013099987441,0.5416612282582554,"Hajek(recency=20.0,delta=0.20)",Hajek,20.0,0.2,10,20,169,10000,,yes,0.035,0.9111475905555232
5387,0.5104704256117144,1.0587135183376915,0.548243092725977,"Hajek(recency=20.0,delta=0.20)",Hajek,20.0,0.2,10,20,169,10000,,yes,0.035,0.9111475905555232
5388,0.5122407497096104,1.055688534066697,0.5434477843570866,"Hajek(recency=20.0,delta=0.20)",Hajek,20.0,0.2,10,20,169,10000,,yes,0.035,0.9111475905555232
5389,0.518427163973652,1.0526441022908029,0.5342169383171509,"Hajek(recency=20.0,delta=0.20)",Hajek,20.0,0.2,10,20,169,10000,,yes,0.035,0.9111475905555232
5390,0.5178352574308334,1.0417613070546934,0.52392604962386,"Hajek(recency=20.0,delta=0.20)",Hajek,20.0,0.2,10,20,169,10000,,yes,0.035,0.9111475905555232
5391,0.5119721875603073,1.0548418670901691,0.5428696795298619,"Hajek(recency=20.0,delta=0.20)",Hajek,20.0,0.2,10,20,169,10000,,yes,0.035,0.9111475905555232
5392,0.5196827203045088,1.0632100294210245,0.5435273091165157,"Hajek(recency=20.0,delta=0.20)",Hajek,20.0,0.2,10,20,169,10000,,yes,0.035,0.9111475905555232
5393,0.5251016596837729,1.05261229066059,0.527510630976817,"Hajek(recency=20.0,delta=0.20)",Hajek,20.0,0.2,10,20,169,10000,,yes,0.035,0.9111475905555232
5394,0.5157918558265414,1.0555808867403011,0.5397890309137597,"Hajek(recency=20.0,delta=0.20)",Hajek,20.0,0.2,10,20,169,10000,,yes,0.035,0.9111475905555232
5395,0.5126593264842997,1.0683730092460062,0.5557136827617065,"Hajek(recency=20.0,delta=0.20)",Hajek,20.0,0.2,10,20,169,10000,,yes,0.035,0.9111475905555232
5396,0.5136564299893202,1.0592626436183568,0.5456062136290366,"Hajek(recency=20.0,delta=0.20)",Hajek,20.0,0.2,10,20,169,10000,,yes,0.035,0.9111475905555232
5397,0.5214589632084612,1.0549164051348108,0.5334574419263496,"Hajek(recency=20.0,delta=0.20)",Hajek,20.0,0.2,10,20,169,10000,,yes,0.035,0.9111475905555232
5398,0.5169689020638462,1.0694250064492172,0.5524561043853711,"Hajek(recency=20.0,delta=0.20)",Hajek,20.0,0.2,10,20,169,10000,,yes,0.035,0.9111475905555232
5399,0.5178563811366773,1.0526098808498046,0.5347534997131272,"Hajek(recency=20.0,delta=0.20)",Hajek,20.0,0.2,10,20,169,10000,,yes,0.035,0.9111475905555232
5400,0.5241705465418288,1.055494328331731,0.5313237817899022,"Hajek(recency=20.0,delta=0.20)",Hajek,20.0,0.2,10,20,169,10000,,yes,0.035,0.9111475905555232
5401,0.5224347101010176,1.0534073363508405,0.5309726262498229,"Hajek(recency=20.0,delta=0.20)",Hajek,20.0,0.2,10,20,169,10000,,yes,0.035,0.9111475905555232
5402,0.5083958581968353,1.0616420497926196,0.5532461915957843,"Hajek(recency=20.0,delta=0.20)",Hajek,20.0,0.2,10,20,169,10000,,yes,0.035,0.9111475905555232
5403,0.5178862406013534,1.0657494389883735,0.5478631983870201,"Hajek(recency=20.0,delta=0.20)",Hajek,20.0,0.2,10,20,169,10000,,yes,0.035,0.9111475905555232
5404,0.5109496974073272,1.047152420318004,0.5362027229106768,"Hajek(recency=20.0,delta=0.20)",Hajek,20.0,0.2,10,20,169,10000,,yes,0.035,0.9111475905555232
5405,0.5066342791561844,1.0751756395794396,0.5685413604232552,"Hajek(recency=20.0,delta=0.20)",Hajek,20.0,0.2,10,20,169,10000,,yes,0.035,0.9111475905555232
5406,0.5104670738896233,1.0685557624737807,0.5580886885841574,"Hajek(recency=20.0,delta=0.20)",Hajek,20.0,0.2,10,20,169,10000,,yes,0.035,0.9111475905555232
5407,0.5066003189350147,1.0474090058119079,0.5408086868768932,"Hajek(recency=20.0,delta=0.20)",Hajek,20.0,0.2,10,20,169,10000,,yes,0.035,0.9111475905555232
5408,0.5165840747912203,1.0574954407054422,0.540911365914222,"Hajek(recency=20.0,delta=0.20)",Hajek,20.0,0.2,10,20,169,10000,,yes,0.035,0.9111475905555232
5409,0.5127033841439071,1.0555666799115975,0.5428632957676903,"Hajek(recency=20.0,delta=0.20)",Hajek,20.0,0.2,10,20,169,10000,,yes,0.035,0.9111475905555232
5410,0.5162046268873641,1.0669789382856651,0.550774311398301,"Hajek(recency=20.0,delta=0.20)",Hajek,20.0,0.2,10,20,169,10000,,yes,0.035,0.9111475905555232
5411,0.5251153799388121,1.065326945788813,0.540211565850001,"Hajek(recency=20.0,delta=0.20)",Hajek,20.0,0.2,10,20,169,10000,,yes,0.035,0.9111475905555232
5412,0.5122083678365108,1.0566915040691887,0.5444831362326779,"Hajek(recency=20.0,delta=0.20)",Hajek,20.0,0.2,10,20,169,10000,,yes,0.035,0.9111475905555232
5413,0.5164182959518158,1.0514021647061296,0.5349838687543138,"Hajek(recency=20.0,delta=0.20)",Hajek,20.0,0.2,10,20,169,10000,,yes,0.035,0.9111475905555232
5414,0.5262673985433635,1.0586820919906095,0.532414693447246,"Hajek(recency=20.0,delta=0.20)",Hajek,20.0,0.2,10,20,169,10000,,yes,0.035,0.9111475905555232
5415,0.5221917860469163,1.0452225617877084,0.5230307757407922,"Hajek(recency=20.0,delta=0.20)",Hajek,20.0,0.2,10,20,169,10000,,yes,0.035,0.9111475905555232
5416,0.5143414226894348,1.0589364208538905,0.5445949981644557,"Hajek(recency=20.0,delta=0.20)",Hajek,20.0,0.2,10,20,169,10000,,yes,0.035,0.9111475905555232
5417,0.516780157281241,1.0625017091138023,0.5457215518325612,"Hajek(recency=20.0,delta=0.20)",Hajek,20.0,0.2,10,20,169,10000,,yes,0.035,0.9111475905555232
5418,0.5129256917732241,1.0631468677053812,0.5502211759321571,"Hajek(recency=20.0,delta=0.20)",Hajek,20.0,0.2,10,20,169,10000,,yes,0.035,0.9111475905555232
5419,0.5138129762683619,1.0535997639124186,0.5397867876440567,"Hajek(recency=20.0,delta=0.20)",Hajek,20.0,0.2,10,20,169,10000,,yes,0.035,0.9111475905555232
5420,0.5050948808900059,1.063946456773374,0.5588515758833682,"Hajek(recency=20.0,delta=0.20)",Hajek,20.0,0.2,10,20,169,10000,,yes,0.035,0.9111475905555232
5421,0.5100774239884711,1.0705064168490086,0.5604289928605375,"Hajek(recency=20.0,delta=0.20)",Hajek,20.0,0.2,10,20,169,10000,,yes,0.035,0.9111475905555232
5422,0.5126622028303605,1.0487156945205316,0.5360534916901711,"Hajek(recency=20.0,delta=0.20)",Hajek,20.0,0.2,10,20,169,10000,,yes,0.035,0.9111475905555232
5423,0.5180241645296999,1.066202901289094,0.548178736759394,"Hajek(recency=20.0,delta=0.20)",Hajek,20.0,0.2,10,20,169,10000,,yes,0.035,0.9111475905555232
5424,0.5206592717138188,1.058754356897786,0.5380950851839672,"Hajek(recency=20.0,delta=0.20)",Hajek,20.0,0.2,10,20,169,10000,,yes,0.035,0.9111475905555232
5425,0.514785408128542,1.0526979218529733,0.5379125137244313,"Hajek(recency=20.0,delta=0.20)",Hajek,20.0,0.2,10,20,169,10000,,yes,0.035,0.9111475905555232
5426,0.5177949469337367,1.0638196700203546,0.5460247230866179,"Hajek(recency=20.0,delta=0.20)",Hajek,20.0,0.2,10,20,169,10000,,yes,0.035,0.9111475905555232
5427,0.5006540209322428,1.0476288914323508,0.5469748705001081,"Hajek(recency=20.0,delta=0.20)",Hajek,20.0,0.2,10,20,169,10000,,yes,0.035,0.9111475905555232
5428,0.515657268528038,1.0630714959624357,0.5474142274343977,"Hajek(recency=20.0,delta=0.20)",Hajek,20.0,0.2,10,20,169,10000,,yes,0.035,0.9111475905555232
5429,0.5195813339294855,1.0432337828623865,0.5236524489329011,"Hajek(recency=20.0,delta=0.20)",Hajek,20.0,0.2,10,20,169,10000,,yes,0.035,0.9111475905555232
5430,0.5173880829166853,1.0451882026986934,0.5278001197820081,"Hajek(recency=20.0,delta=0.20)",Hajek,20.0,0.2,10,20,169,10000,,yes,0.035,0.9111475905555232
5431,0.5300199829077977,1.0558164980122051,0.5257965151044074,"Hajek(recency=20.0,delta=0.20)",Hajek,20.0,0.2,10,20,169,10000,,yes,0.035,0.9111475905555232
5432,0.516749457764325,1.0508499666396747,0.5341005088753497,"Hajek(recency=20.0,delta=0.20)",Hajek,20.0,0.2,10,20,169,10000,,yes,0.035,0.9111475905555232
5433,0.5132293506164852,1.058651480684398,0.5454221300679128,"Hajek(recency=20.0,delta=0.20)",Hajek,20.0,0.2,10,20,169,10000,,yes,0.035,0.9111475905555232
5434,0.5199497374078357,1.0489866425629506,0.5290369051551149,"Hajek(recency=20.0,delta=0.20)",Hajek,20.0,0.2,10,20,169,10000,,yes,0.035,0.9111475905555232
5435,0.5175931002521182,1.0540615881801298,0.5364684879280116,"Hajek(recency=20.0,delta=0.20)",Hajek,20.0,0.2,10,20,169,10000,,yes,0.035,0.9111475905555232
5436,0.5149137480444406,1.0649140907755918,0.5500003427311513,"Hajek(recency=20.0,delta=0.20)",Hajek,20.0,0.2,10,20,169,10000,,yes,0.035,0.9111475905555232
5437,0.5118029151558249,1.0603923667362132,0.5485894515803883,"Hajek(recency=20.0,delta=0.20)",Hajek,20.0,0.2,10,20,169,10000,,yes,0.035,0.9111475905555232
5438,0.5158202729895471,1.0707752467437475,0.5549549737542003,"Hajek(recency=20.0,delta=0.20)",Hajek,20.0,0.2,10,20,169,10000,,yes,0.035,0.9111475905555232
5439,0.5049407442581877,1.0655251780899146,0.560584433831727,"Hajek(recency=20.0,delta=0.20)",Hajek,20.0,0.2,10,20,169,10000,,yes,0.035,0.9111475905555232
5440,0.5118717338429071,1.0599079233904631,0.5480361895475561,"Hajek(recency=20.0,delta=0.20)",Hajek,20.0,0.2,10,20,169,10000,,yes,0.035,0.9111475905555232
5441,0.5209349384055181,1.0652321768369923,0.5442972384314743,"Hajek(recency=20.0,delta=0.20)",Hajek,20.0,0.2,10,20,169,10000,,yes,0.035,0.9111475905555232
5442,0.5128596982564302,1.0440680535629,0.5312083553064697,"Hajek(recency=20.0,delta=0.20)",Hajek,20.0,0.2,10,20,169,10000,,yes,0.035,0.9111475905555232
5443,0.5279474267650113,1.0490662540153994,0.5211188272503882,"Hajek(recency=20.0,delta=0.20)",Hajek,20.0,0.2,10,20,169,10000,,yes,0.035,0.9111475905555232
5444,0.5204495823281314,1.0395408524892316,0.5190912701611001,"Hajek(recency=20.0,delta=0.20)",Hajek,20.0,0.2,10,20,169,10000,,yes,0.035,0.9111475905555232
5445,0.5208517829991398,1.0600768414816064,0.5392250584824666,"Hajek(recency=20.0,delta=0.20)",Hajek,20.0,0.2,10,20,169,10000,,yes,0.035,0.9111475905555232
5446,0.51732867171929,1.0548185096912739,0.5374898379719839,"Hajek(recency=20.0,delta=0.20)",Hajek,20.0,0.2,10,20,169,10000,,yes,0.035,0.9111475905555232
5447,0.5086311494311492,1.0697465872620828,0.5611154378309336,"Hajek(recency=20.0,delta=0.20)",Hajek,20.0,0.2,10,20,169,10000,,yes,0.035,0.9111475905555232
5448,0.503445868662301,1.0645733935207826,0.5611275248584816,"Hajek(recency=20.0,delta=0.20)",Hajek,20.0,0.2,10,20,169,10000,,yes,0.035,0.9111475905555232
5449,0.5177283469448416,1.0595835094476853,0.5418551625028437,"Hajek(recency=20.0,delta=0.20)",Hajek,20.0,0.2,10,20,169,10000,,yes,0.035,0.9111475905555232
5450,0.519850004478137,1.0528788201688317,0.5330288156906947,"Hajek(recency=20.0,delta=0.20)",Hajek,20.0,0.2,10,20,169,10000,,yes,0.035,0.9111475905555232
5451,0.5116741478306206,1.0571843723458152,0.5455102245151946,"Hajek(recency=20.0,delta=0.20)",Hajek,20.0,0.2,10,20,169,10000,,yes,0.035,0.9111475905555232
5452,0.5084404257384537,1.062203513169289,0.5537630874308354,"Hajek(recency=20.0,delta=0.20)",Hajek,20.0,0.2,10,20,169,10000,,yes,0.035,0.9111475905555232
5453,0.5101330443333024,1.0486512153828464,0.538518171049544,"Hajek(recency=20.0,delta=0.20)",Hajek,20.0,0.2,10,20,169,10000,,yes,0.035,0.9111475905555232
5454,0.5142411740288008,1.0595965704915877,0.545355396462787,"Hajek(recency=20.0,delta=0.20)",Hajek,20.0,0.2,10,20,169,10000,,yes,0.035,0.9111475905555232
5455,0.5231503423618316,1.049712350781982,0.5265620084201506,"Hajek(recency=20.0,delta=0.20)",Hajek,20.0,0.2,10,20,169,10000,,yes,0.035,0.9111475905555232
5456,0.5155490192375899,1.0524462474609064,0.5368972282233165,"Hajek(recency=20.0,delta=0.20)",Hajek,20.0,0.2,10,20,169,10000,,yes,0.035,0.9111475905555232
5457,0.5110448802304258,1.0605972331994853,0.5495523529690595,"Hajek(recency=20.0,delta=0.20)",Hajek,20.0,0.2,10,20,169,10000,,yes,0.035,0.9111475905555232
5458,0.5135358434414187,1.0490338549950737,0.5354980115536551,"Hajek(recency=20.0,delta=0.20)",Hajek,20.0,0.2,10,20,169,10000,,yes,0.035,0.9111475905555232
5459,0.5193162602301075,1.0557935576091084,0.536477297379001,"Hajek(recency=20.0,delta=0.20)",Hajek,20.0,0.2,10,20,169,10000,,yes,0.035,0.9111475905555232
5460,0.5072715532374252,1.0645197424232675,0.5572481891858423,"Hajek(recency=20.0,delta=0.20)",Hajek,20.0,0.2,10,20,169,10000,,yes,0.035,0.9111475905555232
5461,0.5194683658458961,1.0524776136983232,0.5330092478524271,"Hajek(recency=20.0,delta=0.20)",Hajek,20.0,0.2,10,20,169,10000,,yes,0.035,0.9111475905555232
5462,0.521167850545432,1.042541640648644,0.521373790103212,"Hajek(recency=20.0,delta=0.20)",Hajek,20.0,0.2,10,20,169,10000,,yes,0.035,0.9111475905555232
5463,0.5166479541379109,1.0620713019145493,0.5454233477766385,"Hajek(recency=20.0,delta=0.20)",Hajek,20.0,0.2,10,20,169,10000,,yes,0.035,0.9111475905555232
5464,0.5222074633576242,1.060072976131102,0.5378655127734778,"Hajek(recency=20.0,delta=0.20)",Hajek,20.0,0.2,10,20,169,10000,,yes,0.035,0.9111475905555232
5465,0.5070206384988163,1.0537330287388236,0.5467123902400073,"Hajek(recency=20.0,delta=0.20)",Hajek,20.0,0.2,10,20,169,10000,,yes,0.035,0.9111475905555232
5466,0.5147416215339824,1.0778790583892193,0.5631374368552369,"Hajek(recency=20.0,delta=0.20)",Hajek,20.0,0.2,10,20,169,10000,,yes,0.035,0.9111475905555232
5467,0.511382013638961,1.0612587376264908,0.5498767239875298,"Hajek(recency=20.0,delta=0.20)",Hajek,20.0,0.2,10,20,169,10000,,yes,0.035,0.9111475905555232
5468,0.5101080660633279,1.0638817830044218,0.5537737169410939,"Hajek(recency=20.0,delta=0.20)",Hajek,20.0,0.2,10,20,169,10000,,yes,0.035,0.9111475905555232
5469,0.5184791895936808,1.0636774731203815,0.5451982835267007,"Hajek(recency=20.0,delta=0.20)",Hajek,20.0,0.2,10,20,169,10000,,yes,0.035,0.9111475905555232
5470,0.5130142078601164,1.0753469317382256,0.5623327238781092,"Hajek(recency=20.0,delta=0.20)",Hajek,20.0,0.2,10,20,169,10000,,yes,0.035,0.9111475905555232
5471,0.5179432951367968,1.0532107029290092,0.5352674077922124,"Hajek(recency=20.0,delta=0.20)",Hajek,20.0,0.2,10,20,169,10000,,yes,0.035,0.9111475905555232
5472,0.5073887088868653,1.0440194867872847,0.5366307779004195,"Hajek(recency=20.0,delta=0.20)",Hajek,20.0,0.2,10,20,169,10000,,yes,0.035,0.9111475905555232
5473,0.508019384884811,1.049082159481206,0.5410627745963951,"Hajek(recency=20.0,delta=0.20)",Hajek,20.0,0.2,10,20,169,10000,,yes,0.035,0.9111475905555232
5474,0.5213232834735124,1.0605269472023908,0.5392036637288784,"Hajek(recency=20.0,delta=0.20)",Hajek,20.0,0.2,10,20,169,10000,,yes,0.035,0.9111475905555232
5475,0.522653127956199,1.055017612355982,0.532364484399783,"Hajek(recency=20.0,delta=0.20)",Hajek,20.0,0.2,10,20,169,10000,,yes,0.035,0.9111475905555232
5476,0.5145884870309775,1.0640037971364933,0.5494153101055158,"Hajek(recency=20.0,delta=0.20)",Hajek,20.0,0.2,10,20,169,10000,,yes,0.035,0.9111475905555232
5477,0.5223734580767234,1.0488850421567983,0.5265115840800749,"Hajek(recency=20.0,delta=0.20)",Hajek,20.0,0.2,10,20,169,10000,,yes,0.035,0.9111475905555232
5478,0.5182233227191919,1.0632261719517715,0.5450028492325796,"Hajek(recency=20.0,delta=0.20)",Hajek,20.0,0.2,10,20,169,10000,,yes,0.035,0.9111475905555232
5479,0.5169272493092805,1.0547635989762567,0.5378363496669762,"Hajek(recency=20.0,delta=0.20)",Hajek,20.0,0.2,10,20,169,10000,,yes,0.035,0.9111475905555232
5480,0.5092567769445168,1.055068296694016,0.5458115197494992,"Hajek(recency=20.0,delta=0.20)",Hajek,20.0,0.2,10,20,169,10000,,yes,0.035,0.9111475905555232
5481,0.5159671187738151,1.0445040643926817,0.5285369456188667,"Hajek(recency=20.0,delta=0.20)",Hajek,20.0,0.2,10,20,169,10000,,yes,0.035,0.9111475905555232
5482,0.5055344035174743,1.0546922882563603,0.549157884738886,"Hajek(recency=20.0,delta=0.20)",Hajek,20.0,0.2,10,20,169,10000,,yes,0.035,0.9111475905555232
5483,0.5205243101185069,1.071065381347066,0.5505410712285592,"Hajek(recency=20.0,delta=0.20)",Hajek,20.0,0.2,10,20,169,10000,,yes,0.035,0.9111475905555232
5484,0.5159534554912748,1.0491408850909103,0.5331874295996355,"Hajek(recency=20.0,delta=0.20)",Hajek,20.0,0.2,10,20,169,10000,,yes,0.035,0.9111475905555232
5485,0.5208855117768025,1.0543855136001625,0.53350000182336,"Hajek(recency=20.0,delta=0.20)",Hajek,20.0,0.2,10,20,169,10000,,yes,0.035,0.9111475905555232
5486,0.5123691471688128,1.0638936867029636,0.5515245395341508,"Hajek(recency=20.0,delta=0.20)",Hajek,20.0,0.2,10,20,169,10000,,yes,0.035,0.9111475905555232
5487,0.5144229508863014,1.0449496271730967,0.5305266762867953,"Hajek(recency=20.0,delta=0.20)",Hajek,20.0,0.2,10,20,169,10000,,yes,0.035,0.9111475905555232
5488,0.5190743026939486,1.0589581386027267,0.5398838359087781,"Hajek(recency=20.0,delta=0.20)",Hajek,20.0,0.2,10,20,169,10000,,yes,0.035,0.9111475905555232
5489,0.5150914491430388,1.064046533257387,0.5489550841143481,"Hajek(recency=20.0,delta=0.20)",Hajek,20.0,0.2,10,20,169,10000,,yes,0.035,0.9111475905555232
5490,0.5044871466900496,1.062281370726274,0.5577942240362244,"Hajek(recency=20.0,delta=0.20)",Hajek,20.0,0.2,10,20,169,10000,,yes,0.035,0.9111475905555232
5491,0.5145982095626583,1.0506680514739588,0.5360698419113005,"Hajek(recency=20.0,delta=0.20)",Hajek,20.0,0.2,10,20,169,10000,,yes,0.035,0.9111475905555232
5492,0.509937441353181,1.049267471543714,0.539330030190533,"Hajek(recency=20.0,delta=0.20)",Hajek,20.0,0.2,10,20,169,10000,,yes,0.035,0.9111475905555232
5493,0.5088186624483082,1.053183913572385,0.5443652511240769,"Hajek(recency=20.0,delta=0.20)",Hajek,20.0,0.2,10,20,169,10000,,yes,0.035,0.9111475905555232
5494,0.5217878287914962,1.0414350488394528,0.5196472200479566,"Hajek(recency=20.0,delta=0.20)",Hajek,20.0,0.2,10,20,169,10000,,yes,0.035,0.9111475905555232
5495,0.51707260850001,1.06159219699512,0.5445195884951101,"Hajek(recency=20.0,delta=0.20)",Hajek,20.0,0.2,10,20,169,10000,,yes,0.035,0.9111475905555232
5496,0.5156942975956648,1.048969088950077,0.5332747913544121,"Hajek(recency=20.0,delta=0.20)",Hajek,20.0,0.2,10,20,169,10000,,yes,0.035,0.9111475905555232
5497,0.5145169964676733,1.0491540280409204,0.534637031573247,"Hajek(recency=20.0,delta=0.20)",Hajek,20.0,0.2,10,20,169,10000,,yes,0.035,0.9111475905555232
5498,0.5074902033592029,1.0464552629732677,0.5389650596140648,"Hajek(recency=20.0,delta=0.20)",Hajek,20.0,0.2,10,20,169,10000,,yes,0.035,0.9111475905555232
5499,0.5161306726261841,1.0431643850045795,0.5270337123783955,"Hajek(recency=20.0,delta=0.20)",Hajek,20.0,0.2,10,20,169,10000,,yes,0.035,0.9111475905555232
5500,0.5189704512363189,1.0397079501344653,0.5207374988981464,"Hajek(recency=20.0,delta=0.20)",Hajek,20.0,0.2,10,20,169,10000,,yes,0.035,0.9111475905555232
5501,0.5007254348061312,1.0712186311400806,0.5704931963339495,"Hajek(recency=20.0,delta=0.20)",Hajek,20.0,0.2,10,20,169,10000,,yes,0.035,0.9111475905555232
5502,0.507830531983633,1.0594477461797298,0.5516172141960968,"Hajek(recency=20.0,delta=0.20)",Hajek,20.0,0.2,10,20,169,10000,,yes,0.035,0.9111475905555232
5503,0.5143296882594529,1.0679817878064362,0.5536520995469832,"Hajek(recency=20.0,delta=0.20)",Hajek,20.0,0.2,10,20,169,10000,,yes,0.035,0.9111475905555232
5504,0.5096144514535037,1.0508293393147818,0.5412148878612781,"Hajek(recency=20.0,delta=0.20)",Hajek,20.0,0.2,10,20,169,10000,,yes,0.035,0.9111475905555232
5505,0.529703012702347,1.0478006088580427,0.5180975961556957,"Hajek(recency=20.0,delta=0.20)",Hajek,20.0,0.2,10,20,169,10000,,yes,0.035,0.9111475905555232
5506,0.5165488773460418,1.062498736826579,0.5459498594805372,"Hajek(recency=20.0,delta=0.20)",Hajek,20.0,0.2,10,20,169,10000,,yes,0.035,0.9111475905555232
5507,0.5095552399533444,1.0520915426467978,0.5425363026934534,"Hajek(recency=20.0,delta=0.20)",Hajek,20.0,0.2,10,20,169,10000,,yes,0.035,0.9111475905555232
5508,0.5169003557463498,1.0419645756407419,0.525064219894392,"Hajek(recency=20.0,delta=0.20)",Hajek,20.0,0.2,10,20,169,10000,,yes,0.035,0.9111475905555232
5509,0.5106543447923837,1.0459788866105595,0.5353245418181758,"Hajek(recency=20.0,delta=0.20)",Hajek,20.0,0.2,10,20,169,10000,,yes,0.035,0.9111475905555232
5510,0.5157302929870592,1.0563878829400315,0.5406575899529723,"Hajek(recency=20.0,delta=0.20)",Hajek,20.0,0.2,10,20,169,10000,,yes,0.035,0.9111475905555232
5511,0.5189419230663624,1.053144519632096,0.5342025965657337,"Hajek(recency=20.0,delta=0.20)",Hajek,20.0,0.2,10,20,169,10000,,yes,0.035,0.9111475905555232
5512,0.5122408628915193,1.0669340876706224,0.5546932247791031,"Hajek(recency=20.0,delta=0.20)",Hajek,20.0,0.2,10,20,169,10000,,yes,0.035,0.9111475905555232
5513,0.5169910177546555,1.055435152710852,0.5384441349561966,"Hajek(recency=20.0,delta=0.20)",Hajek,20.0,0.2,10,20,169,10000,,yes,0.035,0.9111475905555232
5514,0.5203344829958241,1.0629991935178524,0.5426647105220284,"Hajek(recency=20.0,delta=0.20)",Hajek,20.0,0.2,10,20,169,10000,,yes,0.035,0.9111475905555232
5515,0.5101380842688678,1.0642456527212125,0.5541075684523448,"Hajek(recency=20.0,delta=0.20)",Hajek,20.0,0.2,10,20,169,10000,,yes,0.035,0.9111475905555232
5516,0.511263807438083,1.0551010736351347,0.5438372661970517,"Hajek(recency=20.0,delta=0.20)",Hajek,20.0,0.2,10,20,169,10000,,yes,0.035,0.9111475905555232
5517,0.5159402617007862,1.0466974047207025,0.5307571430199163,"Hajek(recency=20.0,delta=0.20)",Hajek,20.0,0.2,10,20,169,10000,,yes,0.035,0.9111475905555232
5518,0.5226660369110927,1.0602885739361583,0.5376225370250656,"Hajek(recency=20.0,delta=0.20)",Hajek,20.0,0.2,10,20,169,10000,,yes,0.035,0.9111475905555232
5519,0.5161750820888983,1.0766377770339937,0.5604626949450954,"Hajek(recency=20.0,delta=0.20)",Hajek,20.0,0.2,10,20,169,10000,,yes,0.035,0.9111475905555232
5520,0.5146331231711553,1.051610934811542,0.5369778116403868,"Hajek(recency=20.0,delta=0.20)",Hajek,20.0,0.2,10,20,169,10000,,yes,0.035,0.9111475905555232
5521,0.5228509056329451,1.049185919326877,0.526335013693932,"Hajek(recency=20.0,delta=0.20)",Hajek,20.0,0.2,10,20,169,10000,,yes,0.035,0.9111475905555232
5522,0.5200981785388239,1.0632379366990508,0.5431397581602269,"Hajek(recency=20.0,delta=0.20)",Hajek,20.0,0.2,10,20,169,10000,,yes,0.035,0.9111475905555232
5523,0.5072877525060244,1.042916692581555,0.5356289400755305,"Hajek(recency=20.0,delta=0.20)",Hajek,20.0,0.2,10,20,169,10000,,yes,0.035,0.9111475905555232
5524,0.5149348614432914,1.0592446748329694,0.544309813389678,"Hajek(recency=20.0,delta=0.20)",Hajek,20.0,0.2,10,20,169,10000,,yes,0.035,0.9111475905555232
5525,0.5067313387006082,1.0741437237747602,0.567412385074152,"Hajek(recency=20.0,delta=0.20)",Hajek,20.0,0.2,10,20,169,10000,,yes,0.035,0.9111475905555232
5526,0.5204389046722765,1.07095135535264,0.5505124506803635,"Hajek(recency=20.0,delta=0.20)",Hajek,20.0,0.2,10,20,169,10000,,yes,0.035,0.9111475905555232
5527,0.5180250619565541,1.0549840334280904,0.5369589714715364,"Hajek(recency=20.0,delta=0.20)",Hajek,20.0,0.2,10,20,169,10000,,yes,0.035,0.9111475905555232
5528,0.521807559372526,1.0600706855633466,0.5382631261908206,"Hajek(recency=20.0,delta=0.20)",Hajek,20.0,0.2,10,20,169,10000,,yes,0.035,0.9111475905555232
5529,0.5074362206345465,1.061677801535165,0.5542415809006186,"Hajek(recency=20.0,delta=0.20)",Hajek,20.0,0.2,10,20,169,10000,,yes,0.035,0.9111475905555232
5530,0.5132257702814446,1.0630014258395901,0.5497756555581456,"Hajek(recency=20.0,delta=0.20)",Hajek,20.0,0.2,10,20,169,10000,,yes,0.035,0.9111475905555232
5531,0.5223175927071387,1.0564212829294035,0.5341036902222648,"Hajek(recency=20.0,delta=0.20)",Hajek,20.0,0.2,10,20,169,10000,,yes,0.035,0.9111475905555232
5532,0.5257287904353883,1.0531676605072702,0.5274388700718818,"Hajek(recency=20.0,delta=0.20)",Hajek,20.0,0.2,10,20,169,10000,,yes,0.035,0.9111475905555232
5533,0.5100901904427747,1.0591378769128381,0.5490476864700634,"Hajek(recency=20.0,delta=0.20)",Hajek,20.0,0.2,10,20,169,10000,,yes,0.035,0.9111475905555232
5534,0.5095035791185728,1.0485486971640077,0.5390451180454349,"Hajek(recency=20.0,delta=0.20)",Hajek,20.0,0.2,10,20,169,10000,,yes,0.035,0.9111475905555232
5535,0.5196145167329836,1.0501059158475747,0.5304913991145911,"Hajek(recency=20.0,delta=0.20)",Hajek,20.0,0.2,10,20,169,10000,,yes,0.035,0.9111475905555232
5536,0.5260351337258252,1.0535358897016132,0.5275007559757879,"Hajek(recency=20.0,delta=0.20)",Hajek,20.0,0.2,10,20,169,10000,,yes,0.035,0.9111475905555232
5537,0.5072839200233908,1.0599185356526886,0.5526346156292977,"Hajek(recency=20.0,delta=0.20)",Hajek,20.0,0.2,10,20,169,10000,,yes,0.035,0.9111475905555232
5538,0.5085847834645454,1.054235593119527,0.5456508096549817,"Hajek(recency=20.0,delta=0.20)",Hajek,20.0,0.2,10,20,169,10000,,yes,0.035,0.9111475905555232
5539,0.5156294986292179,1.0468689569124487,0.5312394582832308,"Hajek(recency=20.0,delta=0.20)",Hajek,20.0,0.2,10,20,169,10000,,yes,0.035,0.9111475905555232
5540,0.5089303962658689,1.041565901189454,0.5326355049235851,"Hajek(recency=20.0,delta=0.20)",Hajek,20.0,0.2,10,20,169,10000,,yes,0.035,0.9111475905555232
5541,0.5267266316875769,1.04681350840952,0.5200868767219431,"Hajek(recency=20.0,delta=0.20)",Hajek,20.0,0.2,10,20,169,10000,,yes,0.035,0.9111475905555232
5542,0.5260490401488386,1.0614591921541736,0.535410152005335,"Hajek(recency=20.0,delta=0.20)",Hajek,20.0,0.2,10,20,169,10000,,yes,0.035,0.9111475905555232
5543,0.5126594846068168,1.0446771671068793,0.5320176825000625,"Hajek(recency=20.0,delta=0.20)",Hajek,20.0,0.2,10,20,169,10000,,yes,0.035,0.9111475905555232
5544,0.5038835713099166,1.041552558551397,0.5376689872414804,"Hajek(recency=20.0,delta=0.20)",Hajek,20.0,0.2,10,20,169,10000,,yes,0.035,0.9111475905555232
5545,0.5164445940592257,1.07010520015386,0.5536606060946343,"Hajek(recency=20.0,delta=0.20)",Hajek,20.0,0.2,10,20,169,10000,,yes,0.035,0.9111475905555232
5546,0.5072216390406828,1.0411605748285264,0.5339389357878436,"Hajek(recency=20.0,delta=0.20)",Hajek,20.0,0.2,10,20,169,10000,,yes,0.035,0.9111475905555232
5547,0.5144534590566863,1.0561900920663372,0.5417366330096509,"Hajek(recency=20.0,delta=0.20)",Hajek,20.0,0.2,10,20,169,10000,,yes,0.035,0.9111475905555232
5548,0.5254765029179375,1.0602702758495606,0.5347937729316231,"Hajek(recency=20.0,delta=0.20)",Hajek,20.0,0.2,10,20,169,10000,,yes,0.035,0.9111475905555232
5549,0.5132270689351043,1.055001994661386,0.5417749257262817,"Hajek(recency=20.0,delta=0.20)",Hajek,20.0,0.2,10,20,169,10000,,yes,0.035,0.9111475905555232
5550,0.5074143331174109,1.0649325084961212,0.5575181753787103,"Hajek(recency=20.0,delta=0.20)",Hajek,20.0,0.2,10,20,169,10000,,yes,0.035,0.9111475905555232
5551,0.516995366780817,1.0649159488436712,0.5479205820628542,"Hajek(recency=20.0,delta=0.20)",Hajek,20.0,0.2,10,20,169,10000,,yes,0.035,0.9111475905555232
5552,0.5165836751435794,1.0572157683950782,0.5406320932514989,"Hajek(recency=20.0,delta=0.20)",Hajek,20.0,0.2,10,20,169,10000,,yes,0.035,0.9111475905555232
5553,0.5238375556226248,1.0568089174128814,0.5329713617902566,"Hajek(recency=20.0,delta=0.20)",Hajek,20.0,0.2,10,20,169,10000,,yes,0.035,0.9111475905555232
5554,0.5114106766937361,1.0674227041541877,0.5560120274604516,"Hajek(recency=20.0,delta=0.20)",Hajek,20.0,0.2,10,20,169,10000,,yes,0.035,0.9111475905555232
5555,0.5144867766659819,1.0696213637616567,0.5551345870956749,"Hajek(recency=20.0,delta=0.20)",Hajek,20.0,0.2,10,20,169,10000,,yes,0.035,0.9111475905555232
5556,0.5143205364327255,1.0540692002295395,0.5397486637968141,"Hajek(recency=20.0,delta=0.20)",Hajek,20.0,0.2,10,20,169,10000,,yes,0.035,0.9111475905555232
5557,0.5109892230597656,1.064156501372542,0.5531672783127765,"Hajek(recency=20.0,delta=0.20)",Hajek,20.0,0.2,10,20,169,10000,,yes,0.035,0.9111475905555232
5558,0.516833699588603,1.0641576388627645,0.5473239392741615,"Hajek(recency=20.0,delta=0.20)",Hajek,20.0,0.2,10,20,169,10000,,yes,0.035,0.9111475905555232
5559,0.5158457312630584,1.0608684564745985,0.54502272521154,"Hajek(recency=20.0,delta=0.20)",Hajek,20.0,0.2,10,20,169,10000,,yes,0.035,0.9111475905555232
5560,0.5168592547033751,1.0603581363199057,0.5434988816165306,"Hajek(recency=20.0,delta=0.20)",Hajek,20.0,0.2,10,20,169,10000,,yes,0.035,0.9111475905555232
5561,0.5242829205505263,1.0375355489540785,0.5132526284035522,"Hajek(recency=20.0,delta=0.20)",Hajek,20.0,0.2,10,20,169,10000,,yes,0.035,0.9111475905555232
5562,0.5205842846205175,1.0565313499829743,0.5359470653624567,"Hajek(recency=20.0,delta=0.20)",Hajek,20.0,0.2,10,20,169,10000,,yes,0.035,0.9111475905555232
5563,0.5185377326704743,1.0666241199446567,0.5480863872741824,"Hajek(recency=20.0,delta=0.20)",Hajek,20.0,0.2,10,20,169,10000,,yes,0.035,0.9111475905555232
5564,0.5142531344198535,1.052692085894512,0.5384389514746584,"Hajek(recency=20.0,delta=0.20)",Hajek,20.0,0.2,10,20,169,10000,,yes,0.035,0.9111475905555232
5565,0.5107038054204314,1.0725183185569522,0.5618145131365209,"Hajek(recency=20.0,delta=0.20)",Hajek,20.0,0.2,10,20,169,10000,,yes,0.035,0.9111475905555232
5566,0.5113630570636892,1.0526961922662177,0.5413331352025285,"Hajek(recency=20.0,delta=0.20)",Hajek,20.0,0.2,10,20,169,10000,,yes,0.035,0.9111475905555232
5567,0.5100630608728093,1.0471151485268209,0.5370520876540116,"Hajek(recency=20.0,delta=0.20)",Hajek,20.0,0.2,10,20,169,10000,,yes,0.035,0.9111475905555232
5568,0.5199773910833609,1.0622735390804015,0.5422961479970405,"Hajek(recency=20.0,delta=0.20)",Hajek,20.0,0.2,10,20,169,10000,,yes,0.035,0.9111475905555232
5569,0.5169639800100636,1.0635983984867063,0.5466344184766427,"Hajek(recency=20.0,delta=0.20)",Hajek,20.0,0.2,10,20,169,10000,,yes,0.035,0.9111475905555232
5570,0.5158491099728739,1.0605016782492875,0.5446525682764136,"Hajek(recency=20.0,delta=0.20)",Hajek,20.0,0.2,10,20,169,10000,,yes,0.035,0.9111475905555232
5571,0.5129944604555011,1.0630600215450032,0.5500655610895021,"Hajek(recency=20.0,delta=0.20)",Hajek,20.0,0.2,10,20,169,10000,,yes,0.035,0.9111475905555232
5572,0.524626522083225,1.0544037144319531,0.5297771923487281,"Hajek(recency=20.0,delta=0.20)",Hajek,20.0,0.2,10,20,169,10000,,yes,0.035,0.9111475905555232
5573,0.5104967837238273,1.04204219690446,0.5315454131806326,"Hajek(recency=20.0,delta=0.20)",Hajek,20.0,0.2,10,20,169,10000,,yes,0.035,0.9111475905555232
5574,0.5168865309235698,1.0375597675923771,0.5206732366688073,"Hajek(recency=20.0,delta=0.20)",Hajek,20.0,0.2,10,20,169,10000,,yes,0.035,0.9111475905555232
5575,0.5218636699508392,1.0571646447000629,0.5353009747492237,"Hajek(recency=20.0,delta=0.20)",Hajek,20.0,0.2,10,20,169,10000,,yes,0.035,0.9111475905555232
5576,0.5069477782465961,1.055374164832765,0.5484263865861689,"Hajek(recency=20.0,delta=0.20)",Hajek,20.0,0.2,10,20,169,10000,,yes,0.035,0.9111475905555232
5577,0.5212949657797148,1.0558588090716232,0.5345638432919084,"Hajek(recency=20.0,delta=0.20)",Hajek,20.0,0.2,10,20,169,10000,,yes,0.035,0.9111475905555232
5578,0.5160864805447942,1.0563525386490393,0.5402660581042451,"Hajek(recency=20.0,delta=0.20)",Hajek,20.0,0.2,10,20,169,10000,,yes,0.035,0.9111475905555232
5579,0.508564827205395,1.045941698454202,0.5373768712488071,"Hajek(recency=20.0,delta=0.20)",Hajek,20.0,0.2,10,20,169,10000,,yes,0.035,0.9111475905555232
5580,0.5083240457680483,1.0553954221574617,0.5470713763894134,"Hajek(recency=20.0,delta=0.20)",Hajek,20.0,0.2,10,20,169,10000,,yes,0.035,0.9111475905555232
5581,0.5064310119234091,1.048361044513192,0.5419300325897828,"Hajek(recency=20.0,delta=0.20)",Hajek,20.0,0.2,10,20,169,10000,,yes,0.035,0.9111475905555232
5582,0.5047140211690561,1.0413269440739763,0.5366129229049202,"Hajek(recency=20.0,delta=0.20)",Hajek,20.0,0.2,10,20,169,10000,,yes,0.035,0.9111475905555232
5583,0.5125959639353908,1.046323193749689,0.5337272298142983,"Hajek(recency=20.0,delta=0.20)",Hajek,20.0,0.2,10,20,169,10000,,yes,0.035,0.9111475905555232
5584,0.5146675881773577,1.0731336919596752,0.5584661037823175,"Hajek(recency=20.0,delta=0.20)",Hajek,20.0,0.2,10,20,169,10000,,yes,0.035,0.9111475905555232
5585,0.5153603255094548,1.054732153125586,0.5393718276161312,"Hajek(recency=20.0,delta=0.20)",Hajek,20.0,0.2,10,20,169,10000,,yes,0.035,0.9111475905555232
5586,0.5145788016328083,1.0629820706615203,0.548403269028712,"Hajek(recency=20.0,delta=0.20)",Hajek,20.0,0.2,10,20,169,10000,,yes,0.035,0.9111475905555232
5587,0.5251123308302699,1.060528074557403,0.5354157437271332,"Hajek(recency=20.0,delta=0.20)",Hajek,20.0,0.2,10,20,169,10000,,yes,0.035,0.9111475905555232
5588,0.5070339898900286,1.0706772184832203,0.5636432285931917,"Hajek(recency=20.0,delta=0.20)",Hajek,20.0,0.2,10,20,169,10000,,yes,0.035,0.9111475905555232
5589,0.5132536786469492,1.0660333253977758,0.5527796467508267,"Hajek(recency=20.0,delta=0.20)",Hajek,20.0,0.2,10,20,169,10000,,yes,0.035,0.9111475905555232
5590,0.5070780904093558,1.0547123729230283,0.5476342825136725,"Hajek(recency=20.0,delta=0.20)",Hajek,20.0,0.2,10,20,169,10000,,yes,0.035,0.9111475905555232
5591,0.5150815426916017,1.0768127789473227,0.5617312362557211,"Hajek(recency=20.0,delta=0.20)",Hajek,20.0,0.2,10,20,169,10000,,yes,0.035,0.9111475905555232
5592,0.5100425233181674,1.067727011578777,0.5576844882606096,"Hajek(recency=20.0,delta=0.20)",Hajek,20.0,0.2,10,20,169,10000,,yes,0.035,0.9111475905555232
5593,0.5171040243963778,1.0664847881389383,0.5493807637425605,"Hajek(recency=20.0,delta=0.20)",Hajek,20.0,0.2,10,20,169,10000,,yes,0.035,0.9111475905555232
5594,0.5147927603909926,1.0506618796910585,0.5358691193000659,"Hajek(recency=20.0,delta=0.20)",Hajek,20.0,0.2,10,20,169,10000,,yes,0.035,0.9111475905555232
5595,0.5190614407044979,1.0674615340543663,0.5484000933498684,"Hajek(recency=20.0,delta=0.20)",Hajek,20.0,0.2,10,20,169,10000,,yes,0.035,0.9111475905555232
5596,0.5191778096519981,1.0493258545498698,0.5301480448978717,"Hajek(recency=20.0,delta=0.20)",Hajek,20.0,0.2,10,20,169,10000,,yes,0.035,0.9111475905555232
5597,0.5144137841572866,1.0663329366660579,0.5519191525087713,"Hajek(recency=20.0,delta=0.20)",Hajek,20.0,0.2,10,20,169,10000,,yes,0.035,0.9111475905555232
5598,0.5123412684591239,1.0667354109866904,0.5543941425275666,"Hajek(recency=20.0,delta=0.20)",Hajek,20.0,0.2,10,20,169,10000,,yes,0.035,0.9111475905555232
5599,0.5217440130279464,1.059798402159099,0.5380543891311526,"Hajek(recency=20.0,delta=0.20)",Hajek,20.0,0.2,10,20,169,10000,,yes,0.035,0.9111475905555232
5600,0.5152047016798595,1.041344254982684,0.5261395533028244,"Hajek(recency=20.0,delta=0.20)",Hajek,20.0,0.2,10,20,169,10000,,yes,0.035,0.9111475905555232
5601,0.519845678114556,1.0692987506636162,0.5494530725490603,"Hajek(recency=20.0,delta=0.20)",Hajek,20.0,0.2,10,20,169,10000,,yes,0.035,0.9111475905555232
5602,0.5123712271567393,1.063992541579598,0.5516213144228588,"Hajek(recency=20.0,delta=0.20)",Hajek,20.0,0.2,10,20,169,10000,,yes,0.035,0.9111475905555232
5603,0.5002502206708804,1.0448101165131607,0.5445598958422803,"Hajek(recency=20.0,delta=0.20)",Hajek,20.0,0.2,10,20,169,10000,,yes,0.035,0.9111475905555232
5604,0.5006322518483158,1.0634668692608877,0.5628346174125719,"Hajek(recency=20.0,delta=0.20)",Hajek,20.0,0.2,10,20,169,10000,,yes,0.035,0.9111475905555232
5605,0.5163329943817317,1.0519217987462757,0.5355888043645439,"Hajek(recency=20.0,delta=0.20)",Hajek,20.0,0.2,10,20,169,10000,,yes,0.035,0.9111475905555232
5606,0.5199654299136474,1.0380720789542721,0.5181066490406248,"Hajek(recency=20.0,delta=0.20)",Hajek,20.0,0.2,10,20,169,10000,,yes,0.035,0.9111475905555232
5607,0.5221357790548135,1.0712956201008956,0.5491598410460822,"Hajek(recency=20.0,delta=0.20)",Hajek,20.0,0.2,10,20,169,10000,,yes,0.035,0.9111475905555232
5608,0.5240362594294773,1.0620808397090689,0.5380445802795916,"Hajek(recency=20.0,delta=0.20)",Hajek,20.0,0.2,10,20,169,10000,,yes,0.035,0.9111475905555232
5609,0.5220809740263266,1.049373917476551,0.5272929434502245,"Hajek(recency=20.0,delta=0.20)",Hajek,20.0,0.2,10,20,169,10000,,yes,0.035,0.9111475905555232
5610,0.5110328703247585,1.050728058975846,0.5396951886510876,"Hajek(recency=20.0,delta=0.20)",Hajek,20.0,0.2,10,20,169,10000,,yes,0.035,0.9111475905555232
5611,0.5075156634763462,1.0651518559523063,0.5576361924759601,"Hajek(recency=20.0,delta=0.20)",Hajek,20.0,0.2,10,20,169,10000,,yes,0.035,0.9111475905555232
5612,0.5169715735647803,1.0678245048190103,0.55085293125423,"Hajek(recency=20.0,delta=0.20)",Hajek,20.0,0.2,10,20,169,10000,,yes,0.035,0.9111475905555232
5613,0.5225901872025889,1.0740013808038253,0.5514111936012365,"Hajek(recency=20.0,delta=0.20)",Hajek,20.0,0.2,10,20,169,10000,,yes,0.035,0.9111475905555232
5614,0.5153116302945943,1.056009493301919,0.5406978630073248,"Hajek(recency=20.0,delta=0.20)",Hajek,20.0,0.2,10,20,169,10000,,yes,0.035,0.9111475905555232
5615,0.5155615045003822,1.0776220584193135,0.5620605539189313,"Hajek(recency=20.0,delta=0.20)",Hajek,20.0,0.2,10,20,169,10000,,yes,0.035,0.9111475905555232
5616,0.5051025676808947,1.0569155833199981,0.5518130156391035,"Hajek(recency=20.0,delta=0.20)",Hajek,20.0,0.2,10,20,169,10000,,yes,0.035,0.9111475905555232
5617,0.517451837632867,1.0451499801367863,0.5276981425039193,"Hajek(recency=20.0,delta=0.20)",Hajek,20.0,0.2,10,20,169,10000,,yes,0.035,0.9111475905555232
5618,0.5132073646592661,1.0623311193105904,0.5491237546513243,"Hajek(recency=20.0,delta=0.20)",Hajek,20.0,0.2,10,20,169,10000,,yes,0.035,0.9111475905555232
5619,0.5219307809544018,1.0526086201714915,0.5306778392170897,"Hajek(recency=20.0,delta=0.20)",Hajek,20.0,0.2,10,20,169,10000,,yes,0.035,0.9111475905555232
5620,0.5124040544474537,1.0603888077078887,0.5479847532604349,"Hajek(recency=20.0,delta=0.20)",Hajek,20.0,0.2,10,20,169,10000,,yes,0.035,0.9111475905555232
5621,0.517983879509387,1.0623775514760192,0.5443936719666322,"Hajek(recency=20.0,delta=0.20)",Hajek,20.0,0.2,10,20,169,10000,,yes,0.035,0.9111475905555232
5622,0.5082555409293423,1.0425772727442018,0.5343217318148594,"Hajek(recency=20.0,delta=0.20)",Hajek,20.0,0.2,10,20,169,10000,,yes,0.035,0.9111475905555232
5623,0.5146311772604568,1.060941195196705,0.5463100179362481,"Hajek(recency=20.0,delta=0.20)",Hajek,20.0,0.2,10,20,169,10000,,yes,0.035,0.9111475905555232
5624,0.5249176501016405,1.0511665072162117,0.5262488571145713,"Hajek(recency=20.0,delta=0.20)",Hajek,20.0,0.2,10,20,169,10000,,yes,0.035,0.9111475905555232
5625,0.5047930031340196,1.0515399155168546,0.5467469123828349,"Hajek(recency=20.0,delta=0.20)",Hajek,20.0,0.2,10,20,169,10000,,yes,0.035,0.9111475905555232
5626,0.5131202117621846,1.0474268914942477,0.5343066797320631,"Hajek(recency=20.0,delta=0.20)",Hajek,20.0,0.2,10,20,169,10000,,yes,0.035,0.9111475905555232
5627,0.5104736413887894,1.0599273540323073,0.5494537126435179,"Hajek(recency=20.0,delta=0.20)",Hajek,20.0,0.2,10,20,169,10000,,yes,0.035,0.9111475905555232
5628,0.5039443719259628,1.0512465578336911,0.5473021859077284,"Hajek(recency=20.0,delta=0.20)",Hajek,20.0,0.2,10,20,169,10000,,yes,0.035,0.9111475905555232
5629,0.5127328198438177,1.0474597403546588,0.5347269205108411,"Hajek(recency=20.0,delta=0.20)",Hajek,20.0,0.2,10,20,169,10000,,yes,0.035,0.9111475905555232
5630,0.5115684342049909,1.0739061994294197,0.5623377652244288,"Hajek(recency=20.0,delta=0.20)",Hajek,20.0,0.2,10,20,169,10000,,yes,0.035,0.9111475905555232
5631,0.5098486204261203,1.052319828973793,0.5424712085476726,"Hajek(recency=20.0,delta=0.20)",Hajek,20.0,0.2,10,20,169,10000,,yes,0.035,0.9111475905555232
5632,0.5183069364090376,1.039468047927485,0.5211611115184474,"Hajek(recency=20.0,delta=0.20)",Hajek,20.0,0.2,10,20,169,10000,,yes,0.035,0.9111475905555232
5633,0.51592681237406,1.0632203370062008,0.5472935246321408,"Hajek(recency=20.0,delta=0.20)",Hajek,20.0,0.2,10,20,169,10000,,yes,0.035,0.9111475905555232
5634,0.5106370739069931,1.0574261013933635,0.5467890274863704,"Hajek(recency=20.0,delta=0.20)",Hajek,20.0,0.2,10,20,169,10000,,yes,0.035,0.9111475905555232
5635,0.5216455024522842,1.0491881872978244,0.5275426848455401,"Hajek(recency=20.0,delta=0.20)",Hajek,20.0,0.2,10,20,169,10000,,yes,0.035,0.9111475905555232
5636,0.5226721063440294,1.0573755832593363,0.534703476915307,"Hajek(recency=20.0,delta=0.20)",Hajek,20.0,0.2,10,20,169,10000,,yes,0.035,0.9111475905555232
5637,0.5129457062076006,1.060586133139504,0.5476404269319033,"Hajek(recency=20.0,delta=0.20)",Hajek,20.0,0.2,10,20,169,10000,,yes,0.035,0.9111475905555232
5638,0.5122604861511807,1.0572024087564809,0.5449419226053002,"Hajek(recency=20.0,delta=0.20)",Hajek,20.0,0.2,10,20,169,10000,,yes,0.035,0.9111475905555232
5639,0.5053751405019304,1.0409668511300114,0.535591710628081,"Hajek(recency=20.0,delta=0.20)",Hajek,20.0,0.2,10,20,169,10000,,yes,0.035,0.9111475905555232
5640,0.5161827185591896,1.0609113294567458,0.5447286108975562,"Hajek(recency=20.0,delta=0.20)",Hajek,20.0,0.2,10,20,169,10000,,yes,0.035,0.9111475905555232
5641,0.5144580380750127,1.0522153610445597,0.537757322969547,"Hajek(recency=20.0,delta=0.20)",Hajek,20.0,0.2,10,20,169,10000,,yes,0.035,0.9111475905555232
5642,0.5069456755449011,1.0590746897211678,0.5521290141762667,"Hajek(recency=20.0,delta=0.20)",Hajek,20.0,0.2,10,20,169,10000,,yes,0.035,0.9111475905555232
5643,0.5185493798664753,1.0580863975988994,0.5395370177324241,"Hajek(recency=20.0,delta=0.20)",Hajek,20.0,0.2,10,20,169,10000,,yes,0.035,0.9111475905555232
5644,0.5164482061987264,1.0657186405724308,0.5492704343737044,"Hajek(recency=20.0,delta=0.20)",Hajek,20.0,0.2,10,20,169,10000,,yes,0.035,0.9111475905555232
5645,0.5117820349322257,1.0587901056146545,0.5470080706824287,"Hajek(recency=20.0,delta=0.20)",Hajek,20.0,0.2,10,20,169,10000,,yes,0.035,0.9111475905555232
5646,0.5053176216202121,1.0596575741000407,0.5543399524798286,"Hajek(recency=20.0,delta=0.20)",Hajek,20.0,0.2,10,20,169,10000,,yes,0.035,0.9111475905555232
5647,0.5119791627826329,1.0521019254934292,0.5401227627107963,"Hajek(recency=20.0,delta=0.20)",Hajek,20.0,0.2,10,20,169,10000,,yes,0.035,0.9111475905555232
5648,0.5156619950884195,1.0614109783602512,0.5457489832718317,"Hajek(recency=20.0,delta=0.20)",Hajek,20.0,0.2,10,20,169,10000,,yes,0.035,0.9111475905555232
5649,0.520661022148683,1.068948069773193,0.54828704762451,"Hajek(recency=20.0,delta=0.20)",Hajek,20.0,0.2,10,20,169,10000,,yes,0.035,0.9111475905555232
5650,0.5163772525127011,1.0515374913620272,0.5351602388493262,"Hajek(recency=20.0,delta=0.20)",Hajek,20.0,0.2,10,20,169,10000,,yes,0.035,0.9111475905555232
5651,0.522148053966615,1.0496798517962647,0.5275317978296497,"Hajek(recency=20.0,delta=0.20)",Hajek,20.0,0.2,10,20,169,10000,,yes,0.035,0.9111475905555232
5652,0.5090102542751452,1.0573914683946828,0.5483812141195376,"Hajek(recency=20.0,delta=0.20)",Hajek,20.0,0.2,10,20,169,10000,,yes,0.035,0.9111475905555232
5653,0.5058347430413341,1.0354030919131798,0.5295683488718457,"Hajek(recency=20.0,delta=0.20)",Hajek,20.0,0.2,10,20,169,10000,,yes,0.035,0.9111475905555232
5654,0.5089053046167084,1.0619074843384562,0.5530021797217478,"Hajek(recency=20.0,delta=0.20)",Hajek,20.0,0.2,10,20,169,10000,,yes,0.035,0.9111475905555232
5655,0.5116664604459096,1.0442027060882386,0.532536245642329,"Hajek(recency=20.0,delta=0.20)",Hajek,20.0,0.2,10,20,169,10000,,yes,0.035,0.9111475905555232
5656,0.5175973645001524,1.0451727660168217,0.5275754015166694,"Hajek(recency=20.0,delta=0.20)",Hajek,20.0,0.2,10,20,169,10000,,yes,0.035,0.9111475905555232
5657,0.5204827041299289,1.0468630906120058,0.5263803864820769,"Hajek(recency=20.0,delta=0.20)",Hajek,20.0,0.2,10,20,169,10000,,yes,0.035,0.9111475905555232
5658,0.5206281353634149,1.070068514500599,0.5494403791371841,"Hajek(recency=20.0,delta=0.20)",Hajek,20.0,0.2,10,20,169,10000,,yes,0.035,0.9111475905555232
5659,0.5055873714709932,1.0542765738470223,0.5486892023760291,"Hajek(recency=20.0,delta=0.20)",Hajek,20.0,0.2,10,20,169,10000,,yes,0.035,0.9111475905555232
5660,0.5220727164087081,1.0603091271615812,0.5382364107528731,"Hajek(recency=20.0,delta=0.20)",Hajek,20.0,0.2,10,20,169,10000,,yes,0.035,0.9111475905555232
5661,0.5119533734112368,1.054145143564801,0.5421917701535642,"Hajek(recency=20.0,delta=0.20)",Hajek,20.0,0.2,10,20,169,10000,,yes,0.035,0.9111475905555232
5662,0.5177781598071203,1.0457526490797013,0.5279744892725811,"Hajek(recency=20.0,delta=0.20)",Hajek,20.0,0.2,10,20,169,10000,,yes,0.035,0.9111475905555232
5663,0.5087176556268754,1.0548881155898027,0.5461704599629272,"Hajek(recency=20.0,delta=0.20)",Hajek,20.0,0.2,10,20,169,10000,,yes,0.035,0.9111475905555232
5664,0.5120856727795283,1.041693856763518,0.5296081839839896,"Hajek(recency=20.0,delta=0.20)",Hajek,20.0,0.2,10,20,169,10000,,yes,0.035,0.9111475905555232
5665,0.5190909293230476,1.0665623553582417,0.5474714260351942,"Hajek(recency=20.0,delta=0.20)",Hajek,20.0,0.2,10,20,169,10000,,yes,0.035,0.9111475905555232
5666,0.5072714178793797,1.0458099486066803,0.5385385307273006,"Hajek(recency=20.0,delta=0.20)",Hajek,20.0,0.2,10,20,169,10000,,yes,0.035,0.9111475905555232
5667,0.5203398448644788,1.057024869336795,0.5366850244723161,"Hajek(recency=20.0,delta=0.20)",Hajek,20.0,0.2,10,20,169,10000,,yes,0.035,0.9111475905555232
5668,0.5084616025711564,1.0416842036433804,0.5332226010722241,"Hajek(recency=20.0,delta=0.20)",Hajek,20.0,0.2,10,20,169,10000,,yes,0.035,0.9111475905555232
5669,0.5145722159011267,1.0542751645392805,0.5397029486381538,"Hajek(recency=20.0,delta=0.20)",Hajek,20.0,0.2,10,20,169,10000,,yes,0.035,0.9111475905555232
5670,0.5051396661232336,1.0449439442773805,0.5398042781541469,"Hajek(recency=20.0,delta=0.20)",Hajek,20.0,0.2,10,20,169,10000,,yes,0.035,0.9111475905555232
5671,0.5193048513147397,1.0668201662923626,0.547515314977623,"Hajek(recency=20.0,delta=0.20)",Hajek,20.0,0.2,10,20,169,10000,,yes,0.035,0.9111475905555232
5672,0.515125486376298,1.0728819346915186,0.5577564483152206,"Hajek(recency=20.0,delta=0.20)",Hajek,20.0,0.2,10,20,169,10000,,yes,0.035,0.9111475905555232
5673,0.5155679992058029,1.059202836779943,0.5436348375741402,"Hajek(recency=20.0,delta=0.20)",Hajek,20.0,0.2,10,20,169,10000,,yes,0.035,0.9111475905555232
5674,0.516541152706982,1.0634377789747955,0.5468966262678135,"Hajek(recency=20.0,delta=0.20)",Hajek,20.0,0.2,10,20,169,10000,,yes,0.035,0.9111475905555232
5675,0.5155139890505531,1.0782685701023305,0.5627545810517773,"Hajek(recency=20.0,delta=0.20)",Hajek,20.0,0.2,10,20,169,10000,,yes,0.035,0.9111475905555232
5676,0.49769875344566533,1.0462681423757776,0.5485693889301122,"Hajek(recency=20.0,delta=0.20)",Hajek,20.0,0.2,10,20,169,10000,,yes,0.035,0.9111475905555232
5677,0.5112399502299122,1.0536124610708262,0.542372510840914,"Hajek(recency=20.0,delta=0.20)",Hajek,20.0,0.2,10,20,169,10000,,yes,0.035,0.9111475905555232
5678,0.5153270510887541,1.044855979697669,0.529528928608915,"Hajek(recency=20.0,delta=0.20)",Hajek,20.0,0.2,10,20,169,10000,,yes,0.035,0.9111475905555232
5679,0.5146350105078885,1.056775171738581,0.5421401612306924,"Hajek(recency=20.0,delta=0.20)",Hajek,20.0,0.2,10,20,169,10000,,yes,0.035,0.9111475905555232
5680,0.5200950245873243,1.0503413045204082,0.5302462799330839,"Hajek(recency=20.0,delta=0.20)",Hajek,20.0,0.2,10,20,169,10000,,yes,0.035,0.9111475905555232
5681,0.5135497058378735,1.0641710590207543,0.5506213531828807,"Hajek(recency=20.0,delta=0.20)",Hajek,20.0,0.2,10,20,169,10000,,yes,0.035,0.9111475905555232
5682,0.5134439474742154,1.0625321905941065,0.5490882431198911,"Hajek(recency=20.0,delta=0.20)",Hajek,20.0,0.2,10,20,169,10000,,yes,0.035,0.9111475905555232
5683,0.5158349226614551,1.054141390401978,0.5383064677405229,"Hajek(recency=20.0,delta=0.20)",Hajek,20.0,0.2,10,20,169,10000,,yes,0.035,0.9111475905555232
5684,0.5140581436397094,1.0604309249422572,0.5463727813025478,"Hajek(recency=20.0,delta=0.20)",Hajek,20.0,0.2,10,20,169,10000,,yes,0.035,0.9111475905555232
5685,0.517058840671723,1.0631842258937112,0.5461253852219882,"Hajek(recency=20.0,delta=0.20)",Hajek,20.0,0.2,10,20,169,10000,,yes,0.035,0.9111475905555232
5686,0.5149421672006924,1.0489063379511714,0.533964170750479,"Hajek(recency=20.0,delta=0.20)",Hajek,20.0,0.2,10,20,169,10000,,yes,0.035,0.9111475905555232
5687,0.5203132890873503,1.057439242726268,0.5371259536389177,"Hajek(recency=20.0,delta=0.20)",Hajek,20.0,0.2,10,20,169,10000,,yes,0.035,0.9111475905555232
5688,0.5151501586806085,1.0639286671273425,0.5487785084467339,"Hajek(recency=20.0,delta=0.20)",Hajek,20.0,0.2,10,20,169,10000,,yes,0.035,0.9111475905555232
5689,0.5118613782089774,1.060074729741628,0.5482133515326506,"Hajek(recency=20.0,delta=0.20)",Hajek,20.0,0.2,10,20,169,10000,,yes,0.035,0.9111475905555232
5690,0.5061942951184235,1.075834178213218,0.5696398830947944,"Hajek(recency=20.0,delta=0.20)",Hajek,20.0,0.2,10,20,169,10000,,yes,0.035,0.9111475905555232
5691,0.508422879239786,1.0471335021531842,0.5387106229133982,"Hajek(recency=20.0,delta=0.20)",Hajek,20.0,0.2,10,20,169,10000,,yes,0.035,0.9111475905555232
5692,0.5217636107929949,1.060256802336491,0.5384931915434962,"Hajek(recency=20.0,delta=0.20)",Hajek,20.0,0.2,10,20,169,10000,,yes,0.035,0.9111475905555232
5693,0.5238543126715339,1.0683619451277866,0.5445076324562527,"Hajek(recency=20.0,delta=0.20)",Hajek,20.0,0.2,10,20,169,10000,,yes,0.035,0.9111475905555232
5694,0.5111067032321827,1.0595880201105061,0.5484813168783235,"Hajek(recency=20.0,delta=0.20)",Hajek,20.0,0.2,10,20,169,10000,,yes,0.035,0.9111475905555232
5695,0.5209105527827464,1.0466813569533362,0.5257708041705897,"Hajek(recency=20.0,delta=0.20)",Hajek,20.0,0.2,10,20,169,10000,,yes,0.035,0.9111475905555232
5696,0.5179430599592018,1.05583446039367,0.5378914004344683,"Hajek(recency=20.0,delta=0.20)",Hajek,20.0,0.2,10,20,169,10000,,yes,0.035,0.9111475905555232
5697,0.5086706534508477,1.0517809895584183,0.5431103361075705,"Hajek(recency=20.0,delta=0.20)",Hajek,20.0,0.2,10,20,169,10000,,yes,0.035,0.9111475905555232
5698,0.5176245374280263,1.055361537080833,0.5377369996528066,"Hajek(recency=20.0,delta=0.20)",Hajek,20.0,0.2,10,20,169,10000,,yes,0.035,0.9111475905555232
5699,0.5137100519903818,1.0685901253056098,0.554880073315228,"Hajek(recency=20.0,delta=0.20)",Hajek,20.0,0.2,10,20,169,10000,,yes,0.035,0.9111475905555232
5700,0.5050435419995523,1.0555051015906827,0.5504615595911304,"Hajek(recency=20.0,delta=0.20)",Hajek,20.0,0.2,10,20,169,10000,,yes,0.035,0.9111475905555232
5701,0.5080561723517912,1.0514658855555912,0.5434097132037999,"Hajek(recency=20.0,delta=0.20)",Hajek,20.0,0.2,10,20,169,10000,,yes,0.035,0.9111475905555232
5702,0.5104808918348391,1.0474300605764018,0.5369491687415626,"Hajek(recency=20.0,delta=0.20)",Hajek,20.0,0.2,10,20,169,10000,,yes,0.035,0.9111475905555232
5703,0.5171903572830212,1.0588222791294255,0.5416319218464043,"Hajek(recency=20.0,delta=0.20)",Hajek,20.0,0.2,10,20,169,10000,,yes,0.035,0.9111475905555232
5704,0.5205198286606365,1.0513241949736771,0.5308043663130406,"Hajek(recency=20.0,delta=0.20)",Hajek,20.0,0.2,10,20,169,10000,,yes,0.035,0.9111475905555232
5705,0.512708315878305,1.0520485825593233,0.5393402666810183,"Hajek(recency=20.0,delta=0.20)",Hajek,20.0,0.2,10,20,169,10000,,yes,0.035,0.9111475905555232
5706,0.5161189761757227,1.0670029950272586,0.5508840188515359,"Hajek(recency=20.0,delta=0.20)",Hajek,20.0,0.2,10,20,169,10000,,yes,0.035,0.9111475905555232
5707,0.5137981898206496,1.0549400725098657,0.541141882689216,"Hajek(recency=20.0,delta=0.20)",Hajek,20.0,0.2,10,20,169,10000,,yes,0.035,0.9111475905555232
5708,0.5198253780074342,1.049038096875333,0.5292127188678988,"Hajek(recency=20.0,delta=0.20)",Hajek,20.0,0.2,10,20,169,10000,,yes,0.035,0.9111475905555232
5709,0.5220796481635244,1.0552149349411526,0.5331352867776282,"Hajek(recency=20.0,delta=0.20)",Hajek,20.0,0.2,10,20,169,10000,,yes,0.035,0.9111475905555232
5710,0.5134190134808283,1.0485829450642141,0.5351639315833858,"Hajek(recency=20.0,delta=0.20)",Hajek,20.0,0.2,10,20,169,10000,,yes,0.035,0.9111475905555232
5711,0.5210265436104065,1.0566740734433002,0.5356475298328938,"Hajek(recency=20.0,delta=0.20)",Hajek,20.0,0.2,10,20,169,10000,,yes,0.035,0.9111475905555232
5712,0.5093628977221423,1.05632549931216,0.5469626015900177,"Hajek(recency=20.0,delta=0.20)",Hajek,20.0,0.2,10,20,169,10000,,yes,0.035,0.9111475905555232
5713,0.5103058734926714,1.0545842060099067,0.5442783325172352,"Hajek(recency=20.0,delta=0.20)",Hajek,20.0,0.2,10,20,169,10000,,yes,0.035,0.9111475905555232
5714,0.5130468305027399,1.0565678548430282,0.5435210243402883,"Hajek(recency=20.0,delta=0.20)",Hajek,20.0,0.2,10,20,169,10000,,yes,0.035,0.9111475905555232
5715,0.5185252676920253,1.0656019329044821,0.5470766652124568,"Hajek(recency=20.0,delta=0.20)",Hajek,20.0,0.2,10,20,169,10000,,yes,0.035,0.9111475905555232
5716,0.5128403850894953,1.062203801983112,0.5493634168936167,"Hajek(recency=20.0,delta=0.20)",Hajek,20.0,0.2,10,20,169,10000,,yes,0.035,0.9111475905555232
5717,0.510999741774681,1.0516510128342171,0.5406512710595361,"Hajek(recency=20.0,delta=0.20)",Hajek,20.0,0.2,10,20,169,10000,,yes,0.035,0.9111475905555232
5718,0.5151219086905829,1.0465303236791887,0.5314084149886058,"Hajek(recency=20.0,delta=0.20)",Hajek,20.0,0.2,10,20,169,10000,,yes,0.035,0.9111475905555232
5719,0.5220631148786001,1.0564146581925304,0.5343515433139303,"Hajek(recency=20.0,delta=0.20)",Hajek,20.0,0.2,10,20,169,10000,,yes,0.035,0.9111475905555232
5720,0.509038397110739,1.0706497518597486,0.5616113547490097,"Hajek(recency=20.0,delta=0.20)",Hajek,20.0,0.2,10,20,169,10000,,yes,0.035,0.9111475905555232
5721,0.5107707365405633,1.049920814128476,0.5391500775879127,"Hajek(recency=20.0,delta=0.20)",Hajek,20.0,0.2,10,20,169,10000,,yes,0.035,0.9111475905555232
5722,0.5186187685625079,1.055018516430841,0.5363997478683331,"Hajek(recency=20.0,delta=0.20)",Hajek,20.0,0.2,10,20,169,10000,,yes,0.035,0.9111475905555232
5723,0.5188315139814248,1.0538312586915757,0.5349997447101509,"Hajek(recency=20.0,delta=0.20)",Hajek,20.0,0.2,10,20,169,10000,,yes,0.035,0.9111475905555232
5724,0.5154296715513792,1.0528271572732986,0.5373974857219194,"Hajek(recency=20.0,delta=0.20)",Hajek,20.0,0.2,10,20,169,10000,,yes,0.035,0.9111475905555232
5725,0.5130499163697463,1.057096769890403,0.5440468535206567,"Hajek(recency=20.0,delta=0.20)",Hajek,20.0,0.2,10,20,169,10000,,yes,0.035,0.9111475905555232
5726,0.5111291853064014,1.059277980707086,0.5481487954006846,"Hajek(recency=20.0,delta=0.20)",Hajek,20.0,0.2,10,20,169,10000,,yes,0.035,0.9111475905555232
5727,0.5202360580591999,1.067084475176375,0.5468484171171751,"Hajek(recency=20.0,delta=0.20)",Hajek,20.0,0.2,10,20,169,10000,,yes,0.035,0.9111475905555232
5728,0.5169950315064159,1.064878183416342,0.5478831519099262,"Hajek(recency=20.0,delta=0.20)",Hajek,20.0,0.2,10,20,169,10000,,yes,0.035,0.9111475905555232
5729,0.510815027213562,1.057857451110272,0.5470424238967101,"Hajek(recency=20.0,delta=0.20)",Hajek,20.0,0.2,10,20,169,10000,,yes,0.035,0.9111475905555232
5730,0.5124373381028119,1.0535112943129954,0.5410739562101835,"Hajek(recency=20.0,delta=0.20)",Hajek,20.0,0.2,10,20,169,10000,,yes,0.035,0.9111475905555232
5731,0.5218506180918776,1.063122386772587,0.5412717686807094,"Hajek(recency=20.0,delta=0.20)",Hajek,20.0,0.2,10,20,169,10000,,yes,0.035,0.9111475905555232
5732,0.5154954201057144,1.0464806969862401,0.5309852768805258,"Hajek(recency=20.0,delta=0.20)",Hajek,20.0,0.2,10,20,169,10000,,yes,0.035,0.9111475905555232
5733,0.510139440124153,1.0443553499588598,0.5342159098347068,"Hajek(recency=20.0,delta=0.20)",Hajek,20.0,0.2,10,20,169,10000,,yes,0.035,0.9111475905555232
5734,0.5087526648356502,1.0567773267149871,0.548024661879337,"Hajek(recency=20.0,delta=0.20)",Hajek,20.0,0.2,10,20,169,10000,,yes,0.035,0.9111475905555232
5735,0.5172302468249014,1.0574212732715018,0.5401910264466004,"Hajek(recency=20.0,delta=0.20)",Hajek,20.0,0.2,10,20,169,10000,,yes,0.035,0.9111475905555232
5736,0.5235505325921221,1.0443426997995824,0.5207921672074602,"Hajek(recency=20.0,delta=0.20)",Hajek,20.0,0.2,10,20,169,10000,,yes,0.035,0.9111475905555232
5737,0.5123290729499905,1.0548103026030415,0.542481229653051,"Hajek(recency=20.0,delta=0.20)",Hajek,20.0,0.2,10,20,169,10000,,yes,0.035,0.9111475905555232
5738,0.5074132432002667,1.0559327016259838,0.5485194584257171,"Hajek(recency=20.0,delta=0.20)",Hajek,20.0,0.2,10,20,169,10000,,yes,0.035,0.9111475905555232
5739,0.5003257555347552,1.0464922652809474,0.5461665097461922,"Hajek(recency=20.0,delta=0.20)",Hajek,20.0,0.2,10,20,169,10000,,yes,0.035,0.9111475905555232
5740,0.522222620772866,1.0670308177594072,0.5448081969865413,"Hajek(recency=20.0,delta=0.20)",Hajek,20.0,0.2,10,20,169,10000,,yes,0.035,0.9111475905555232
5741,0.5083042495968401,1.0547874882090138,0.5464832386121737,"Hajek(recency=20.0,delta=0.20)",Hajek,20.0,0.2,10,20,169,10000,,yes,0.035,0.9111475905555232
5742,0.5214155736435202,1.0367362565259224,0.5153206828824022,"Hajek(recency=20.0,delta=0.20)",Hajek,20.0,0.2,10,20,169,10000,,yes,0.035,0.9111475905555232
5743,0.5134852331959767,1.0559368004824239,0.5424515672864472,"Hajek(recency=20.0,delta=0.20)",Hajek,20.0,0.2,10,20,169,10000,,yes,0.035,0.9111475905555232
5744,0.5126679029701334,1.0496429135454974,0.536975010575364,"Hajek(recency=20.0,delta=0.20)",Hajek,20.0,0.2,10,20,169,10000,,yes,0.035,0.9111475905555232
5745,0.5132040329506712,1.0507189723330397,0.5375149393823685,"Hajek(recency=20.0,delta=0.20)",Hajek,20.0,0.2,10,20,169,10000,,yes,0.035,0.9111475905555232
5746,0.5059389888395528,1.0503994335388103,0.5444604446992575,"Hajek(recency=20.0,delta=0.20)",Hajek,20.0,0.2,10,20,169,10000,,yes,0.035,0.9111475905555232
5747,0.5168894084273841,1.0701248107448285,0.5532354023174444,"Hajek(recency=20.0,delta=0.20)",Hajek,20.0,0.2,10,20,169,10000,,yes,0.035,0.9111475905555232
5748,0.5206870360589589,1.051658333240602,0.530971297181643,"Hajek(recency=20.0,delta=0.20)",Hajek,20.0,0.2,10,20,169,10000,,yes,0.035,0.9111475905555232
5749,0.5110226623835605,1.0540290174296814,0.5430063550461208,"Hajek(recency=20.0,delta=0.20)",Hajek,20.0,0.2,10,20,169,10000,,yes,0.035,0.9111475905555232
5750,0.5111666773535141,1.0562989811571446,0.5451323038036305,"Hajek(recency=20.0,delta=0.20)",Hajek,20.0,0.2,10,20,169,10000,,yes,0.035,0.9111475905555232
5751,0.5131225085678128,1.0365193144674227,0.5233968058996099,"Hajek(recency=20.0,delta=0.20)",Hajek,20.0,0.2,10,20,169,10000,,yes,0.035,0.9111475905555232
5752,0.5065864093990597,1.0715751796194903,0.5649887702204306,"Hajek(recency=20.0,delta=0.20)",Hajek,20.0,0.2,10,20,169,10000,,yes,0.035,0.9111475905555232
5753,0.5115182704609978,1.0565568471653244,0.5450385767043265,"Hajek(recency=20.0,delta=0.20)",Hajek,20.0,0.2,10,20,169,10000,,yes,0.035,0.9111475905555232
5754,0.5167249909131268,1.0742244628140092,0.5574994719008823,"Hajek(recency=20.0,delta=0.20)",Hajek,20.0,0.2,10,20,169,10000,,yes,0.035,0.9111475905555232
5755,0.5168034706422973,1.0522718729703953,0.535468402328098,"Hajek(recency=20.0,delta=0.20)",Hajek,20.0,0.2,10,20,169,10000,,yes,0.035,0.9111475905555232
5756,0.5172650569660392,1.0593862334403612,0.542121176474322,"Hajek(recency=20.0,delta=0.20)",Hajek,20.0,0.2,10,20,169,10000,,yes,0.035,0.9111475905555232
5757,0.5193493782689335,1.053392723118626,0.5340433448496925,"Hajek(recency=20.0,delta=0.20)",Hajek,20.0,0.2,10,20,169,10000,,yes,0.035,0.9111475905555232
5758,0.5097865440280802,1.0593472991486372,0.549560755120557,"Hajek(recency=20.0,delta=0.20)",Hajek,20.0,0.2,10,20,169,10000,,yes,0.035,0.9111475905555232
5759,0.512614073115455,1.0562033574504284,0.5435892843349733,"Hajek(recency=20.0,delta=0.20)",Hajek,20.0,0.2,10,20,169,10000,,yes,0.035,0.9111475905555232
5760,0.5206429673286268,1.0647227916983233,0.5440798243696965,"Hajek(recency=20.0,delta=0.20)",Hajek,20.0,0.2,10,20,169,10000,,yes,0.035,0.9111475905555232
5761,0.5111950612886231,1.052894015059377,0.5416989537707539,"Hajek(recency=20.0,delta=0.20)",Hajek,20.0,0.2,10,20,169,10000,,yes,0.035,0.9111475905555232
5762,0.5126060612796551,1.064583245449525,0.5519771841698699,"Hajek(recency=20.0,delta=0.20)",Hajek,20.0,0.2,10,20,169,10000,,yes,0.035,0.9111475905555232
5763,0.5069234582394344,1.0451176057295875,0.538194147490153,"Hajek(recency=20.0,delta=0.20)",Hajek,20.0,0.2,10,20,169,10000,,yes,0.035,0.9111475905555232
5764,0.5155514238482182,1.051254024779401,0.5357026009311829,"Hajek(recency=20.0,delta=0.20)",Hajek,20.0,0.2,10,20,169,10000,,yes,0.035,0.9111475905555232
5765,0.5147521621408624,1.0548567268318125,0.5401045646909501,"Hajek(recency=20.0,delta=0.20)",Hajek,20.0,0.2,10,20,169,10000,,yes,0.035,0.9111475905555232
5766,0.5016672577783128,1.0418596377737144,0.5401923799954016,"Hajek(recency=20.0,delta=0.20)",Hajek,20.0,0.2,10,20,169,10000,,yes,0.035,0.9111475905555232
5767,0.5036793657322545,1.049431457097867,0.5457520913656124,"Hajek(recency=20.0,delta=0.20)",Hajek,20.0,0.2,10,20,169,10000,,yes,0.035,0.9111475905555232
5768,0.5056168916145902,1.0402157130897207,0.5345988214751305,"Hajek(recency=20.0,delta=0.20)",Hajek,20.0,0.2,10,20,169,10000,,yes,0.035,0.9111475905555232
5769,0.5183197159488534,1.0490220080426265,0.5307022920937731,"Hajek(recency=20.0,delta=0.20)",Hajek,20.0,0.2,10,20,169,10000,,yes,0.035,0.9111475905555232
5770,0.5233840498975015,1.058638315976401,0.5352542660788995,"Hajek(recency=20.0,delta=0.20)",Hajek,20.0,0.2,10,20,169,10000,,yes,0.035,0.9111475905555232
5771,0.5231283748540992,1.0500201871209982,0.526891812266899,"Hajek(recency=20.0,delta=0.20)",Hajek,20.0,0.2,10,20,169,10000,,yes,0.035,0.9111475905555232
5772,0.5077879657642472,1.0521267772951644,0.5443388115309171,"Hajek(recency=20.0,delta=0.20)",Hajek,20.0,0.2,10,20,169,10000,,yes,0.035,0.9111475905555232
5773,0.5213635289056133,1.0586717344190792,0.5373082055134659,"Hajek(recency=20.0,delta=0.20)",Hajek,20.0,0.2,10,20,169,10000,,yes,0.035,0.9111475905555232
5774,0.5135617372337941,1.0426344405929915,0.5290727033591974,"Hajek(recency=20.0,delta=0.20)",Hajek,20.0,0.2,10,20,169,10000,,yes,0.035,0.9111475905555232
5775,0.5090873273660408,1.0469451099634444,0.5378577825974036,"Hajek(recency=20.0,delta=0.20)",Hajek,20.0,0.2,10,20,169,10000,,yes,0.035,0.9111475905555232
5776,0.5175177109581477,1.0607476128153308,0.5432299018571831,"Hajek(recency=20.0,delta=0.20)",Hajek,20.0,0.2,10,20,169,10000,,yes,0.035,0.9111475905555232
5777,0.5144771607700461,1.0732935470896108,0.5588163863195647,"Hajek(recency=20.0,delta=0.20)",Hajek,20.0,0.2,10,20,169,10000,,yes,0.035,0.9111475905555232
5778,0.5119665585015293,1.0620661178081006,0.5500995593065713,"Hajek(recency=20.0,delta=0.20)",Hajek,20.0,0.2,10,20,169,10000,,yes,0.035,0.9111475905555232
5779,0.5182344173912992,1.059841064031021,0.5416066466397218,"Hajek(recency=20.0,delta=0.20)",Hajek,20.0,0.2,10,20,169,10000,,yes,0.035,0.9111475905555232
5780,0.5186033089135552,1.060428084337021,0.5418247754234659,"Hajek(recency=20.0,delta=0.20)",Hajek,20.0,0.2,10,20,169,10000,,yes,0.035,0.9111475905555232
5781,0.5156511011750587,1.0476887978544915,0.5320376966794328,"Hajek(recency=20.0,delta=0.20)",Hajek,20.0,0.2,10,20,169,10000,,yes,0.035,0.9111475905555232
5782,0.5223948759140556,1.0394800925540375,0.5170852166399819,"Hajek(recency=20.0,delta=0.20)",Hajek,20.0,0.2,10,20,169,10000,,yes,0.035,0.9111475905555232
5783,0.521530828617162,1.0540141324437835,0.5324833038266215,"Hajek(recency=20.0,delta=0.20)",Hajek,20.0,0.2,10,20,169,10000,,yes,0.035,0.9111475905555232
5784,0.5126532896612375,1.0597690500293928,0.5471157603681553,"Hajek(recency=20.0,delta=0.20)",Hajek,20.0,0.2,10,20,169,10000,,yes,0.035,0.9111475905555232
5785,0.5136996112156283,1.0684799960116504,0.5547803847960221,"Hajek(recency=20.0,delta=0.20)",Hajek,20.0,0.2,10,20,169,10000,,yes,0.035,0.9111475905555232
5786,0.523705251426951,1.0650739295306864,0.5413686781037353,"Hajek(recency=20.0,delta=0.20)",Hajek,20.0,0.2,10,20,169,10000,,yes,0.035,0.9111475905555232
5787,0.5118328978882443,1.0686826543996082,0.5568497565113639,"Hajek(recency=20.0,delta=0.20)",Hajek,20.0,0.2,10,20,169,10000,,yes,0.035,0.9111475905555232
5788,0.515072913277192,1.0645374489645698,0.5494645356873779,"Hajek(recency=20.0,delta=0.20)",Hajek,20.0,0.2,10,20,169,10000,,yes,0.035,0.9111475905555232
5789,0.5099226297631638,1.0637266836347747,0.5538040538716109,"Hajek(recency=20.0,delta=0.20)",Hajek,20.0,0.2,10,20,169,10000,,yes,0.035,0.9111475905555232
5790,0.5111411496717789,1.0633275104485767,0.5521863607767977,"Hajek(recency=20.0,delta=0.20)",Hajek,20.0,0.2,10,20,169,10000,,yes,0.035,0.9111475905555232
5791,0.5135132599326311,1.0493729047099127,0.5358596447772817,"Hajek(recency=20.0,delta=0.20)",Hajek,20.0,0.2,10,20,169,10000,,yes,0.035,0.9111475905555232
5792,0.5110151815554256,1.0769220852210837,0.5659069036656581,"Hajek(recency=20.0,delta=0.20)",Hajek,20.0,0.2,10,20,169,10000,,yes,0.035,0.9111475905555232
5793,0.5204886217301674,1.0754091166791724,0.554920494949005,"Hajek(recency=20.0,delta=0.20)",Hajek,20.0,0.2,10,20,169,10000,,yes,0.035,0.9111475905555232
5794,0.5212457767496897,1.0466823142617891,0.5254365375120994,"Hajek(recency=20.0,delta=0.20)",Hajek,20.0,0.2,10,20,169,10000,,yes,0.035,0.9111475905555232
5795,0.5128430887456584,1.0506392791891455,0.537796190443487,"Hajek(recency=20.0,delta=0.20)",Hajek,20.0,0.2,10,20,169,10000,,yes,0.035,0.9111475905555232
5796,0.5167828200805178,1.0597660266251447,0.542983206544627,"Hajek(recency=20.0,delta=0.20)",Hajek,20.0,0.2,10,20,169,10000,,yes,0.035,0.9111475905555232
5797,0.5173260024219365,1.0510355513737084,0.5337095489517719,"Hajek(recency=20.0,delta=0.20)",Hajek,20.0,0.2,10,20,169,10000,,yes,0.035,0.9111475905555232
5798,0.5198112236478032,1.0531498740684841,0.533338650420681,"Hajek(recency=20.0,delta=0.20)",Hajek,20.0,0.2,10,20,169,10000,,yes,0.035,0.9111475905555232
5799,0.5079294366290038,1.0703133468056771,0.5623839101766733,"Hajek(recency=20.0,delta=0.20)",Hajek,20.0,0.2,10,20,169,10000,,yes,0.035,0.9111475905555232
5800,0.5173422495253505,1.0555405079587648,0.5381982584334143,"Hajek(recency=20.0,delta=0.20)",Hajek,20.0,0.2,10,20,169,10000,,yes,0.035,0.9111475905555232
5801,0.5111734832774661,1.0560323204226219,0.5448588371451557,"Hajek(recency=20.0,delta=0.20)",Hajek,20.0,0.2,10,20,169,10000,,yes,0.035,0.9111475905555232
5802,0.5135152748057878,1.0512919486760874,0.5377766738702996,"Hajek(recency=20.0,delta=0.20)",Hajek,20.0,0.2,10,20,169,10000,,yes,0.035,0.9111475905555232
5803,0.5136873820132078,1.0670224140713458,0.5533350320581379,"Hajek(recency=20.0,delta=0.20)",Hajek,20.0,0.2,10,20,169,10000,,yes,0.035,0.9111475905555232
5804,0.5090182110926257,1.042770184825956,0.5337519737333304,"Hajek(recency=20.0,delta=0.20)",Hajek,20.0,0.2,10,20,169,10000,,yes,0.035,0.9111475905555232
5805,0.5134490618480667,1.0600586565348542,0.5466095946867875,"Hajek(recency=20.0,delta=0.20)",Hajek,20.0,0.2,10,20,169,10000,,yes,0.035,0.9111475905555232
5806,0.5247115063545565,1.0533147869566475,0.5286032806020909,"Hajek(recency=20.0,delta=0.20)",Hajek,20.0,0.2,10,20,169,10000,,yes,0.035,0.9111475905555232
5807,0.5269150267842342,1.0541017835486013,0.5271867567643671,"Hajek(recency=20.0,delta=0.20)",Hajek,20.0,0.2,10,20,169,10000,,yes,0.035,0.9111475905555232
5808,0.513082705741245,1.0594043255399668,0.5463216197987217,"Hajek(recency=20.0,delta=0.20)",Hajek,20.0,0.2,10,20,169,10000,,yes,0.035,0.9111475905555232
5809,0.5194675791034726,1.0471966532153683,0.5277290741118956,"Hajek(recency=20.0,delta=0.20)",Hajek,20.0,0.2,10,20,169,10000,,yes,0.035,0.9111475905555232
5810,0.5129732628398602,1.0517932976749866,0.5388200348351264,"Hajek(recency=20.0,delta=0.20)",Hajek,20.0,0.2,10,20,169,10000,,yes,0.035,0.9111475905555232
5811,0.5134991480849462,1.0615269116108066,0.5480277635258604,"Hajek(recency=20.0,delta=0.20)",Hajek,20.0,0.2,10,20,169,10000,,yes,0.035,0.9111475905555232
5812,0.5071302684686327,1.0522498797121214,0.5451196112434886,"Hajek(recency=20.0,delta=0.20)",Hajek,20.0,0.2,10,20,169,10000,,yes,0.035,0.9111475905555232
5813,0.5191061849741968,1.058056711667618,0.5389505266934213,"Hajek(recency=20.0,delta=0.20)",Hajek,20.0,0.2,10,20,169,10000,,yes,0.035,0.9111475905555232
5814,0.5084765150202349,1.061094376954417,0.552617861934182,"Hajek(recency=20.0,delta=0.20)",Hajek,20.0,0.2,10,20,169,10000,,yes,0.035,0.9111475905555232
5815,0.5194198341672069,1.0609979856657106,0.5415781514985036,"Hajek(recency=20.0,delta=0.20)",Hajek,20.0,0.2,10,20,169,10000,,yes,0.035,0.9111475905555232
5816,0.5066338444223202,1.038852044220464,0.5322181997981439,"Hajek(recency=20.0,delta=0.20)",Hajek,20.0,0.2,10,20,169,10000,,yes,0.035,0.9111475905555232
5817,0.5210850943814092,1.051544089305607,0.5304589949241978,"Hajek(recency=20.0,delta=0.20)",Hajek,20.0,0.2,10,20,169,10000,,yes,0.035,0.9111475905555232
5818,0.5038680651156396,1.0621961171055796,0.55832805198994,"Hajek(recency=20.0,delta=0.20)",Hajek,20.0,0.2,10,20,169,10000,,yes,0.035,0.9111475905555232
5819,0.5174935881648913,1.040216703834623,0.5227231156697317,"Hajek(recency=20.0,delta=0.20)",Hajek,20.0,0.2,10,20,169,10000,,yes,0.035,0.9111475905555232
5820,0.5247461418292846,1.0610997940467441,0.5363536522174596,"Hajek(recency=20.0,delta=0.20)",Hajek,20.0,0.2,10,20,169,10000,,yes,0.035,0.9111475905555232
5821,0.5122862228583076,1.0608263938529487,0.5485401709946411,"Hajek(recency=20.0,delta=0.20)",Hajek,20.0,0.2,10,20,169,10000,,yes,0.035,0.9111475905555232
5822,0.5113801625935529,1.0534544629792142,0.5420743003856613,"Hajek(recency=20.0,delta=0.20)",Hajek,20.0,0.2,10,20,169,10000,,yes,0.035,0.9111475905555232
5823,0.5125842042748806,1.0714725170782888,0.5588883128034082,"Hajek(recency=20.0,delta=0.20)",Hajek,20.0,0.2,10,20,169,10000,,yes,0.035,0.9111475905555232
5824,0.515931863279184,1.0535513185501757,0.5376194552709916,"Hajek(recency=20.0,delta=0.20)",Hajek,20.0,0.2,10,20,169,10000,,yes,0.035,0.9111475905555232
5825,0.5163027192003817,1.0553387412897604,0.5390360220893786,"Hajek(recency=20.0,delta=0.20)",Hajek,20.0,0.2,10,20,169,10000,,yes,0.035,0.9111475905555232
5826,0.5178070025531905,1.0551012839591944,0.537294281406004,"Hajek(recency=20.0,delta=0.20)",Hajek,20.0,0.2,10,20,169,10000,,yes,0.035,0.9111475905555232
5827,0.5272191272298178,1.0512596987742926,0.5240405715444748,"Hajek(recency=20.0,delta=0.20)",Hajek,20.0,0.2,10,20,169,10000,,yes,0.035,0.9111475905555232
5828,0.5134937060278656,1.0633110312418443,0.5498173252139787,"Hajek(recency=20.0,delta=0.20)",Hajek,20.0,0.2,10,20,169,10000,,yes,0.035,0.9111475905555232
5829,0.5088797255710906,1.0515991986192696,0.542719473048179,"Hajek(recency=20.0,delta=0.20)",Hajek,20.0,0.2,10,20,169,10000,,yes,0.035,0.9111475905555232
5830,0.5137829311424312,1.0502307572862608,0.5364478261438296,"Hajek(recency=20.0,delta=0.20)",Hajek,20.0,0.2,10,20,169,10000,,yes,0.035,0.9111475905555232
5831,0.5143114919321348,1.0475876558556894,0.5332761639235546,"Hajek(recency=20.0,delta=0.20)",Hajek,20.0,0.2,10,20,169,10000,,yes,0.035,0.9111475905555232
5832,0.5137847474489841,1.0597831367013266,0.5459983892523426,"Hajek(recency=20.0,delta=0.20)",Hajek,20.0,0.2,10,20,169,10000,,yes,0.035,0.9111475905555232
5833,0.5138898898466947,1.0558518562525065,0.5419619664058118,"Hajek(recency=20.0,delta=0.20)",Hajek,20.0,0.2,10,20,169,10000,,yes,0.035,0.9111475905555232
5834,0.5197654855025652,1.0653949642231206,0.5456294787205554,"Hajek(recency=20.0,delta=0.20)",Hajek,20.0,0.2,10,20,169,10000,,yes,0.035,0.9111475905555232
5835,0.5230130890453217,1.0714883543150941,0.5484752652697724,"Hajek(recency=20.0,delta=0.20)",Hajek,20.0,0.2,10,20,169,10000,,yes,0.035,0.9111475905555232
5836,0.5146789316939128,1.0458640666795451,0.5311851349856324,"Hajek(recency=20.0,delta=0.20)",Hajek,20.0,0.2,10,20,169,10000,,yes,0.035,0.9111475905555232
5837,0.5173432602971633,1.0605955995697094,0.5432523392725461,"Hajek(recency=20.0,delta=0.20)",Hajek,20.0,0.2,10,20,169,10000,,yes,0.035,0.9111475905555232
5838,0.5158474418255464,1.0510165657200905,0.5351691238945441,"Hajek(recency=20.0,delta=0.20)",Hajek,20.0,0.2,10,20,169,10000,,yes,0.035,0.9111475905555232
5839,0.5118103512406182,1.0589158810181387,0.5471055297775205,"Hajek(recency=20.0,delta=0.20)",Hajek,20.0,0.2,10,20,169,10000,,yes,0.035,0.9111475905555232
5840,0.5115433881003163,1.0748272664580691,0.5632838783577528,"Hajek(recency=20.0,delta=0.20)",Hajek,20.0,0.2,10,20,169,10000,,yes,0.035,0.9111475905555232
5841,0.5147102344218538,1.0534019171122098,0.5386916826903559,"Hajek(recency=20.0,delta=0.20)",Hajek,20.0,0.2,10,20,169,10000,,yes,0.035,0.9111475905555232
5842,0.5108765284971395,1.0534140952352329,0.5425375667380934,"Hajek(recency=20.0,delta=0.20)",Hajek,20.0,0.2,10,20,169,10000,,yes,0.035,0.9111475905555232
5843,0.5228707679546867,1.0486708098796618,0.5258000419249751,"Hajek(recency=20.0,delta=0.20)",Hajek,20.0,0.2,10,20,169,10000,,yes,0.035,0.9111475905555232
5844,0.520474119029517,1.0681384925109607,0.5476643734814437,"Hajek(recency=20.0,delta=0.20)",Hajek,20.0,0.2,10,20,169,10000,,yes,0.035,0.9111475905555232
5845,0.5200330390793982,1.0385892080175394,0.5185561689381412,"Hajek(recency=20.0,delta=0.20)",Hajek,20.0,0.2,10,20,169,10000,,yes,0.035,0.9111475905555232
5846,0.5076700207159531,1.0452202020816797,0.5375501813657265,"Hajek(recency=20.0,delta=0.20)",Hajek,20.0,0.2,10,20,169,10000,,yes,0.035,0.9111475905555232
5847,0.5108926614965649,1.0654371954971034,0.5545445340005385,"Hajek(recency=20.0,delta=0.20)",Hajek,20.0,0.2,10,20,169,10000,,yes,0.035,0.9111475905555232
5848,0.515911486674467,1.0506122200562926,0.5347007333818257,"Hajek(recency=20.0,delta=0.20)",Hajek,20.0,0.2,10,20,169,10000,,yes,0.035,0.9111475905555232
5849,0.5167723585891795,1.0528366562240417,0.5360642976348622,"Hajek(recency=20.0,delta=0.20)",Hajek,20.0,0.2,10,20,169,10000,,yes,0.035,0.9111475905555232
5850,0.5082109996217622,1.0558250079270093,0.5476140083052471,"Hajek(recency=20.0,delta=0.20)",Hajek,20.0,0.2,10,20,169,10000,,yes,0.035,0.9111475905555232
5851,0.51550577756092,1.056000576979273,0.5404947994183531,"Hajek(recency=20.0,delta=0.20)",Hajek,20.0,0.2,10,20,169,10000,,yes,0.035,0.9111475905555232
5852,0.5126543159697663,1.0529860482790805,0.5403317323093142,"Hajek(recency=20.0,delta=0.20)",Hajek,20.0,0.2,10,20,169,10000,,yes,0.035,0.9111475905555232
5853,0.5148699774612797,1.066566600503781,0.5516966230425013,"Hajek(recency=20.0,delta=0.20)",Hajek,20.0,0.2,10,20,169,10000,,yes,0.035,0.9111475905555232
5854,0.5176353878932637,1.0422714102709638,0.5246360223777001,"Hajek(recency=20.0,delta=0.20)",Hajek,20.0,0.2,10,20,169,10000,,yes,0.035,0.9111475905555232
5855,0.5205018610866571,1.0532873159782263,0.5327854548915693,"Hajek(recency=20.0,delta=0.20)",Hajek,20.0,0.2,10,20,169,10000,,yes,0.035,0.9111475905555232
5856,0.5128239993160162,1.079729944516048,0.5669059452000318,"Hajek(recency=20.0,delta=0.20)",Hajek,20.0,0.2,10,20,169,10000,,yes,0.035,0.9111475905555232
5857,0.5126230146282656,1.0587919827300876,0.5461689681018219,"Hajek(recency=20.0,delta=0.20)",Hajek,20.0,0.2,10,20,169,10000,,yes,0.035,0.9111475905555232
5858,0.5109744207480712,1.0588835042856015,0.5479090835375303,"Hajek(recency=20.0,delta=0.20)",Hajek,20.0,0.2,10,20,169,10000,,yes,0.035,0.9111475905555232
5859,0.5132321473357158,1.0569036096330413,0.5436714622973255,"Hajek(recency=20.0,delta=0.20)",Hajek,20.0,0.2,10,20,169,10000,,yes,0.035,0.9111475905555232
5860,0.5100955149107871,1.061345353909229,0.5512498389984419,"Hajek(recency=20.0,delta=0.20)",Hajek,20.0,0.2,10,20,169,10000,,yes,0.035,0.9111475905555232
5861,0.5090053968111511,1.0710666564248488,0.5620612596136977,"Hajek(recency=20.0,delta=0.20)",Hajek,20.0,0.2,10,20,169,10000,,yes,0.035,0.9111475905555232
5862,0.5088997834422128,1.064851254936762,0.5559514714945492,"Hajek(recency=20.0,delta=0.20)",Hajek,20.0,0.2,10,20,169,10000,,yes,0.035,0.9111475905555232
5863,0.5128582425127631,1.0468813779365622,0.5340231354237991,"Hajek(recency=20.0,delta=0.20)",Hajek,20.0,0.2,10,20,169,10000,,yes,0.035,0.9111475905555232
5864,0.5175300423077922,1.0630429400582782,0.545512897750486,"Hajek(recency=20.0,delta=0.20)",Hajek,20.0,0.2,10,20,169,10000,,yes,0.035,0.9111475905555232
5865,0.5187956827248726,1.0605754469819317,0.5417797642570591,"Hajek(recency=20.0,delta=0.20)",Hajek,20.0,0.2,10,20,169,10000,,yes,0.035,0.9111475905555232
5866,0.5205084232678922,1.050142068362694,0.5296336450948019,"Hajek(recency=20.0,delta=0.20)",Hajek,20.0,0.2,10,20,169,10000,,yes,0.035,0.9111475905555232
5867,0.5152332222675347,1.0364826087193877,0.521249386451853,"Hajek(recency=20.0,delta=0.20)",Hajek,20.0,0.2,10,20,169,10000,,yes,0.035,0.9111475905555232
5868,0.5141207886857863,1.060216624920474,0.5460958362346878,"Hajek(recency=20.0,delta=0.20)",Hajek,20.0,0.2,10,20,169,10000,,yes,0.035,0.9111475905555232
5869,0.5161409382901962,1.0565691644622055,0.5404282261720093,"Hajek(recency=20.0,delta=0.20)",Hajek,20.0,0.2,10,20,169,10000,,yes,0.035,0.9111475905555232
5870,0.5078843030812656,1.0541454572047861,0.5462611541235205,"Hajek(recency=20.0,delta=0.20)",Hajek,20.0,0.2,10,20,169,10000,,yes,0.035,0.9111475905555232
5871,0.5180581973648319,1.0525953431893365,0.5345371458245045,"Hajek(recency=20.0,delta=0.20)",Hajek,20.0,0.2,10,20,169,10000,,yes,0.035,0.9111475905555232
5872,0.5108367084741928,1.066534843670434,0.5556981351962412,"Hajek(recency=20.0,delta=0.20)",Hajek,20.0,0.2,10,20,169,10000,,yes,0.035,0.9111475905555232
5873,0.5182209534713936,1.0530355845919588,0.5348146311205652,"Hajek(recency=20.0,delta=0.20)",Hajek,20.0,0.2,10,20,169,10000,,yes,0.035,0.9111475905555232
5874,0.5156689609030681,1.0683930688458096,0.5527241079427415,"Hajek(recency=20.0,delta=0.20)",Hajek,20.0,0.2,10,20,169,10000,,yes,0.035,0.9111475905555232
5875,0.5139297832233891,1.0522752645598956,0.5383454813365065,"Hajek(recency=20.0,delta=0.20)",Hajek,20.0,0.2,10,20,169,10000,,yes,0.035,0.9111475905555232
5876,0.5161130603446775,1.0357733636074336,0.519660303262756,"Hajek(recency=20.0,delta=0.20)",Hajek,20.0,0.2,10,20,169,10000,,yes,0.035,0.9111475905555232
5877,0.4989314016238306,1.0745350360710424,0.5756036344472117,"Hajek(recency=20.0,delta=0.20)",Hajek,20.0,0.2,10,20,169,10000,,yes,0.035,0.9111475905555232
5878,0.5056441301006458,1.0392076801709167,0.5335635500702709,"Hajek(recency=20.0,delta=0.20)",Hajek,20.0,0.2,10,20,169,10000,,yes,0.035,0.9111475905555232
5879,0.5091697837346314,1.044472675106483,0.5353028913718516,"Hajek(recency=20.0,delta=0.20)",Hajek,20.0,0.2,10,20,169,10000,,yes,0.035,0.9111475905555232
5880,0.5300960117251535,1.050693711836719,0.5205977001115655,"Hajek(recency=20.0,delta=0.20)",Hajek,20.0,0.2,10,20,169,10000,,yes,0.035,0.9111475905555232
5881,0.5108334320570318,1.051393987318542,0.5405605552615103,"Hajek(recency=20.0,delta=0.20)",Hajek,20.0,0.2,10,20,169,10000,,yes,0.035,0.9111475905555232
5882,0.5133739119200617,1.0592898251539034,0.5459159132338417,"Hajek(recency=20.0,delta=0.20)",Hajek,20.0,0.2,10,20,169,10000,,yes,0.035,0.9111475905555232
5883,0.5136528293207341,1.0638909763364666,0.5502381470157325,"Hajek(recency=20.0,delta=0.20)",Hajek,20.0,0.2,10,20,169,10000,,yes,0.035,0.9111475905555232
5884,0.516490298597096,1.0700163394962974,0.5535260408992013,"Hajek(recency=20.0,delta=0.20)",Hajek,20.0,0.2,10,20,169,10000,,yes,0.035,0.9111475905555232
5885,0.5135698024575853,1.0500625870348033,0.5364927845772179,"Hajek(recency=20.0,delta=0.20)",Hajek,20.0,0.2,10,20,169,10000,,yes,0.035,0.9111475905555232
5886,0.5093236078620991,1.0622131737841556,0.5528895659220565,"Hajek(recency=20.0,delta=0.20)",Hajek,20.0,0.2,10,20,169,10000,,yes,0.035,0.9111475905555232
5887,0.504926308417776,1.0605800207101619,0.5556537122923859,"Hajek(recency=20.0,delta=0.20)",Hajek,20.0,0.2,10,20,169,10000,,yes,0.035,0.9111475905555232
5888,0.5128648104594583,1.0631990712906587,0.5503342608312004,"Hajek(recency=20.0,delta=0.20)",Hajek,20.0,0.2,10,20,169,10000,,yes,0.035,0.9111475905555232
5889,0.5208119007202274,1.0569142267846594,0.536102326064432,"Hajek(recency=20.0,delta=0.20)",Hajek,20.0,0.2,10,20,169,10000,,yes,0.035,0.9111475905555232
5890,0.512756076370834,1.0368212147666414,0.5240651383958074,"Hajek(recency=20.0,delta=0.20)",Hajek,20.0,0.2,10,20,169,10000,,yes,0.035,0.9111475905555232
5891,0.5143228419185616,1.057121789436234,0.5427989475176723,"Hajek(recency=20.0,delta=0.20)",Hajek,20.0,0.2,10,20,169,10000,,yes,0.035,0.9111475905555232
5892,0.5091540958560566,1.0737682980903174,0.5646142022342607,"Hajek(recency=20.0,delta=0.20)",Hajek,20.0,0.2,10,20,169,10000,,yes,0.035,0.9111475905555232
5893,0.5187036599016882,1.0534519759509813,0.5347483160492931,"Hajek(recency=20.0,delta=0.20)",Hajek,20.0,0.2,10,20,169,10000,,yes,0.035,0.9111475905555232
5894,0.5172323331833514,1.064721049542501,0.5474887163591496,"Hajek(recency=20.0,delta=0.20)",Hajek,20.0,0.2,10,20,169,10000,,yes,0.035,0.9111475905555232
5895,0.5139392185249688,1.0567560869590489,0.5428168684340801,"Hajek(recency=20.0,delta=0.20)",Hajek,20.0,0.2,10,20,169,10000,,yes,0.035,0.9111475905555232
5896,0.5124404711914144,1.0556419189183786,0.5432014477269641,"Hajek(recency=20.0,delta=0.20)",Hajek,20.0,0.2,10,20,169,10000,,yes,0.035,0.9111475905555232
5897,0.5129167390469246,1.0558912741421849,0.5429745350952603,"Hajek(recency=20.0,delta=0.20)",Hajek,20.0,0.2,10,20,169,10000,,yes,0.035,0.9111475905555232
5898,0.5131047875780287,1.0610133382975908,0.5479085507195621,"Hajek(recency=20.0,delta=0.20)",Hajek,20.0,0.2,10,20,169,10000,,yes,0.035,0.9111475905555232
5899,0.5062651108772058,1.0532432991928549,0.546978188315649,"Hajek(recency=20.0,delta=0.20)",Hajek,20.0,0.2,10,20,169,10000,,yes,0.035,0.9111475905555232
5900,0.5150348053946168,1.0655612628482745,0.5505264574536577,"Hajek(recency=20.0,delta=0.20)",Hajek,20.0,0.2,10,20,169,10000,,yes,0.035,0.9111475905555232
5901,0.5095888829088744,1.0561292135098503,0.546540330600976,"Hajek(recency=20.0,delta=0.20)",Hajek,20.0,0.2,10,20,169,10000,,yes,0.035,0.9111475905555232
5902,0.5190480642739208,1.0512489962350446,0.5322009319611238,"Hajek(recency=20.0,delta=0.20)",Hajek,20.0,0.2,10,20,169,10000,,yes,0.035,0.9111475905555232
5903,0.5147951600605115,1.058070920565851,0.5432757605053394,"Hajek(recency=20.0,delta=0.20)",Hajek,20.0,0.2,10,20,169,10000,,yes,0.035,0.9111475905555232
5904,0.5141299855117719,1.061088170895677,0.5469581853839051,"Hajek(recency=20.0,delta=0.20)",Hajek,20.0,0.2,10,20,169,10000,,yes,0.035,0.9111475905555232
5905,0.516823994182774,1.064786116611076,0.5479621224283019,"Hajek(recency=20.0,delta=0.20)",Hajek,20.0,0.2,10,20,169,10000,,yes,0.035,0.9111475905555232
5906,0.5197360144307943,1.0496664762014682,0.5299304617706739,"Hajek(recency=20.0,delta=0.20)",Hajek,20.0,0.2,10,20,169,10000,,yes,0.035,0.9111475905555232
5907,0.5196287122648575,1.0648822097633348,0.5452534974984773,"Hajek(recency=20.0,delta=0.20)",Hajek,20.0,0.2,10,20,169,10000,,yes,0.035,0.9111475905555232
5908,0.5071729229287528,1.0526103386850794,0.5454374157563265,"Hajek(recency=20.0,delta=0.20)",Hajek,20.0,0.2,10,20,169,10000,,yes,0.035,0.9111475905555232
5909,0.508291802264007,1.0488358726923541,0.5405440704283471,"Hajek(recency=20.0,delta=0.20)",Hajek,20.0,0.2,10,20,169,10000,,yes,0.035,0.9111475905555232
5910,0.5081350702362388,1.0435337090194945,0.5353986387832557,"Hajek(recency=20.0,delta=0.20)",Hajek,20.0,0.2,10,20,169,10000,,yes,0.035,0.9111475905555232
5911,0.5199579431134679,1.0595290998519615,0.5395711567384937,"Hajek(recency=20.0,delta=0.20)",Hajek,20.0,0.2,10,20,169,10000,,yes,0.035,0.9111475905555232
5912,0.5202654557686236,1.0454441741486091,0.5251787183799855,"Hajek(recency=20.0,delta=0.20)",Hajek,20.0,0.2,10,20,169,10000,,yes,0.035,0.9111475905555232
5913,0.5141149674903192,1.055601099016919,0.5414861315265997,"Hajek(recency=20.0,delta=0.20)",Hajek,20.0,0.2,10,20,169,10000,,yes,0.035,0.9111475905555232
5914,0.5132356221480621,1.0504838272620725,0.5372482051140104,"Hajek(recency=20.0,delta=0.20)",Hajek,20.0,0.2,10,20,169,10000,,yes,0.035,0.9111475905555232
5915,0.5131630717196584,1.0539854594871134,0.5408223877674551,"Hajek(recency=20.0,delta=0.20)",Hajek,20.0,0.2,10,20,169,10000,,yes,0.035,0.9111475905555232
5916,0.5233373720918689,1.0772813514039608,0.5539439793120918,"Hajek(recency=20.0,delta=0.20)",Hajek,20.0,0.2,10,20,169,10000,,yes,0.035,0.9111475905555232
5917,0.5106478028356366,1.050296250553613,0.5396484477179765,"Hajek(recency=20.0,delta=0.20)",Hajek,20.0,0.2,10,20,169,10000,,yes,0.035,0.9111475905555232
5918,0.5126629561366451,1.0456671242768427,0.5330041681401976,"Hajek(recency=20.0,delta=0.20)",Hajek,20.0,0.2,10,20,169,10000,,yes,0.035,0.9111475905555232
5919,0.5177423093490601,1.0556850613241013,0.5379427519750413,"Hajek(recency=20.0,delta=0.20)",Hajek,20.0,0.2,10,20,169,10000,,yes,0.035,0.9111475905555232
5920,0.5095591039191122,1.066183627783658,0.5566245238645459,"Hajek(recency=20.0,delta=0.20)",Hajek,20.0,0.2,10,20,169,10000,,yes,0.035,0.9111475905555232
5921,0.5125216470253625,1.0454507722627584,0.5329291252373959,"Hajek(recency=20.0,delta=0.20)",Hajek,20.0,0.2,10,20,169,10000,,yes,0.035,0.9111475905555232
5922,0.5100933688543425,1.0538944244465835,0.543801055592241,"Hajek(recency=20.0,delta=0.20)",Hajek,20.0,0.2,10,20,169,10000,,yes,0.035,0.9111475905555232
5923,0.5131823978504362,1.047665651875371,0.5344832540249349,"Hajek(recency=20.0,delta=0.20)",Hajek,20.0,0.2,10,20,169,10000,,yes,0.035,0.9111475905555232
5924,0.5141693361445037,1.063995154681029,0.5498258185365252,"Hajek(recency=20.0,delta=0.20)",Hajek,20.0,0.2,10,20,169,10000,,yes,0.035,0.9111475905555232
5925,0.509764340341272,1.0461592826692159,0.5363949423279438,"Hajek(recency=20.0,delta=0.20)",Hajek,20.0,0.2,10,20,169,10000,,yes,0.035,0.9111475905555232
5926,0.5145657875518416,1.057960015735867,0.5433942281840255,"Hajek(recency=20.0,delta=0.20)",Hajek,20.0,0.2,10,20,169,10000,,yes,0.035,0.9111475905555232
5927,0.5178811766803263,1.0490478729668222,0.5311666962864959,"Hajek(recency=20.0,delta=0.20)",Hajek,20.0,0.2,10,20,169,10000,,yes,0.035,0.9111475905555232
5928,0.5180602691374722,1.0474663187360989,0.5294060495986267,"Hajek(recency=20.0,delta=0.20)",Hajek,20.0,0.2,10,20,169,10000,,yes,0.035,0.9111475905555232
5929,0.5138582338203823,1.0588177387863515,0.5449595049659692,"Hajek(recency=20.0,delta=0.20)",Hajek,20.0,0.2,10,20,169,10000,,yes,0.035,0.9111475905555232
5930,0.5180090358996662,1.056387892727233,0.5383788568275668,"Hajek(recency=20.0,delta=0.20)",Hajek,20.0,0.2,10,20,169,10000,,yes,0.035,0.9111475905555232
5931,0.522090071756956,1.0548052654694324,0.5327151937124764,"Hajek(recency=20.0,delta=0.20)",Hajek,20.0,0.2,10,20,169,10000,,yes,0.035,0.9111475905555232
5932,0.5155948800107094,1.0417898586230159,0.5261949786123065,"Hajek(recency=20.0,delta=0.20)",Hajek,20.0,0.2,10,20,169,10000,,yes,0.035,0.9111475905555232
5933,0.5114106124012605,1.0579638974243903,0.5465532850231298,"Hajek(recency=20.0,delta=0.20)",Hajek,20.0,0.2,10,20,169,10000,,yes,0.035,0.9111475905555232
5934,0.5138611132521997,1.0543637549666116,0.5405026417144119,"Hajek(recency=20.0,delta=0.20)",Hajek,20.0,0.2,10,20,169,10000,,yes,0.035,0.9111475905555232
5935,0.512466265546311,1.0720164668400096,0.5595502012936986,"Hajek(recency=20.0,delta=0.20)",Hajek,20.0,0.2,10,20,169,10000,,yes,0.035,0.9111475905555232
5936,0.5079842801381528,1.0478535070189285,0.5398692268807758,"Hajek(recency=20.0,delta=0.20)",Hajek,20.0,0.2,10,20,169,10000,,yes,0.035,0.9111475905555232
5937,0.5115453538328733,1.0578691408993044,0.5463237870664311,"Hajek(recency=20.0,delta=0.20)",Hajek,20.0,0.2,10,20,169,10000,,yes,0.035,0.9111475905555232
5938,0.518365983141726,1.065922408375881,0.5475564252341549,"Hajek(recency=20.0,delta=0.20)",Hajek,20.0,0.2,10,20,169,10000,,yes,0.035,0.9111475905555232
5939,0.5238672767661663,1.0519366618264008,0.5280693850602345,"Hajek(recency=20.0,delta=0.20)",Hajek,20.0,0.2,10,20,169,10000,,yes,0.035,0.9111475905555232
5940,0.5113598884026797,1.0449469316770865,0.5335870432744069,"Hajek(recency=20.0,delta=0.20)",Hajek,20.0,0.2,10,20,169,10000,,yes,0.035,0.9111475905555232
5941,0.5138849701192204,1.050843819133758,0.5369588490145375,"Hajek(recency=20.0,delta=0.20)",Hajek,20.0,0.2,10,20,169,10000,,yes,0.035,0.9111475905555232
5942,0.5143101080074799,1.0621563458811272,0.5478462378736473,"Hajek(recency=20.0,delta=0.20)",Hajek,20.0,0.2,10,20,169,10000,,yes,0.035,0.9111475905555232
5943,0.5193016733566991,1.0554428596100827,0.5361411862533836,"Hajek(recency=20.0,delta=0.20)",Hajek,20.0,0.2,10,20,169,10000,,yes,0.035,0.9111475905555232
5944,0.5177181161144254,1.0573146790791141,0.5395965629646887,"Hajek(recency=20.0,delta=0.20)",Hajek,20.0,0.2,10,20,169,10000,,yes,0.035,0.9111475905555232
5945,0.5154815494678741,1.0427607574227444,0.5272792079548704,"Hajek(recency=20.0,delta=0.20)",Hajek,20.0,0.2,10,20,169,10000,,yes,0.035,0.9111475905555232
5946,0.5136409374993696,1.0605649569180573,0.5469240194186877,"Hajek(recency=20.0,delta=0.20)",Hajek,20.0,0.2,10,20,169,10000,,yes,0.035,0.9111475905555232
5947,0.5227564642997861,1.0571185824485136,0.5343621181487276,"Hajek(recency=20.0,delta=0.20)",Hajek,20.0,0.2,10,20,169,10000,,yes,0.035,0.9111475905555232
5948,0.5140957633787379,1.0648115026590597,0.5507157392803218,"Hajek(recency=20.0,delta=0.20)",Hajek,20.0,0.2,10,20,169,10000,,yes,0.035,0.9111475905555232
5949,0.5193692171544276,1.0575486896273323,0.5381794724729047,"Hajek(recency=20.0,delta=0.20)",Hajek,20.0,0.2,10,20,169,10000,,yes,0.035,0.9111475905555232
5950,0.5094166438161422,1.0708134585895939,0.5613968147734517,"Hajek(recency=20.0,delta=0.20)",Hajek,20.0,0.2,10,20,169,10000,,yes,0.035,0.9111475905555232
5951,0.5110554086069311,1.0601482378287863,0.5490928292218552,"Hajek(recency=20.0,delta=0.20)",Hajek,20.0,0.2,10,20,169,10000,,yes,0.035,0.9111475905555232
5952,0.5175419244211311,1.0462507342223506,0.5287088098012195,"Hajek(recency=20.0,delta=0.20)",Hajek,20.0,0.2,10,20,169,10000,,yes,0.035,0.9111475905555232
5953,0.5151843448910005,1.0521506451334837,0.5369663002424832,"Hajek(recency=20.0,delta=0.20)",Hajek,20.0,0.2,10,20,169,10000,,yes,0.035,0.9111475905555232
5954,0.5141226257587622,1.0486474126902126,0.5345247869314503,"Hajek(recency=20.0,delta=0.20)",Hajek,20.0,0.2,10,20,169,10000,,yes,0.035,0.9111475905555232
5955,0.5161264096533487,1.0454343154319825,0.5293079057786338,"Hajek(recency=20.0,delta=0.20)",Hajek,20.0,0.2,10,20,169,10000,,yes,0.035,0.9111475905555232
5956,0.5066689878819584,1.0608611715958294,0.554192183713871,"Hajek(recency=20.0,delta=0.20)",Hajek,20.0,0.2,10,20,169,10000,,yes,0.035,0.9111475905555232
5957,0.526899273503575,1.059609236574506,0.532709963070931,"Hajek(recency=20.0,delta=0.20)",Hajek,20.0,0.2,10,20,169,10000,,yes,0.035,0.9111475905555232
5958,0.5123504396992755,1.0595062086412412,0.5471557689419657,"Hajek(recency=20.0,delta=0.20)",Hajek,20.0,0.2,10,20,169,10000,,yes,0.035,0.9111475905555232
5959,0.513048956160211,1.0610421245886448,0.5479931684284338,"Hajek(recency=20.0,delta=0.20)",Hajek,20.0,0.2,10,20,169,10000,,yes,0.035,0.9111475905555232
5960,0.5189191782737457,1.0535138902078696,0.5345947119341239,"Hajek(recency=20.0,delta=0.20)",Hajek,20.0,0.2,10,20,169,10000,,yes,0.035,0.9111475905555232
5961,0.5095810474983024,1.0608774525394045,0.5512964050411021,"Hajek(recency=20.0,delta=0.20)",Hajek,20.0,0.2,10,20,169,10000,,yes,0.035,0.9111475905555232
5962,0.5141732529232361,1.0514869575343757,0.5373137046111396,"Hajek(recency=20.0,delta=0.20)",Hajek,20.0,0.2,10,20,169,10000,,yes,0.035,0.9111475905555232
5963,0.5171789604579892,1.0484100934577114,0.5312311329997222,"Hajek(recency=20.0,delta=0.20)",Hajek,20.0,0.2,10,20,169,10000,,yes,0.035,0.9111475905555232
5964,0.5124145973011782,1.0550072512172881,0.5425926539161099,"Hajek(recency=20.0,delta=0.20)",Hajek,20.0,0.2,10,20,169,10000,,yes,0.035,0.9111475905555232
5965,0.5014463885530547,1.0558605956223706,0.5544142070693159,"Hajek(recency=20.0,delta=0.20)",Hajek,20.0,0.2,10,20,169,10000,,yes,0.035,0.9111475905555232
5966,0.5113777731655895,1.050270803621746,0.5388930304561566,"Hajek(recency=20.0,delta=0.20)",Hajek,20.0,0.2,10,20,169,10000,,yes,0.035,0.9111475905555232
5967,0.5118671030535378,1.0719958999151804,0.5601287968616426,"Hajek(recency=20.0,delta=0.20)",Hajek,20.0,0.2,10,20,169,10000,,yes,0.035,0.9111475905555232
5968,0.5165553725292827,1.0501981508448257,0.533642778315543,"Hajek(recency=20.0,delta=0.20)",Hajek,20.0,0.2,10,20,169,10000,,yes,0.035,0.9111475905555232
5969,0.5090015121042618,1.053982171053419,0.5449806589491571,"Hajek(recency=20.0,delta=0.20)",Hajek,20.0,0.2,10,20,169,10000,,yes,0.035,0.9111475905555232
5970,0.5188404110290732,1.0524378770104847,0.5335974659814116,"Hajek(recency=20.0,delta=0.20)",Hajek,20.0,0.2,10,20,169,10000,,yes,0.035,0.9111475905555232
5971,0.5187911384283838,1.0522901086100658,0.533498970181682,"Hajek(recency=20.0,delta=0.20)",Hajek,20.0,0.2,10,20,169,10000,,yes,0.035,0.9111475905555232
5972,0.5225941481516497,1.054698529359813,0.5321043812081633,"Hajek(recency=20.0,delta=0.20)",Hajek,20.0,0.2,10,20,169,10000,,yes,0.035,0.9111475905555232
5973,0.5138680464757901,1.058741184175527,0.5448731376997369,"Hajek(recency=20.0,delta=0.20)",Hajek,20.0,0.2,10,20,169,10000,,yes,0.035,0.9111475905555232
5974,0.5192655648991024,1.052307484752888,0.5330419198537856,"Hajek(recency=20.0,delta=0.20)",Hajek,20.0,0.2,10,20,169,10000,,yes,0.035,0.9111475905555232
5975,0.5210063753873189,1.0608122744361332,0.5398058990488144,"Hajek(recency=20.0,delta=0.20)",Hajek,20.0,0.2,10,20,169,10000,,yes,0.035,0.9111475905555232
5976,0.5223516768731334,1.052673446194716,0.5303217693215826,"Hajek(recency=20.0,delta=0.20)",Hajek,20.0,0.2,10,20,169,10000,,yes,0.035,0.9111475905555232
5977,0.5061881575879839,1.0444375491343183,0.5382493915463344,"Hajek(recency=20.0,delta=0.20)",Hajek,20.0,0.2,10,20,169,10000,,yes,0.035,0.9111475905555232
5978,0.5167327889668599,1.0459736058630986,0.5292408168962387,"Hajek(recency=20.0,delta=0.20)",Hajek,20.0,0.2,10,20,169,10000,,yes,0.035,0.9111475905555232
5979,0.5161173206753895,1.0509048414066753,0.5347875207312858,"Hajek(recency=20.0,delta=0.20)",Hajek,20.0,0.2,10,20,169,10000,,yes,0.035,0.9111475905555232
5980,0.50796192471922,1.0607304619929752,0.5527685372737552,"Hajek(recency=20.0,delta=0.20)",Hajek,20.0,0.2,10,20,169,10000,,yes,0.035,0.9111475905555232
5981,0.5150689417236802,1.057222992970853,0.5421540512471728,"Hajek(recency=20.0,delta=0.20)",Hajek,20.0,0.2,10,20,169,10000,,yes,0.035,0.9111475905555232
5982,0.5130177237983499,1.0606267683345942,0.5476090445362444,"Hajek(recency=20.0,delta=0.20)",Hajek,20.0,0.2,10,20,169,10000,,yes,0.035,0.9111475905555232
5983,0.5079072315918628,1.0526258038610656,0.5447185722692028,"Hajek(recency=20.0,delta=0.20)",Hajek,20.0,0.2,10,20,169,10000,,yes,0.035,0.9111475905555232
5984,0.5132646767056606,1.0487381264913838,0.5354734497857232,"Hajek(recency=20.0,delta=0.20)",Hajek,20.0,0.2,10,20,169,10000,,yes,0.035,0.9111475905555232
5985,0.515938896520623,1.0501005209753016,0.5341616244546786,"Hajek(recency=20.0,delta=0.20)",Hajek,20.0,0.2,10,20,169,10000,,yes,0.035,0.9111475905555232
5986,0.5142284593154914,1.0605914391408326,0.5463629798253412,"Hajek(recency=20.0,delta=0.20)",Hajek,20.0,0.2,10,20,169,10000,,yes,0.035,0.9111475905555232
5987,0.5109430167575306,1.0619228349720642,0.5509798182145336,"Hajek(recency=20.0,delta=0.20)",Hajek,20.0,0.2,10,20,169,10000,,yes,0.035,0.9111475905555232
5988,0.5175039940836273,1.056349080273133,0.5388450861895057,"Hajek(recency=20.0,delta=0.20)",Hajek,20.0,0.2,10,20,169,10000,,yes,0.035,0.9111475905555232
5989,0.5176105738894885,1.0574165647671685,0.53980599087768,"Hajek(recency=20.0,delta=0.20)",Hajek,20.0,0.2,10,20,169,10000,,yes,0.035,0.9111475905555232
5990,0.5091918399913247,1.0497570937260505,0.5405652537347259,"Hajek(recency=20.0,delta=0.20)",Hajek,20.0,0.2,10,20,169,10000,,yes,0.035,0.9111475905555232
5991,0.5203123146704245,1.0712395081115593,0.5509271934411348,"Hajek(recency=20.0,delta=0.20)",Hajek,20.0,0.2,10,20,169,10000,,yes,0.035,0.9111475905555232
5992,0.5134206847228068,1.0485130394697622,0.5350923547469554,"Hajek(recency=20.0,delta=0.20)",Hajek,20.0,0.2,10,20,169,10000,,yes,0.035,0.9111475905555232
5993,0.513028917957853,1.0647752392905376,0.5517463213326846,"Hajek(recency=20.0,delta=0.20)",Hajek,20.0,0.2,10,20,169,10000,,yes,0.035,0.9111475905555232
5994,0.51103251193978,1.0384509961996915,0.5274184842599114,"Hajek(recency=20.0,delta=0.20)",Hajek,20.0,0.2,10,20,169,10000,,yes,0.035,0.9111475905555232
5995,0.5236381206537696,1.0502067483372237,0.5265686276834541,"Hajek(recency=20.0,delta=0.20)",Hajek,20.0,0.2,10,20,169,10000,,yes,0.035,0.9111475905555232
5996,0.5075915136563383,1.0557497108847909,0.5481581972284526,"Hajek(recency=20.0,delta=0.20)",Hajek,20.0,0.2,10,20,169,10000,,yes,0.035,0.9111475905555232
5997,0.5107494446507349,1.055969647792031,0.5452202031412962,"Hajek(recency=20.0,delta=0.20)",Hajek,20.0,0.2,10,20,169,10000,,yes,0.035,0.9111475905555232
5998,0.5106773478255978,1.0539208485100582,0.5432435006844604,"Hajek(recency=20.0,delta=0.20)",Hajek,20.0,0.2,10,20,169,10000,,yes,0.035,0.9111475905555232
5999,0.5166741572542711,1.0474056441633637,0.5307314869090926,"Hajek(recency=20.0,delta=0.20)",Hajek,20.0,0.2,10,20,169,10000,,yes,0.035,0.9111475905555232
6000,0.5276157181291908,1.0325127318738503,0.5048970137446595,"Horvitz-Thompson(recency=30.0,delta=0.20)",HT,30.0,0.2,10,20,169,10000,,yes,0.035,0.9111475905555232
6001,0.5027723117212507,1.2136576091378333,0.7108852974165826,"Horvitz-Thompson(recency=30.0,delta=0.20)",HT,30.0,0.2,10,20,169,10000,,yes,0.035,0.9111475905555232
6002,0.555966388191656,1.1456629502397253,0.5896965620480693,"Horvitz-Thompson(recency=30.0,delta=0.20)",HT,30.0,0.2,10,20,169,10000,,yes,0.035,0.9111475905555232
6003,0.48084358486732454,1.144250906535644,0.6634073216683196,"Horvitz-Thompson(recency=30.0,delta=0.20)",HT,30.0,0.2,10,20,169,10000,,yes,0.035,0.9111475905555232
6004,0.47787504945940373,1.2918575815109117,0.813982532051508,"Horvitz-Thompson(recency=30.0,delta=0.20)",HT,30.0,0.2,10,20,169,10000,,yes,0.035,0.9111475905555232
6005,0.5435244738971883,1.2545148896852099,0.7109904157880216,"Horvitz-Thompson(recency=30.0,delta=0.20)",HT,30.0,0.2,10,20,169,10000,,yes,0.035,0.9111475905555232
6006,0.5956750821627423,1.0474054507945296,0.4517303686317873,"Horvitz-Thompson(recency=30.0,delta=0.20)",HT,30.0,0.2,10,20,169,10000,,yes,0.035,0.9111475905555232
6007,0.5137270924914137,1.1755161257163724,0.6617890332249587,"Horvitz-Thompson(recency=30.0,delta=0.20)",HT,30.0,0.2,10,20,169,10000,,yes,0.035,0.9111475905555232
6008,0.5081950561542664,1.1284417329958372,0.6202466768415708,"Horvitz-Thompson(recency=30.0,delta=0.20)",HT,30.0,0.2,10,20,169,10000,,yes,0.035,0.9111475905555232
6009,0.5466290729488733,1.0634712986446324,0.5168422256957591,"Horvitz-Thompson(recency=30.0,delta=0.20)",HT,30.0,0.2,10,20,169,10000,,yes,0.035,0.9111475905555232
6010,0.5572889325826402,1.1103925393380023,0.5531036067553621,"Horvitz-Thompson(recency=30.0,delta=0.20)",HT,30.0,0.2,10,20,169,10000,,yes,0.035,0.9111475905555232
6011,0.4674795772053642,1.1710091583719109,0.7035295811665467,"Horvitz-Thompson(recency=30.0,delta=0.20)",HT,30.0,0.2,10,20,169,10000,,yes,0.035,0.9111475905555232
6012,0.5069363932154568,0.9901181279252884,0.4831817347098316,"Horvitz-Thompson(recency=30.0,delta=0.20)",HT,30.0,0.2,10,20,169,10000,,yes,0.035,0.9111475905555232
6013,0.4592090142290175,1.2439209075418378,0.7847118933128203,"Horvitz-Thompson(recency=30.0,delta=0.20)",HT,30.0,0.2,10,20,169,10000,,yes,0.035,0.9111475905555232
6014,0.5596311698920535,1.1052730096910623,0.5456418397990088,"Horvitz-Thompson(recency=30.0,delta=0.20)",HT,30.0,0.2,10,20,169,10000,,yes,0.035,0.9111475905555232
6015,0.6073268558351378,1.1010583718420246,0.4937315160068868,"Horvitz-Thompson(recency=30.0,delta=0.20)",HT,30.0,0.2,10,20,169,10000,,yes,0.035,0.9111475905555232
6016,0.5939715599174145,0.9561587474659384,0.36218718754852397,"Horvitz-Thompson(recency=30.0,delta=0.20)",HT,30.0,0.2,10,20,169,10000,,yes,0.035,0.9111475905555232
6017,0.5176685825447045,1.0375865378004006,0.5199179552556961,"Horvitz-Thompson(recency=30.0,delta=0.20)",HT,30.0,0.2,10,20,169,10000,,yes,0.035,0.9111475905555232
6018,0.46195213165364896,1.0968263194291223,0.6348741877754733,"Horvitz-Thompson(recency=30.0,delta=0.20)",HT,30.0,0.2,10,20,169,10000,,yes,0.035,0.9111475905555232
6019,0.45997507596097764,1.112665255608658,0.6526901796476804,"Horvitz-Thompson(recency=30.0,delta=0.20)",HT,30.0,0.2,10,20,169,10000,,yes,0.035,0.9111475905555232
6020,0.4921483047287894,1.1945858880726443,0.702437583343855,"Horvitz-Thompson(recency=30.0,delta=0.20)",HT,30.0,0.2,10,20,169,10000,,yes,0.035,0.9111475905555232
6021,0.587964655851135,1.0284982426781017,0.44053358682696675,"Horvitz-Thompson(recency=30.0,delta=0.20)",HT,30.0,0.2,10,20,169,10000,,yes,0.035,0.9111475905555232
6022,0.5235723068951615,1.0188783326308317,0.4953060257356702,"Horvitz-Thompson(recency=30.0,delta=0.20)",HT,30.0,0.2,10,20,169,10000,,yes,0.035,0.9111475905555232
6023,0.4822914701523476,1.105248753460233,0.6229572833078856,"Horvitz-Thompson(recency=30.0,delta=0.20)",HT,30.0,0.2,10,20,169,10000,,yes,0.035,0.9111475905555232
6024,0.50855814799797,0.9119702002228305,0.40341205222486054,"Horvitz-Thompson(recency=30.0,delta=0.20)",HT,30.0,0.2,10,20,169,10000,,yes,0.035,0.9111475905555232
6025,0.621303485643149,1.1192605815467582,0.49795709590360926,"Horvitz-Thompson(recency=30.0,delta=0.20)",HT,30.0,0.2,10,20,169,10000,,yes,0.035,0.9111475905555232
6026,0.49606611529641026,1.083486185666679,0.5874200703702688,"Horvitz-Thompson(recency=30.0,delta=0.20)",HT,30.0,0.2,10,20,169,10000,,yes,0.035,0.9111475905555232
6027,0.5780876166995027,1.0233786645310008,0.4452910478314981,"Horvitz-Thompson(recency=30.0,delta=0.20)",HT,30.0,0.2,10,20,169,10000,,yes,0.035,0.9111475905555232
6028,0.5371686817521756,1.0007010484431844,0.46353236669100883,"Horvitz-Thompson(recency=30.0,delta=0.20)",HT,30.0,0.2,10,20,169,10000,,yes,0.035,0.9111475905555232
6029,0.4471759633486368,1.07418104899752,0.6270050856488834,"Horvitz-Thompson(recency=30.0,delta=0.20)",HT,30.0,0.2,10,20,169,10000,,yes,0.035,0.9111475905555232
6030,0.512979561866161,0.9246416061655524,0.41166204429939135,"Horvitz-Thompson(recency=30.0,delta=0.20)",HT,30.0,0.2,10,20,169,10000,,yes,0.035,0.9111475905555232
6031,0.4784140847892395,1.1394854064705584,0.6610713216813189,"Horvitz-Thompson(recency=30.0,delta=0.20)",HT,30.0,0.2,10,20,169,10000,,yes,0.035,0.9111475905555232
6032,0.5632324429072715,1.2714261752780107,0.7081937323707392,"Horvitz-Thompson(recency=30.0,delta=0.20)",HT,30.0,0.2,10,20,169,10000,,yes,0.035,0.9111475905555232
6033,0.45193337720467264,1.127990584388871,0.6760572071841983,"Horvitz-Thompson(recency=30.0,delta=0.20)",HT,30.0,0.2,10,20,169,10000,,yes,0.035,0.9111475905555232
6034,0.5225085866107549,1.1925957203273982,0.6700871337166433,"Horvitz-Thompson(recency=30.0,delta=0.20)",HT,30.0,0.2,10,20,169,10000,,yes,0.035,0.9111475905555232
6035,0.5218312109538387,1.1676805142637585,0.6458493033099199,"Horvitz-Thompson(recency=30.0,delta=0.20)",HT,30.0,0.2,10,20,169,10000,,yes,0.035,0.9111475905555232
6036,0.47820801211072395,1.3026004538210472,0.8243924417103232,"Horvitz-Thompson(recency=30.0,delta=0.20)",HT,30.0,0.2,10,20,169,10000,,yes,0.035,0.9111475905555232
6037,0.504313055921782,1.0615631268982753,0.5572500709764933,"Horvitz-Thompson(recency=30.0,delta=0.20)",HT,30.0,0.2,10,20,169,10000,,yes,0.035,0.9111475905555232
6038,0.5451049050952709,1.0628327834118532,0.5177278783165823,"Horvitz-Thompson(recency=30.0,delta=0.20)",HT,30.0,0.2,10,20,169,10000,,yes,0.035,0.9111475905555232
6039,0.4988087699441501,1.0510091609025742,0.5522003909584241,"Horvitz-Thompson(recency=30.0,delta=0.20)",HT,30.0,0.2,10,20,169,10000,,yes,0.035,0.9111475905555232
6040,0.503150277674301,1.0833736992342795,0.5802234215599785,"Horvitz-Thompson(recency=30.0,delta=0.20)",HT,30.0,0.2,10,20,169,10000,,yes,0.035,0.9111475905555232
6041,0.5119992489426313,1.140266891453749,0.6282676425111178,"Horvitz-Thompson(recency=30.0,delta=0.20)",HT,30.0,0.2,10,20,169,10000,,yes,0.035,0.9111475905555232
6042,0.5517372408250738,1.269870417247798,0.7181331764227241,"Horvitz-Thompson(recency=30.0,delta=0.20)",HT,30.0,0.2,10,20,169,10000,,yes,0.035,0.9111475905555232
6043,0.4785257432514285,1.278306998600446,0.7997812553490176,"Horvitz-Thompson(recency=30.0,delta=0.20)",HT,30.0,0.2,10,20,169,10000,,yes,0.035,0.9111475905555232
6044,0.4227229995392402,1.108391712972616,0.6856687134333758,"Horvitz-Thompson(recency=30.0,delta=0.20)",HT,30.0,0.2,10,20,169,10000,,yes,0.035,0.9111475905555232
6045,0.5515463590647209,1.2926842916923345,0.7411379326276135,"Horvitz-Thompson(recency=30.0,delta=0.20)",HT,30.0,0.2,10,20,169,10000,,yes,0.035,0.9111475905555232
6046,0.5093927527168338,1.1329956565370485,0.6236029038202147,"Horvitz-Thompson(recency=30.0,delta=0.20)",HT,30.0,0.2,10,20,169,10000,,yes,0.035,0.9111475905555232
6047,0.5168294467174397,1.113444942039791,0.5966154953223513,"Horvitz-Thompson(recency=30.0,delta=0.20)",HT,30.0,0.2,10,20,169,10000,,yes,0.035,0.9111475905555232
6048,0.45673946720288594,1.2527882096210594,0.7960487424181735,"Horvitz-Thompson(recency=30.0,delta=0.20)",HT,30.0,0.2,10,20,169,10000,,yes,0.035,0.9111475905555232
6049,0.4539785650096819,1.0387628381964937,0.5847842731868118,"Horvitz-Thompson(recency=30.0,delta=0.20)",HT,30.0,0.2,10,20,169,10000,,yes,0.035,0.9111475905555232
6050,0.5199041041542041,1.2145525854166574,0.6946484812624534,"Horvitz-Thompson(recency=30.0,delta=0.20)",HT,30.0,0.2,10,20,169,10000,,yes,0.035,0.9111475905555232
6051,0.4953063598645785,1.1453787114115028,0.6500723515469243,"Horvitz-Thompson(recency=30.0,delta=0.20)",HT,30.0,0.2,10,20,169,10000,,yes,0.035,0.9111475905555232
6052,0.5836966536646486,1.11831621914971,0.5346195654850614,"Horvitz-Thompson(recency=30.0,delta=0.20)",HT,30.0,0.2,10,20,169,10000,,yes,0.035,0.9111475905555232
6053,0.5584196306564513,0.9649410516114859,0.40652142095503463,"Horvitz-Thompson(recency=30.0,delta=0.20)",HT,30.0,0.2,10,20,169,10000,,yes,0.035,0.9111475905555232
6054,0.45788165886054205,1.0447272382556223,0.5868455793950802,"Horvitz-Thompson(recency=30.0,delta=0.20)",HT,30.0,0.2,10,20,169,10000,,yes,0.035,0.9111475905555232
6055,0.5116646956115487,1.0803805721771262,0.5687158765655775,"Horvitz-Thompson(recency=30.0,delta=0.20)",HT,30.0,0.2,10,20,169,10000,,yes,0.035,0.9111475905555232
6056,0.5333139447399484,0.9262421833616522,0.3929282386217038,"Horvitz-Thompson(recency=30.0,delta=0.20)",HT,30.0,0.2,10,20,169,10000,,yes,0.035,0.9111475905555232
6057,0.5336181984189209,0.9939434671541819,0.46032526873526103,"Horvitz-Thompson(recency=30.0,delta=0.20)",HT,30.0,0.2,10,20,169,10000,,yes,0.035,0.9111475905555232
6058,0.5290488605524932,1.0489079347332175,0.5198590741807243,"Horvitz-Thompson(recency=30.0,delta=0.20)",HT,30.0,0.2,10,20,169,10000,,yes,0.035,0.9111475905555232
6059,0.5501668129123506,0.9726273155134901,0.42246050260113954,"Horvitz-Thompson(recency=30.0,delta=0.20)",HT,30.0,0.2,10,20,169,10000,,yes,0.035,0.9111475905555232
6060,0.48838815739820995,1.1981946768964074,0.7098065194981974,"Horvitz-Thompson(recency=30.0,delta=0.20)",HT,30.0,0.2,10,20,169,10000,,yes,0.035,0.9111475905555232
6061,0.4794644417647438,1.0297937512859383,0.5503293095211945,"Horvitz-Thompson(recency=30.0,delta=0.20)",HT,30.0,0.2,10,20,169,10000,,yes,0.035,0.9111475905555232
6062,0.5266317243863937,1.0415500307097327,0.514918306323339,"Horvitz-Thompson(recency=30.0,delta=0.20)",HT,30.0,0.2,10,20,169,10000,,yes,0.035,0.9111475905555232
6063,0.5279499118178232,1.0874867599311886,0.5595368481133653,"Horvitz-Thompson(recency=30.0,delta=0.20)",HT,30.0,0.2,10,20,169,10000,,yes,0.035,0.9111475905555232
6064,0.5143199183652098,1.2411780928811083,0.7268581745158984,"Horvitz-Thompson(recency=30.0,delta=0.20)",HT,30.0,0.2,10,20,169,10000,,yes,0.035,0.9111475905555232
6065,0.5523924205239328,1.1326735895543207,0.580281169030388,"Horvitz-Thompson(recency=30.0,delta=0.20)",HT,30.0,0.2,10,20,169,10000,,yes,0.035,0.9111475905555232
6066,0.4873818027533909,1.271224215791569,0.783842413038178,"Horvitz-Thompson(recency=30.0,delta=0.20)",HT,30.0,0.2,10,20,169,10000,,yes,0.035,0.9111475905555232
6067,0.47922854515813956,1.1584193311049185,0.679190785946779,"Horvitz-Thompson(recency=30.0,delta=0.20)",HT,30.0,0.2,10,20,169,10000,,yes,0.035,0.9111475905555232
6068,0.5548236060782583,0.9955516262413711,0.44072802016311274,"Horvitz-Thompson(recency=30.0,delta=0.20)",HT,30.0,0.2,10,20,169,10000,,yes,0.035,0.9111475905555232
6069,0.581673941864223,1.1881764383571964,0.6065024964929734,"Horvitz-Thompson(recency=30.0,delta=0.20)",HT,30.0,0.2,10,20,169,10000,,yes,0.035,0.9111475905555232
6070,0.5977620809376328,1.1314698966598677,0.5337078157222349,"Horvitz-Thompson(recency=30.0,delta=0.20)",HT,30.0,0.2,10,20,169,10000,,yes,0.035,0.9111475905555232
6071,0.48561157602725574,1.1434977696094102,0.6578861935821545,"Horvitz-Thompson(recency=30.0,delta=0.20)",HT,30.0,0.2,10,20,169,10000,,yes,0.035,0.9111475905555232
6072,0.4735955514136681,1.2941377212035972,0.8205421697899291,"Horvitz-Thompson(recency=30.0,delta=0.20)",HT,30.0,0.2,10,20,169,10000,,yes,0.035,0.9111475905555232
6073,0.5073898147380147,1.3216750781360806,0.814285263398066,"Horvitz-Thompson(recency=30.0,delta=0.20)",HT,30.0,0.2,10,20,169,10000,,yes,0.035,0.9111475905555232
6074,0.4734482043654402,1.1482586142811513,0.6748104099157111,"Horvitz-Thompson(recency=30.0,delta=0.20)",HT,30.0,0.2,10,20,169,10000,,yes,0.035,0.9111475905555232
6075,0.4669113921072183,1.1860733729002908,0.7191619807930725,"Horvitz-Thompson(recency=30.0,delta=0.20)",HT,30.0,0.2,10,20,169,10000,,yes,0.035,0.9111475905555232
6076,0.6073368374831724,1.1320341396139317,0.5246973021307594,"Horvitz-Thompson(recency=30.0,delta=0.20)",HT,30.0,0.2,10,20,169,10000,,yes,0.035,0.9111475905555232
6077,0.616415872540913,1.0377434726000343,0.4213276000591213,"Horvitz-Thompson(recency=30.0,delta=0.20)",HT,30.0,0.2,10,20,169,10000,,yes,0.035,0.9111475905555232
6078,0.4837107801659103,1.1370604232835892,0.653349643117679,"Horvitz-Thompson(recency=30.0,delta=0.20)",HT,30.0,0.2,10,20,169,10000,,yes,0.035,0.9111475905555232
6079,0.49379915656810214,0.9853218754779949,0.49152271890989274,"Horvitz-Thompson(recency=30.0,delta=0.20)",HT,30.0,0.2,10,20,169,10000,,yes,0.035,0.9111475905555232
6080,0.539464622289612,1.2847148962554726,0.7452502739658606,"Horvitz-Thompson(recency=30.0,delta=0.20)",HT,30.0,0.2,10,20,169,10000,,yes,0.035,0.9111475905555232
6081,0.5036653036349439,1.0139736476008283,0.5103083439658844,"Horvitz-Thompson(recency=30.0,delta=0.20)",HT,30.0,0.2,10,20,169,10000,,yes,0.035,0.9111475905555232
6082,0.5792086370270074,1.2494733725430072,0.6702647355159997,"Horvitz-Thompson(recency=30.0,delta=0.20)",HT,30.0,0.2,10,20,169,10000,,yes,0.035,0.9111475905555232
6083,0.47364205278791566,1.1062704923733566,0.6326284395854409,"Horvitz-Thompson(recency=30.0,delta=0.20)",HT,30.0,0.2,10,20,169,10000,,yes,0.035,0.9111475905555232
6084,0.49310511071495916,1.0615875833944282,0.568482472679469,"Horvitz-Thompson(recency=30.0,delta=0.20)",HT,30.0,0.2,10,20,169,10000,,yes,0.035,0.9111475905555232
6085,0.47715465561287096,1.1743664377211371,0.6972117821082662,"Horvitz-Thompson(recency=30.0,delta=0.20)",HT,30.0,0.2,10,20,169,10000,,yes,0.035,0.9111475905555232
6086,0.5393251403768925,1.0249121782618067,0.4855870378849142,"Horvitz-Thompson(recency=30.0,delta=0.20)",HT,30.0,0.2,10,20,169,10000,,yes,0.035,0.9111475905555232
6087,0.534410147927987,1.2079796126609519,0.6735694647329649,"Horvitz-Thompson(recency=30.0,delta=0.20)",HT,30.0,0.2,10,20,169,10000,,yes,0.035,0.9111475905555232
6088,0.45443353822066385,1.1583368533792435,0.7039033151585796,"Horvitz-Thompson(recency=30.0,delta=0.20)",HT,30.0,0.2,10,20,169,10000,,yes,0.035,0.9111475905555232
6089,0.5007123916332172,0.9959785416688237,0.4952661500356065,"Horvitz-Thompson(recency=30.0,delta=0.20)",HT,30.0,0.2,10,20,169,10000,,yes,0.035,0.9111475905555232
6090,0.5692178616629439,1.0429870969638408,0.473769235300897,"Horvitz-Thompson(recency=30.0,delta=0.20)",HT,30.0,0.2,10,20,169,10000,,yes,0.035,0.9111475905555232
6091,0.3908471882646698,1.2696160773300251,0.8787688890653553,"Horvitz-Thompson(recency=30.0,delta=0.20)",HT,30.0,0.2,10,20,169,10000,,yes,0.035,0.9111475905555232
6092,0.5073269636004593,0.9834775911502952,0.47615062754983595,"Horvitz-Thompson(recency=30.0,delta=0.20)",HT,30.0,0.2,10,20,169,10000,,yes,0.035,0.9111475905555232
6093,0.51898887751956,1.1644205618459176,0.6454316843263576,"Horvitz-Thompson(recency=30.0,delta=0.20)",HT,30.0,0.2,10,20,169,10000,,yes,0.035,0.9111475905555232
6094,0.5598482300773987,1.1365323967408834,0.5766841666634847,"Horvitz-Thompson(recency=30.0,delta=0.20)",HT,30.0,0.2,10,20,169,10000,,yes,0.035,0.9111475905555232
6095,0.5567827352622096,1.115378533166292,0.5585957979040824,"Horvitz-Thompson(recency=30.0,delta=0.20)",HT,30.0,0.2,10,20,169,10000,,yes,0.035,0.9111475905555232
6096,0.5298894031957078,1.031536188876711,0.5016467856810032,"Horvitz-Thompson(recency=30.0,delta=0.20)",HT,30.0,0.2,10,20,169,10000,,yes,0.035,0.9111475905555232
6097,0.5453316558365425,1.101443145996643,0.5561114901601004,"Horvitz-Thompson(recency=30.0,delta=0.20)",HT,30.0,0.2,10,20,169,10000,,yes,0.035,0.9111475905555232
6098,0.5733669768608182,1.1161830167470415,0.5428160398862233,"Horvitz-Thompson(recency=30.0,delta=0.20)",HT,30.0,0.2,10,20,169,10000,,yes,0.035,0.9111475905555232
6099,0.4469041357806681,1.214055403855197,0.7671512680745288,"Horvitz-Thompson(recency=30.0,delta=0.20)",HT,30.0,0.2,10,20,169,10000,,yes,0.035,0.9111475905555232
6100,0.43533323351424524,1.1626829884608616,0.7273497549466164,"Horvitz-Thompson(recency=30.0,delta=0.20)",HT,30.0,0.2,10,20,169,10000,,yes,0.035,0.9111475905555232
6101,0.5229584451344069,1.0730536648963434,0.5500952197619364,"Horvitz-Thompson(recency=30.0,delta=0.20)",HT,30.0,0.2,10,20,169,10000,,yes,0.035,0.9111475905555232
6102,0.4751223009919428,1.114821223864457,0.6396989228725143,"Horvitz-Thompson(recency=30.0,delta=0.20)",HT,30.0,0.2,10,20,169,10000,,yes,0.035,0.9111475905555232
6103,0.4723111502880121,1.2082068008759688,0.7358956505879566,"Horvitz-Thompson(recency=30.0,delta=0.20)",HT,30.0,0.2,10,20,169,10000,,yes,0.035,0.9111475905555232
6104,0.4781717363906964,0.9759633632574467,0.4977916268667503,"Horvitz-Thompson(recency=30.0,delta=0.20)",HT,30.0,0.2,10,20,169,10000,,yes,0.035,0.9111475905555232
6105,0.4924839646145803,1.1029361298828544,0.6104521652682741,"Horvitz-Thompson(recency=30.0,delta=0.20)",HT,30.0,0.2,10,20,169,10000,,yes,0.035,0.9111475905555232
6106,0.4839591638365356,1.121302472209225,0.6373433083726895,"Horvitz-Thompson(recency=30.0,delta=0.20)",HT,30.0,0.2,10,20,169,10000,,yes,0.035,0.9111475905555232
6107,0.5181246368922944,1.0977297091565354,0.5796050722642411,"Horvitz-Thompson(recency=30.0,delta=0.20)",HT,30.0,0.2,10,20,169,10000,,yes,0.035,0.9111475905555232
6108,0.48263915908548083,1.0243398981040557,0.5417007390185749,"Horvitz-Thompson(recency=30.0,delta=0.20)",HT,30.0,0.2,10,20,169,10000,,yes,0.035,0.9111475905555232
6109,0.6159233338473667,1.1121597919566608,0.49623645810929407,"Horvitz-Thompson(recency=30.0,delta=0.20)",HT,30.0,0.2,10,20,169,10000,,yes,0.035,0.9111475905555232
6110,0.5567884502244951,0.9310759543138393,0.3742875040893442,"Horvitz-Thompson(recency=30.0,delta=0.20)",HT,30.0,0.2,10,20,169,10000,,yes,0.035,0.9111475905555232
6111,0.4410093938678807,1.088756743171023,0.6477473493031423,"Horvitz-Thompson(recency=30.0,delta=0.20)",HT,30.0,0.2,10,20,169,10000,,yes,0.035,0.9111475905555232
6112,0.5198977353877593,1.1143063983898767,0.5944086630021174,"Horvitz-Thompson(recency=30.0,delta=0.20)",HT,30.0,0.2,10,20,169,10000,,yes,0.035,0.9111475905555232
6113,0.49494221967490337,1.045337000969075,0.5503947812941716,"Horvitz-Thompson(recency=30.0,delta=0.20)",HT,30.0,0.2,10,20,169,10000,,yes,0.035,0.9111475905555232
6114,0.4991866599808562,1.229661793329996,0.7304751333491398,"Horvitz-Thompson(recency=30.0,delta=0.20)",HT,30.0,0.2,10,20,169,10000,,yes,0.035,0.9111475905555232
6115,0.5015048070667106,1.1333699143384426,0.631865107271732,"Horvitz-Thompson(recency=30.0,delta=0.20)",HT,30.0,0.2,10,20,169,10000,,yes,0.035,0.9111475905555232
6116,0.5600848327834412,1.0261576975435347,0.46607286476009346,"Horvitz-Thompson(recency=30.0,delta=0.20)",HT,30.0,0.2,10,20,169,10000,,yes,0.035,0.9111475905555232
6117,0.5175478064901146,1.0673388193652462,0.5497910128751317,"Horvitz-Thompson(recency=30.0,delta=0.20)",HT,30.0,0.2,10,20,169,10000,,yes,0.035,0.9111475905555232
6118,0.5121416432973316,1.0064370837889354,0.4942954404916038,"Horvitz-Thompson(recency=30.0,delta=0.20)",HT,30.0,0.2,10,20,169,10000,,yes,0.035,0.9111475905555232
6119,0.5172076991273346,0.9910910928531191,0.4738833937257846,"Horvitz-Thompson(recency=30.0,delta=0.20)",HT,30.0,0.2,10,20,169,10000,,yes,0.035,0.9111475905555232
6120,0.53792203299892,1.0985037250518868,0.5605816920529667,"Horvitz-Thompson(recency=30.0,delta=0.20)",HT,30.0,0.2,10,20,169,10000,,yes,0.035,0.9111475905555232
6121,0.4933347293489439,1.1325502066109034,0.6392154772619596,"Horvitz-Thompson(recency=30.0,delta=0.20)",HT,30.0,0.2,10,20,169,10000,,yes,0.035,0.9111475905555232
6122,0.504525593688184,1.091306084090794,0.58678049040261,"Horvitz-Thompson(recency=30.0,delta=0.20)",HT,30.0,0.2,10,20,169,10000,,yes,0.035,0.9111475905555232
6123,0.5154192433694555,1.1094548527581833,0.5940356093887278,"Horvitz-Thompson(recency=30.0,delta=0.20)",HT,30.0,0.2,10,20,169,10000,,yes,0.035,0.9111475905555232
6124,0.47127198901275935,1.295156241378338,0.8238842523655786,"Horvitz-Thompson(recency=30.0,delta=0.20)",HT,30.0,0.2,10,20,169,10000,,yes,0.035,0.9111475905555232
6125,0.4975144194413205,1.1823169641005395,0.684802544659219,"Horvitz-Thompson(recency=30.0,delta=0.20)",HT,30.0,0.2,10,20,169,10000,,yes,0.035,0.9111475905555232
6126,0.5176632449901678,1.17486817977237,0.6572049347822021,"Horvitz-Thompson(recency=30.0,delta=0.20)",HT,30.0,0.2,10,20,169,10000,,yes,0.035,0.9111475905555232
6127,0.4762232095729078,1.2798307129319009,0.8036075033589931,"Horvitz-Thompson(recency=30.0,delta=0.20)",HT,30.0,0.2,10,20,169,10000,,yes,0.035,0.9111475905555232
6128,0.5134301830392982,0.9910683851428634,0.4776382021035652,"Horvitz-Thompson(recency=30.0,delta=0.20)",HT,30.0,0.2,10,20,169,10000,,yes,0.035,0.9111475905555232
6129,0.4774941146157384,1.1354402568106339,0.6579461421948956,"Horvitz-Thompson(recency=30.0,delta=0.20)",HT,30.0,0.2,10,20,169,10000,,yes,0.035,0.9111475905555232
6130,0.5165016764306625,1.1350610796564937,0.6185594032258313,"Horvitz-Thompson(recency=30.0,delta=0.20)",HT,30.0,0.2,10,20,169,10000,,yes,0.035,0.9111475905555232
6131,0.5474099245748475,1.1856330203844978,0.6382230958096503,"Horvitz-Thompson(recency=30.0,delta=0.20)",HT,30.0,0.2,10,20,169,10000,,yes,0.035,0.9111475905555232
6132,0.5429603811483275,1.2226607161021499,0.6797003349538224,"Horvitz-Thompson(recency=30.0,delta=0.20)",HT,30.0,0.2,10,20,169,10000,,yes,0.035,0.9111475905555232
6133,0.47154690814931305,1.080198493397139,0.6086515852478258,"Horvitz-Thompson(recency=30.0,delta=0.20)",HT,30.0,0.2,10,20,169,10000,,yes,0.035,0.9111475905555232
6134,0.5237454808597939,1.1089942550718284,0.5852487742120345,"Horvitz-Thompson(recency=30.0,delta=0.20)",HT,30.0,0.2,10,20,169,10000,,yes,0.035,0.9111475905555232
6135,0.43442600831545997,1.3103299192871105,0.8759039109716505,"Horvitz-Thompson(recency=30.0,delta=0.20)",HT,30.0,0.2,10,20,169,10000,,yes,0.035,0.9111475905555232
6136,0.5317868724947267,1.152467748997503,0.6206808765027764,"Horvitz-Thompson(recency=30.0,delta=0.20)",HT,30.0,0.2,10,20,169,10000,,yes,0.035,0.9111475905555232
6137,0.5152850382861212,1.0662632086730348,0.5509781703869137,"Horvitz-Thompson(recency=30.0,delta=0.20)",HT,30.0,0.2,10,20,169,10000,,yes,0.035,0.9111475905555232
6138,0.4666301658896095,1.2479695514314204,0.7813393855418109,"Horvitz-Thompson(recency=30.0,delta=0.20)",HT,30.0,0.2,10,20,169,10000,,yes,0.035,0.9111475905555232
6139,0.490275563656405,0.9246139545711103,0.4343383909147053,"Horvitz-Thompson(recency=30.0,delta=0.20)",HT,30.0,0.2,10,20,169,10000,,yes,0.035,0.9111475905555232
6140,0.6169368961287565,1.0981037002634721,0.4811668041347157,"Horvitz-Thompson(recency=30.0,delta=0.20)",HT,30.0,0.2,10,20,169,10000,,yes,0.035,0.9111475905555232
6141,0.522522444103404,1.105798663254681,0.583276219151277,"Horvitz-Thompson(recency=30.0,delta=0.20)",HT,30.0,0.2,10,20,169,10000,,yes,0.035,0.9111475905555232
6142,0.42997993246252536,1.2269180669760098,0.7969381345134845,"Horvitz-Thompson(recency=30.0,delta=0.20)",HT,30.0,0.2,10,20,169,10000,,yes,0.035,0.9111475905555232
6143,0.5190080764486303,1.0834255361950977,0.5644174597464674,"Horvitz-Thompson(recency=30.0,delta=0.20)",HT,30.0,0.2,10,20,169,10000,,yes,0.035,0.9111475905555232
6144,0.5384033488188589,1.1921901327612086,0.6537867839423497,"Horvitz-Thompson(recency=30.0,delta=0.20)",HT,30.0,0.2,10,20,169,10000,,yes,0.035,0.9111475905555232
6145,0.51920210919065,1.0373517993182055,0.5181496901275555,"Horvitz-Thompson(recency=30.0,delta=0.20)",HT,30.0,0.2,10,20,169,10000,,yes,0.035,0.9111475905555232
6146,0.5318500698084954,0.8984626837858604,0.366612613977365,"Horvitz-Thompson(recency=30.0,delta=0.20)",HT,30.0,0.2,10,20,169,10000,,yes,0.035,0.9111475905555232
6147,0.4494567116636946,1.1195326820319795,0.6700759703682849,"Horvitz-Thompson(recency=30.0,delta=0.20)",HT,30.0,0.2,10,20,169,10000,,yes,0.035,0.9111475905555232
6148,0.6179398535539479,0.8163650921334605,0.19842523857951266,"Horvitz-Thompson(recency=30.0,delta=0.20)",HT,30.0,0.2,10,20,169,10000,,yes,0.035,0.9111475905555232
6149,0.5163893534813058,1.1361743909135746,0.6197850374322689,"Horvitz-Thompson(recency=30.0,delta=0.20)",HT,30.0,0.2,10,20,169,10000,,yes,0.035,0.9111475905555232
6150,0.49614442535763725,1.1987782436510275,0.7026338182933902,"Horvitz-Thompson(recency=30.0,delta=0.20)",HT,30.0,0.2,10,20,169,10000,,yes,0.035,0.9111475905555232
6151,0.5549831594860137,1.1480514890390359,0.5930683295530221,"Horvitz-Thompson(recency=30.0,delta=0.20)",HT,30.0,0.2,10,20,169,10000,,yes,0.035,0.9111475905555232
6152,0.43974144027854933,1.1474410454725448,0.7076996051939954,"Horvitz-Thompson(recency=30.0,delta=0.20)",HT,30.0,0.2,10,20,169,10000,,yes,0.035,0.9111475905555232
6153,0.5459329159968058,1.0011433688821971,0.4552104528853913,"Horvitz-Thompson(recency=30.0,delta=0.20)",HT,30.0,0.2,10,20,169,10000,,yes,0.035,0.9111475905555232
6154,0.4957574267782537,1.0984439178342429,0.6026864910559893,"Horvitz-Thompson(recency=30.0,delta=0.20)",HT,30.0,0.2,10,20,169,10000,,yes,0.035,0.9111475905555232
6155,0.4827630401366256,1.079938405682922,0.5971753655462964,"Horvitz-Thompson(recency=30.0,delta=0.20)",HT,30.0,0.2,10,20,169,10000,,yes,0.035,0.9111475905555232
6156,0.5063894649185604,1.0293283068860117,0.5229388419674513,"Horvitz-Thompson(recency=30.0,delta=0.20)",HT,30.0,0.2,10,20,169,10000,,yes,0.035,0.9111475905555232
6157,0.4799294614569477,0.9762764393475722,0.49634697789062454,"Horvitz-Thompson(recency=30.0,delta=0.20)",HT,30.0,0.2,10,20,169,10000,,yes,0.035,0.9111475905555232
6158,0.45526932905255135,1.02144009254321,0.5661707634906588,"Horvitz-Thompson(recency=30.0,delta=0.20)",HT,30.0,0.2,10,20,169,10000,,yes,0.035,0.9111475905555232
6159,0.5062173766178123,1.031928547741185,0.5257111711233727,"Horvitz-Thompson(recency=30.0,delta=0.20)",HT,30.0,0.2,10,20,169,10000,,yes,0.035,0.9111475905555232
6160,0.4663419387433891,0.989036114125319,0.5226941753819299,"Horvitz-Thompson(recency=30.0,delta=0.20)",HT,30.0,0.2,10,20,169,10000,,yes,0.035,0.9111475905555232
6161,0.47046645459583375,1.2681889549433905,0.7977225003475568,"Horvitz-Thompson(recency=30.0,delta=0.20)",HT,30.0,0.2,10,20,169,10000,,yes,0.035,0.9111475905555232
6162,0.48437451385429037,1.1656211076941478,0.6812465938398575,"Horvitz-Thompson(recency=30.0,delta=0.20)",HT,30.0,0.2,10,20,169,10000,,yes,0.035,0.9111475905555232
6163,0.5815400626146155,1.0983236491180581,0.5167835865034426,"Horvitz-Thompson(recency=30.0,delta=0.20)",HT,30.0,0.2,10,20,169,10000,,yes,0.035,0.9111475905555232
6164,0.4598973843938801,1.1374896499627933,0.6775922655689133,"Horvitz-Thompson(recency=30.0,delta=0.20)",HT,30.0,0.2,10,20,169,10000,,yes,0.035,0.9111475905555232
6165,0.5153089441856171,1.188108307019594,0.6727993628339768,"Horvitz-Thompson(recency=30.0,delta=0.20)",HT,30.0,0.2,10,20,169,10000,,yes,0.035,0.9111475905555232
6166,0.5022652003466639,1.1615522945876922,0.6592870942410283,"Horvitz-Thompson(recency=30.0,delta=0.20)",HT,30.0,0.2,10,20,169,10000,,yes,0.035,0.9111475905555232
6167,0.5975081848023271,0.9470513236330389,0.34954313883071175,"Horvitz-Thompson(recency=30.0,delta=0.20)",HT,30.0,0.2,10,20,169,10000,,yes,0.035,0.9111475905555232
6168,0.49268643963648595,0.9882706464852341,0.49558420684874815,"Horvitz-Thompson(recency=30.0,delta=0.20)",HT,30.0,0.2,10,20,169,10000,,yes,0.035,0.9111475905555232
6169,0.5067485961221536,1.1355078732349482,0.6287592771127946,"Horvitz-Thompson(recency=30.0,delta=0.20)",HT,30.0,0.2,10,20,169,10000,,yes,0.035,0.9111475905555232
6170,0.49342108549534236,1.1155162872646531,0.6220952017693108,"Horvitz-Thompson(recency=30.0,delta=0.20)",HT,30.0,0.2,10,20,169,10000,,yes,0.035,0.9111475905555232
6171,0.433855323209516,1.1124803412243516,0.6786250180148357,"Horvitz-Thompson(recency=30.0,delta=0.20)",HT,30.0,0.2,10,20,169,10000,,yes,0.035,0.9111475905555232
6172,0.509907576306145,1.0233534755537521,0.5134458992476071,"Horvitz-Thompson(recency=30.0,delta=0.20)",HT,30.0,0.2,10,20,169,10000,,yes,0.035,0.9111475905555232
6173,0.5953517013193487,1.1109462981744185,0.5155945968550698,"Horvitz-Thompson(recency=30.0,delta=0.20)",HT,30.0,0.2,10,20,169,10000,,yes,0.035,0.9111475905555232
6174,0.568681402091821,1.0708344319216196,0.5021530298297986,"Horvitz-Thompson(recency=30.0,delta=0.20)",HT,30.0,0.2,10,20,169,10000,,yes,0.035,0.9111475905555232
6175,0.5685232382932897,1.0022579187224543,0.43373468042916463,"Horvitz-Thompson(recency=30.0,delta=0.20)",HT,30.0,0.2,10,20,169,10000,,yes,0.035,0.9111475905555232
6176,0.5322485200814312,1.155840832187355,0.6235923121059238,"Horvitz-Thompson(recency=30.0,delta=0.20)",HT,30.0,0.2,10,20,169,10000,,yes,0.035,0.9111475905555232
6177,0.5680646048370303,1.2638311842104784,0.6957665793734481,"Horvitz-Thompson(recency=30.0,delta=0.20)",HT,30.0,0.2,10,20,169,10000,,yes,0.035,0.9111475905555232
6178,0.5262393891436724,1.1036236967334627,0.5773843075897903,"Horvitz-Thompson(recency=30.0,delta=0.20)",HT,30.0,0.2,10,20,169,10000,,yes,0.035,0.9111475905555232
6179,0.5403231112261174,0.9585225617917099,0.4181994505655925,"Horvitz-Thompson(recency=30.0,delta=0.20)",HT,30.0,0.2,10,20,169,10000,,yes,0.035,0.9111475905555232
6180,0.5624520248067971,1.1994662427574916,0.6370142179506945,"Horvitz-Thompson(recency=30.0,delta=0.20)",HT,30.0,0.2,10,20,169,10000,,yes,0.035,0.9111475905555232
6181,0.4517297649994929,1.2262863090694895,0.7745565440699966,"Horvitz-Thompson(recency=30.0,delta=0.20)",HT,30.0,0.2,10,20,169,10000,,yes,0.035,0.9111475905555232
6182,0.5819903683727781,1.1143058242672987,0.5323154558945207,"Horvitz-Thompson(recency=30.0,delta=0.20)",HT,30.0,0.2,10,20,169,10000,,yes,0.035,0.9111475905555232
6183,0.4835089015067033,1.1072910149904232,0.6237821134837198,"Horvitz-Thompson(recency=30.0,delta=0.20)",HT,30.0,0.2,10,20,169,10000,,yes,0.035,0.9111475905555232
6184,0.5570363406422806,1.143077562903794,0.5860412222615133,"Horvitz-Thompson(recency=30.0,delta=0.20)",HT,30.0,0.2,10,20,169,10000,,yes,0.035,0.9111475905555232
6185,0.507634242913664,0.9895142896754782,0.4818800467618142,"Horvitz-Thompson(recency=30.0,delta=0.20)",HT,30.0,0.2,10,20,169,10000,,yes,0.035,0.9111475905555232
6186,0.5062133608262619,0.907689234577416,0.4014758737511541,"Horvitz-Thompson(recency=30.0,delta=0.20)",HT,30.0,0.2,10,20,169,10000,,yes,0.035,0.9111475905555232
6187,0.47328473044656705,1.2216678349227545,0.7483831044761875,"Horvitz-Thompson(recency=30.0,delta=0.20)",HT,30.0,0.2,10,20,169,10000,,yes,0.035,0.9111475905555232
6188,0.5167483359826773,0.9785768498192567,0.4618285138365794,"Horvitz-Thompson(recency=30.0,delta=0.20)",HT,30.0,0.2,10,20,169,10000,,yes,0.035,0.9111475905555232
6189,0.47828012394064373,1.192019117816906,0.7137389938762622,"Horvitz-Thompson(recency=30.0,delta=0.20)",HT,30.0,0.2,10,20,169,10000,,yes,0.035,0.9111475905555232
6190,0.44547622417379396,1.2384901227890033,0.7930138986152093,"Horvitz-Thompson(recency=30.0,delta=0.20)",HT,30.0,0.2,10,20,169,10000,,yes,0.035,0.9111475905555232
6191,0.5281384262349914,1.1110857950022601,0.5829473687672687,"Horvitz-Thompson(recency=30.0,delta=0.20)",HT,30.0,0.2,10,20,169,10000,,yes,0.035,0.9111475905555232
6192,0.4821336789968997,1.0363010138171005,0.5541673348202008,"Horvitz-Thompson(recency=30.0,delta=0.20)",HT,30.0,0.2,10,20,169,10000,,yes,0.035,0.9111475905555232
6193,0.4773236445226653,1.0787371524280258,0.6014135079053605,"Horvitz-Thompson(recency=30.0,delta=0.20)",HT,30.0,0.2,10,20,169,10000,,yes,0.035,0.9111475905555232
6194,0.47071300421707407,1.0178283452270414,0.5471153410099673,"Horvitz-Thompson(recency=30.0,delta=0.20)",HT,30.0,0.2,10,20,169,10000,,yes,0.035,0.9111475905555232
6195,0.5010664598368956,1.095179664075153,0.5941132042382574,"Horvitz-Thompson(recency=30.0,delta=0.20)",HT,30.0,0.2,10,20,169,10000,,yes,0.035,0.9111475905555232
6196,0.6082924855907301,1.071471658350993,0.46317917276026277,"Horvitz-Thompson(recency=30.0,delta=0.20)",HT,30.0,0.2,10,20,169,10000,,yes,0.035,0.9111475905555232
6197,0.513310210764158,0.9436958535946257,0.43038564283046776,"Horvitz-Thompson(recency=30.0,delta=0.20)",HT,30.0,0.2,10,20,169,10000,,yes,0.035,0.9111475905555232
6198,0.603067766022226,1.043122714406655,0.44005494838442905,"Horvitz-Thompson(recency=30.0,delta=0.20)",HT,30.0,0.2,10,20,169,10000,,yes,0.035,0.9111475905555232
6199,0.4803654913521804,0.9725322040419458,0.4921667126897655,"Horvitz-Thompson(recency=30.0,delta=0.20)",HT,30.0,0.2,10,20,169,10000,,yes,0.035,0.9111475905555232
6200,0.4298733336850785,1.0449489001561911,0.6150755664711126,"Horvitz-Thompson(recency=30.0,delta=0.20)",HT,30.0,0.2,10,20,169,10000,,yes,0.035,0.9111475905555232
6201,0.4834777506987179,1.1709652218355668,0.6874874711368489,"Horvitz-Thompson(recency=30.0,delta=0.20)",HT,30.0,0.2,10,20,169,10000,,yes,0.035,0.9111475905555232
6202,0.5307339175172654,1.1902028099053328,0.6594688923880674,"Horvitz-Thompson(recency=30.0,delta=0.20)",HT,30.0,0.2,10,20,169,10000,,yes,0.035,0.9111475905555232
6203,0.5236331423708248,1.0769384276388951,0.5533052852680703,"Horvitz-Thompson(recency=30.0,delta=0.20)",HT,30.0,0.2,10,20,169,10000,,yes,0.035,0.9111475905555232
6204,0.49562209755705516,1.1675689634550042,0.671946865897949,"Horvitz-Thompson(recency=30.0,delta=0.20)",HT,30.0,0.2,10,20,169,10000,,yes,0.035,0.9111475905555232
6205,0.5155389314880029,1.1968616742168494,0.6813227427288465,"Horvitz-Thompson(recency=30.0,delta=0.20)",HT,30.0,0.2,10,20,169,10000,,yes,0.035,0.9111475905555232
6206,0.44902012352863824,1.016060149520163,0.5670400259915249,"Horvitz-Thompson(recency=30.0,delta=0.20)",HT,30.0,0.2,10,20,169,10000,,yes,0.035,0.9111475905555232
6207,0.46350346795394926,1.0994622885036105,0.6359588205496612,"Horvitz-Thompson(recency=30.0,delta=0.20)",HT,30.0,0.2,10,20,169,10000,,yes,0.035,0.9111475905555232
6208,0.5137612422101012,1.0437458330784684,0.5299845908683671,"Horvitz-Thompson(recency=30.0,delta=0.20)",HT,30.0,0.2,10,20,169,10000,,yes,0.035,0.9111475905555232
6209,0.5055173974324502,1.0988028011082698,0.5932854036758196,"Horvitz-Thompson(recency=30.0,delta=0.20)",HT,30.0,0.2,10,20,169,10000,,yes,0.035,0.9111475905555232
6210,0.5916657599583016,1.1749824371879187,0.5833166772296171,"Horvitz-Thompson(recency=30.0,delta=0.20)",HT,30.0,0.2,10,20,169,10000,,yes,0.035,0.9111475905555232
6211,0.5128932184258479,1.0345343330839842,0.5216411146581363,"Horvitz-Thompson(recency=30.0,delta=0.20)",HT,30.0,0.2,10,20,169,10000,,yes,0.035,0.9111475905555232
6212,0.4575796909759438,1.2476336432408206,0.7900539522648768,"Horvitz-Thompson(recency=30.0,delta=0.20)",HT,30.0,0.2,10,20,169,10000,,yes,0.035,0.9111475905555232
6213,0.5326656589516747,1.3083729700715026,0.7757073111198278,"Horvitz-Thompson(recency=30.0,delta=0.20)",HT,30.0,0.2,10,20,169,10000,,yes,0.035,0.9111475905555232
6214,0.5319257416328723,1.0335353952993782,0.5016096536665059,"Horvitz-Thompson(recency=30.0,delta=0.20)",HT,30.0,0.2,10,20,169,10000,,yes,0.035,0.9111475905555232
6215,0.47784374877178454,1.022511788640902,0.5446680398691175,"Horvitz-Thompson(recency=30.0,delta=0.20)",HT,30.0,0.2,10,20,169,10000,,yes,0.035,0.9111475905555232
6216,0.5162967850672919,1.2333275482642518,0.7170307631969599,"Horvitz-Thompson(recency=30.0,delta=0.20)",HT,30.0,0.2,10,20,169,10000,,yes,0.035,0.9111475905555232
6217,0.46108292110151594,1.0001351077096134,0.5390521866080975,"Horvitz-Thompson(recency=30.0,delta=0.20)",HT,30.0,0.2,10,20,169,10000,,yes,0.035,0.9111475905555232
6218,0.5289056155437379,1.2389968727977936,0.7100912572540556,"Horvitz-Thompson(recency=30.0,delta=0.20)",HT,30.0,0.2,10,20,169,10000,,yes,0.035,0.9111475905555232
6219,0.4431731648159053,1.1764606926550607,0.7332875278391554,"Horvitz-Thompson(recency=30.0,delta=0.20)",HT,30.0,0.2,10,20,169,10000,,yes,0.035,0.9111475905555232
6220,0.506454288279288,1.2042012436488947,0.6977469553696067,"Horvitz-Thompson(recency=30.0,delta=0.20)",HT,30.0,0.2,10,20,169,10000,,yes,0.035,0.9111475905555232
6221,0.5056397677220028,1.000997792763421,0.49535802504141824,"Horvitz-Thompson(recency=30.0,delta=0.20)",HT,30.0,0.2,10,20,169,10000,,yes,0.035,0.9111475905555232
6222,0.5452777528458801,1.0091824246138812,0.4639046717680011,"Horvitz-Thompson(recency=30.0,delta=0.20)",HT,30.0,0.2,10,20,169,10000,,yes,0.035,0.9111475905555232
6223,0.5130601533242907,1.0796264803007367,0.566566326976446,"Horvitz-Thompson(recency=30.0,delta=0.20)",HT,30.0,0.2,10,20,169,10000,,yes,0.035,0.9111475905555232
6224,0.47947935980498596,1.4301670775644875,0.9506877177595014,"Horvitz-Thompson(recency=30.0,delta=0.20)",HT,30.0,0.2,10,20,169,10000,,yes,0.035,0.9111475905555232
6225,0.5215729196587281,1.088733186884334,0.5671602672256059,"Horvitz-Thompson(recency=30.0,delta=0.20)",HT,30.0,0.2,10,20,169,10000,,yes,0.035,0.9111475905555232
6226,0.5709172248926517,1.1640336437598755,0.5931164188672238,"Horvitz-Thompson(recency=30.0,delta=0.20)",HT,30.0,0.2,10,20,169,10000,,yes,0.035,0.9111475905555232
6227,0.5419530070368612,1.0570335631066337,0.5150805560697724,"Horvitz-Thompson(recency=30.0,delta=0.20)",HT,30.0,0.2,10,20,169,10000,,yes,0.035,0.9111475905555232
6228,0.48895664132387096,1.1572620157510056,0.6683053744271347,"Horvitz-Thompson(recency=30.0,delta=0.20)",HT,30.0,0.2,10,20,169,10000,,yes,0.035,0.9111475905555232
6229,0.44038704898695546,1.194774740656348,0.7543876916693926,"Horvitz-Thompson(recency=30.0,delta=0.20)",HT,30.0,0.2,10,20,169,10000,,yes,0.035,0.9111475905555232
6230,0.5359425650469755,1.103286004351299,0.5673434393043236,"Horvitz-Thompson(recency=30.0,delta=0.20)",HT,30.0,0.2,10,20,169,10000,,yes,0.035,0.9111475905555232
6231,0.4299466079345533,1.2003624990225208,0.7704158910879675,"Horvitz-Thompson(recency=30.0,delta=0.20)",HT,30.0,0.2,10,20,169,10000,,yes,0.035,0.9111475905555232
6232,0.4989097849415699,1.1751107422329043,0.6762009572913344,"Horvitz-Thompson(recency=30.0,delta=0.20)",HT,30.0,0.2,10,20,169,10000,,yes,0.035,0.9111475905555232
6233,0.48060900967265946,1.2878943048781932,0.8072852952055338,"Horvitz-Thompson(recency=30.0,delta=0.20)",HT,30.0,0.2,10,20,169,10000,,yes,0.035,0.9111475905555232
6234,0.5319614189506713,1.142919027457843,0.6109576085071716,"Horvitz-Thompson(recency=30.0,delta=0.20)",HT,30.0,0.2,10,20,169,10000,,yes,0.035,0.9111475905555232
6235,0.558628803230581,1.003687239468977,0.44505843623839614,"Horvitz-Thompson(recency=30.0,delta=0.20)",HT,30.0,0.2,10,20,169,10000,,yes,0.035,0.9111475905555232
6236,0.44836487747612,1.2987597351031581,0.8503948576270381,"Horvitz-Thompson(recency=30.0,delta=0.20)",HT,30.0,0.2,10,20,169,10000,,yes,0.035,0.9111475905555232
6237,0.6111397551440678,1.159767356990163,0.5486276018460952,"Horvitz-Thompson(recency=30.0,delta=0.20)",HT,30.0,0.2,10,20,169,10000,,yes,0.035,0.9111475905555232
6238,0.49573828139784876,1.2574396336449962,0.7617013522471474,"Horvitz-Thompson(recency=30.0,delta=0.20)",HT,30.0,0.2,10,20,169,10000,,yes,0.035,0.9111475905555232
6239,0.5216473054837754,0.9559169569908667,0.4342696515070913,"Horvitz-Thompson(recency=30.0,delta=0.20)",HT,30.0,0.2,10,20,169,10000,,yes,0.035,0.9111475905555232
6240,0.4941294423364645,1.2698114904605473,0.7756820481240828,"Horvitz-Thompson(recency=30.0,delta=0.20)",HT,30.0,0.2,10,20,169,10000,,yes,0.035,0.9111475905555232
6241,0.4827335977600449,1.106287439989177,0.623553842229132,"Horvitz-Thompson(recency=30.0,delta=0.20)",HT,30.0,0.2,10,20,169,10000,,yes,0.035,0.9111475905555232
6242,0.49436613962925485,1.0942608104002176,0.5998946707709627,"Horvitz-Thompson(recency=30.0,delta=0.20)",HT,30.0,0.2,10,20,169,10000,,yes,0.035,0.9111475905555232
6243,0.48480662823781495,1.1728849411003557,0.6880783128625407,"Horvitz-Thompson(recency=30.0,delta=0.20)",HT,30.0,0.2,10,20,169,10000,,yes,0.035,0.9111475905555232
6244,0.571744148691342,0.9654101848332718,0.39366603614192974,"Horvitz-Thompson(recency=30.0,delta=0.20)",HT,30.0,0.2,10,20,169,10000,,yes,0.035,0.9111475905555232
6245,0.5160146148329986,1.0205036816742925,0.5044890668412939,"Horvitz-Thompson(recency=30.0,delta=0.20)",HT,30.0,0.2,10,20,169,10000,,yes,0.035,0.9111475905555232
6246,0.45497896866309645,1.2947007977743847,0.8397218291112882,"Horvitz-Thompson(recency=30.0,delta=0.20)",HT,30.0,0.2,10,20,169,10000,,yes,0.035,0.9111475905555232
6247,0.5572674560542772,1.1438939390740284,0.5866264830197512,"Horvitz-Thompson(recency=30.0,delta=0.20)",HT,30.0,0.2,10,20,169,10000,,yes,0.035,0.9111475905555232
6248,0.5096948500226909,1.2311086306438435,0.7214137806211526,"Horvitz-Thompson(recency=30.0,delta=0.20)",HT,30.0,0.2,10,20,169,10000,,yes,0.035,0.9111475905555232
6249,0.5495359159701025,1.1237094982874722,0.5741735823173697,"Horvitz-Thompson(recency=30.0,delta=0.20)",HT,30.0,0.2,10,20,169,10000,,yes,0.035,0.9111475905555232
6250,0.5850269719179544,1.0117230144473013,0.4266960425293469,"Horvitz-Thompson(recency=30.0,delta=0.20)",HT,30.0,0.2,10,20,169,10000,,yes,0.035,0.9111475905555232
6251,0.49638929650141617,1.0979985865618924,0.6016092900604763,"Horvitz-Thompson(recency=30.0,delta=0.20)",HT,30.0,0.2,10,20,169,10000,,yes,0.035,0.9111475905555232
6252,0.5408158721583185,1.1215713047412694,0.5807554325829509,"Horvitz-Thompson(recency=30.0,delta=0.20)",HT,30.0,0.2,10,20,169,10000,,yes,0.035,0.9111475905555232
6253,0.5262570567396311,1.0813114267585462,0.5550543700189151,"Horvitz-Thompson(recency=30.0,delta=0.20)",HT,30.0,0.2,10,20,169,10000,,yes,0.035,0.9111475905555232
6254,0.495002174673236,1.1875996104443396,0.6925974357711036,"Horvitz-Thompson(recency=30.0,delta=0.20)",HT,30.0,0.2,10,20,169,10000,,yes,0.035,0.9111475905555232
6255,0.5054674833818819,0.9244672883959248,0.418999805014043,"Horvitz-Thompson(recency=30.0,delta=0.20)",HT,30.0,0.2,10,20,169,10000,,yes,0.035,0.9111475905555232
6256,0.5313322985987975,1.0222356215919743,0.49090332299317685,"Horvitz-Thompson(recency=30.0,delta=0.20)",HT,30.0,0.2,10,20,169,10000,,yes,0.035,0.9111475905555232
6257,0.4498985198262379,1.2092673636959417,0.7593688438697037,"Horvitz-Thompson(recency=30.0,delta=0.20)",HT,30.0,0.2,10,20,169,10000,,yes,0.035,0.9111475905555232
6258,0.5003751476181671,1.0398690350458692,0.5394938874277021,"Horvitz-Thompson(recency=30.0,delta=0.20)",HT,30.0,0.2,10,20,169,10000,,yes,0.035,0.9111475905555232
6259,0.5142669734207371,1.0905136452420539,0.5762466718213167,"Horvitz-Thompson(recency=30.0,delta=0.20)",HT,30.0,0.2,10,20,169,10000,,yes,0.035,0.9111475905555232
6260,0.6252245438633809,1.0581189172933305,0.43289437342994963,"Horvitz-Thompson(recency=30.0,delta=0.20)",HT,30.0,0.2,10,20,169,10000,,yes,0.035,0.9111475905555232
6261,0.5204777240204629,1.1422517048464182,0.6217739808259554,"Horvitz-Thompson(recency=30.0,delta=0.20)",HT,30.0,0.2,10,20,169,10000,,yes,0.035,0.9111475905555232
6262,0.5015526812932284,0.9848523472639301,0.48329966597070173,"Horvitz-Thompson(recency=30.0,delta=0.20)",HT,30.0,0.2,10,20,169,10000,,yes,0.035,0.9111475905555232
6263,0.43151162800846354,1.1481819322294782,0.7166703042210146,"Horvitz-Thompson(recency=30.0,delta=0.20)",HT,30.0,0.2,10,20,169,10000,,yes,0.035,0.9111475905555232
6264,0.5479862418311888,1.0457097111211848,0.497723469289996,"Horvitz-Thompson(recency=30.0,delta=0.20)",HT,30.0,0.2,10,20,169,10000,,yes,0.035,0.9111475905555232
6265,0.40063043795631437,1.2130208457403142,0.8123904077839998,"Horvitz-Thompson(recency=30.0,delta=0.20)",HT,30.0,0.2,10,20,169,10000,,yes,0.035,0.9111475905555232
6266,0.5264995173886573,0.9769558340146585,0.45045631662600116,"Horvitz-Thompson(recency=30.0,delta=0.20)",HT,30.0,0.2,10,20,169,10000,,yes,0.035,0.9111475905555232
6267,0.4576657253396402,1.2480627483825735,0.7903970230429334,"Horvitz-Thompson(recency=30.0,delta=0.20)",HT,30.0,0.2,10,20,169,10000,,yes,0.035,0.9111475905555232
6268,0.6000898192641335,1.1789871016158853,0.5788972823517518,"Horvitz-Thompson(recency=30.0,delta=0.20)",HT,30.0,0.2,10,20,169,10000,,yes,0.035,0.9111475905555232
6269,0.5125638530885999,1.1367420666614074,0.6241782135728076,"Horvitz-Thompson(recency=30.0,delta=0.20)",HT,30.0,0.2,10,20,169,10000,,yes,0.035,0.9111475905555232
6270,0.4342570415320269,1.0046435626509136,0.5703865211188868,"Horvitz-Thompson(recency=30.0,delta=0.20)",HT,30.0,0.2,10,20,169,10000,,yes,0.035,0.9111475905555232
6271,0.504094419809954,1.1419719749046515,0.6378775550946976,"Horvitz-Thompson(recency=30.0,delta=0.20)",HT,30.0,0.2,10,20,169,10000,,yes,0.035,0.9111475905555232
6272,0.4689421229861413,1.2493300320594976,0.7803879090733563,"Horvitz-Thompson(recency=30.0,delta=0.20)",HT,30.0,0.2,10,20,169,10000,,yes,0.035,0.9111475905555232
6273,0.5228296773741297,1.0737131771955981,0.5508834998214684,"Horvitz-Thompson(recency=30.0,delta=0.20)",HT,30.0,0.2,10,20,169,10000,,yes,0.035,0.9111475905555232
6274,0.5791242798619565,1.0563065057292274,0.4771822258672709,"Horvitz-Thompson(recency=30.0,delta=0.20)",HT,30.0,0.2,10,20,169,10000,,yes,0.035,0.9111475905555232
6275,0.5254442283639946,1.1360360477775673,0.6105918194135727,"Horvitz-Thompson(recency=30.0,delta=0.20)",HT,30.0,0.2,10,20,169,10000,,yes,0.035,0.9111475905555232
6276,0.523302336986725,1.034495046974602,0.5111927099878769,"Horvitz-Thompson(recency=30.0,delta=0.20)",HT,30.0,0.2,10,20,169,10000,,yes,0.035,0.9111475905555232
6277,0.4740913396311857,1.1291102154497927,0.6550188758186071,"Horvitz-Thompson(recency=30.0,delta=0.20)",HT,30.0,0.2,10,20,169,10000,,yes,0.035,0.9111475905555232
6278,0.4237334763479705,1.0563106125277077,0.6325771361797372,"Horvitz-Thompson(recency=30.0,delta=0.20)",HT,30.0,0.2,10,20,169,10000,,yes,0.035,0.9111475905555232
6279,0.5220176513851501,1.2818000889462267,0.7597824375610766,"Horvitz-Thompson(recency=30.0,delta=0.20)",HT,30.0,0.2,10,20,169,10000,,yes,0.035,0.9111475905555232
6280,0.5125482013587692,1.0111656437169259,0.49861744235815664,"Horvitz-Thompson(recency=30.0,delta=0.20)",HT,30.0,0.2,10,20,169,10000,,yes,0.035,0.9111475905555232
6281,0.5499231608486496,0.9542732358920571,0.4043500750434076,"Horvitz-Thompson(recency=30.0,delta=0.20)",HT,30.0,0.2,10,20,169,10000,,yes,0.035,0.9111475905555232
6282,0.4392850100946205,1.1603282783858784,0.7210432682912579,"Horvitz-Thompson(recency=30.0,delta=0.20)",HT,30.0,0.2,10,20,169,10000,,yes,0.035,0.9111475905555232
6283,0.5326474207465236,0.917482354811742,0.3848349340652184,"Horvitz-Thompson(recency=30.0,delta=0.20)",HT,30.0,0.2,10,20,169,10000,,yes,0.035,0.9111475905555232
6284,0.4870939304074371,1.1050764459649938,0.6179825155575567,"Horvitz-Thompson(recency=30.0,delta=0.20)",HT,30.0,0.2,10,20,169,10000,,yes,0.035,0.9111475905555232
6285,0.5162943910341656,1.0348173219134666,0.518522930879301,"Horvitz-Thompson(recency=30.0,delta=0.20)",HT,30.0,0.2,10,20,169,10000,,yes,0.035,0.9111475905555232
6286,0.5253274773791317,1.126798140828879,0.6014706634497473,"Horvitz-Thompson(recency=30.0,delta=0.20)",HT,30.0,0.2,10,20,169,10000,,yes,0.035,0.9111475905555232
6287,0.5335697544942766,1.0463059115431195,0.5127361570488429,"Horvitz-Thompson(recency=30.0,delta=0.20)",HT,30.0,0.2,10,20,169,10000,,yes,0.035,0.9111475905555232
6288,0.5161080662716027,1.0660748653981875,0.5499667991265849,"Horvitz-Thompson(recency=30.0,delta=0.20)",HT,30.0,0.2,10,20,169,10000,,yes,0.035,0.9111475905555232
6289,0.47516562658269546,0.938214193608356,0.46304856702566055,"Horvitz-Thompson(recency=30.0,delta=0.20)",HT,30.0,0.2,10,20,169,10000,,yes,0.035,0.9111475905555232
6290,0.4774657781905579,1.1345567912007297,0.6570910130101718,"Horvitz-Thompson(recency=30.0,delta=0.20)",HT,30.0,0.2,10,20,169,10000,,yes,0.035,0.9111475905555232
6291,0.48512825961506306,1.1866436306224835,0.7015153710074205,"Horvitz-Thompson(recency=30.0,delta=0.20)",HT,30.0,0.2,10,20,169,10000,,yes,0.035,0.9111475905555232
6292,0.5235705965125215,1.0425531526007996,0.5189825560882781,"Horvitz-Thompson(recency=30.0,delta=0.20)",HT,30.0,0.2,10,20,169,10000,,yes,0.035,0.9111475905555232
6293,0.5394832568723095,1.1571011510356939,0.6176178941633844,"Horvitz-Thompson(recency=30.0,delta=0.20)",HT,30.0,0.2,10,20,169,10000,,yes,0.035,0.9111475905555232
6294,0.4237976067056385,1.1931610943972377,0.7693634876915992,"Horvitz-Thompson(recency=30.0,delta=0.20)",HT,30.0,0.2,10,20,169,10000,,yes,0.035,0.9111475905555232
6295,0.4536584976304774,1.0045207147085906,0.5508622170781132,"Horvitz-Thompson(recency=30.0,delta=0.20)",HT,30.0,0.2,10,20,169,10000,,yes,0.035,0.9111475905555232
6296,0.527464985514007,1.2756854081465623,0.7482204226325553,"Horvitz-Thompson(recency=30.0,delta=0.20)",HT,30.0,0.2,10,20,169,10000,,yes,0.035,0.9111475905555232
6297,0.5725830060910599,1.0976734841648872,0.5250904780738272,"Horvitz-Thompson(recency=30.0,delta=0.20)",HT,30.0,0.2,10,20,169,10000,,yes,0.035,0.9111475905555232
6298,0.4732324565431623,1.2207631163341044,0.7475306597909421,"Horvitz-Thompson(recency=30.0,delta=0.20)",HT,30.0,0.2,10,20,169,10000,,yes,0.035,0.9111475905555232
6299,0.46234643408417747,1.0489217824461894,0.586575348362012,"Horvitz-Thompson(recency=30.0,delta=0.20)",HT,30.0,0.2,10,20,169,10000,,yes,0.035,0.9111475905555232
6300,0.5472004999929021,0.9811107719509773,0.4339102719580752,"Horvitz-Thompson(recency=30.0,delta=0.20)",HT,30.0,0.2,10,20,169,10000,,yes,0.035,0.9111475905555232
6301,0.5182024385162138,1.1520685090188092,0.6338660705025954,"Horvitz-Thompson(recency=30.0,delta=0.20)",HT,30.0,0.2,10,20,169,10000,,yes,0.035,0.9111475905555232
6302,0.4642623498343661,1.1273190614437265,0.6630567116093604,"Horvitz-Thompson(recency=30.0,delta=0.20)",HT,30.0,0.2,10,20,169,10000,,yes,0.035,0.9111475905555232
6303,0.5149528411792175,1.145940455527969,0.6309876143487516,"Horvitz-Thompson(recency=30.0,delta=0.20)",HT,30.0,0.2,10,20,169,10000,,yes,0.035,0.9111475905555232
6304,0.45091256156776566,1.1242098190552623,0.6732972574874967,"Horvitz-Thompson(recency=30.0,delta=0.20)",HT,30.0,0.2,10,20,169,10000,,yes,0.035,0.9111475905555232
6305,0.49873966843683504,0.9766295707850009,0.47788990234816586,"Horvitz-Thompson(recency=30.0,delta=0.20)",HT,30.0,0.2,10,20,169,10000,,yes,0.035,0.9111475905555232
6306,0.49763061454795143,1.2699261855212332,0.7722955709732817,"Horvitz-Thompson(recency=30.0,delta=0.20)",HT,30.0,0.2,10,20,169,10000,,yes,0.035,0.9111475905555232
6307,0.5404092907904609,1.1278879990507626,0.5874787082603018,"Horvitz-Thompson(recency=30.0,delta=0.20)",HT,30.0,0.2,10,20,169,10000,,yes,0.035,0.9111475905555232
6308,0.5203486293580939,1.0852666437784917,0.5649180144203978,"Horvitz-Thompson(recency=30.0,delta=0.20)",HT,30.0,0.2,10,20,169,10000,,yes,0.035,0.9111475905555232
6309,0.576223434724269,1.0354577195193737,0.45923428479510475,"Horvitz-Thompson(recency=30.0,delta=0.20)",HT,30.0,0.2,10,20,169,10000,,yes,0.035,0.9111475905555232
6310,0.5371935064467435,0.9855704348477413,0.44837692840099785,"Horvitz-Thompson(recency=30.0,delta=0.20)",HT,30.0,0.2,10,20,169,10000,,yes,0.035,0.9111475905555232
6311,0.4201073169519595,1.0745049145666783,0.6543975976147187,"Horvitz-Thompson(recency=30.0,delta=0.20)",HT,30.0,0.2,10,20,169,10000,,yes,0.035,0.9111475905555232
6312,0.5767195981980211,1.0430856447256078,0.46636604652758673,"Horvitz-Thompson(recency=30.0,delta=0.20)",HT,30.0,0.2,10,20,169,10000,,yes,0.035,0.9111475905555232
6313,0.57327439927357,1.1314814654902285,0.5582070662166585,"Horvitz-Thompson(recency=30.0,delta=0.20)",HT,30.0,0.2,10,20,169,10000,,yes,0.035,0.9111475905555232
6314,0.48158377693640964,1.0570438608777843,0.5754600839413747,"Horvitz-Thompson(recency=30.0,delta=0.20)",HT,30.0,0.2,10,20,169,10000,,yes,0.035,0.9111475905555232
6315,0.5627338355959891,0.9946100020480653,0.43187616645207616,"Horvitz-Thompson(recency=30.0,delta=0.20)",HT,30.0,0.2,10,20,169,10000,,yes,0.035,0.9111475905555232
6316,0.4917633684846683,1.1233891394780435,0.6316257709933752,"Horvitz-Thompson(recency=30.0,delta=0.20)",HT,30.0,0.2,10,20,169,10000,,yes,0.035,0.9111475905555232
6317,0.4958571547900108,1.1930425695810973,0.6971854147910865,"Horvitz-Thompson(recency=30.0,delta=0.20)",HT,30.0,0.2,10,20,169,10000,,yes,0.035,0.9111475905555232
6318,0.4930216007650883,1.166376914342353,0.6733553135772647,"Horvitz-Thompson(recency=30.0,delta=0.20)",HT,30.0,0.2,10,20,169,10000,,yes,0.035,0.9111475905555232
6319,0.5873144440756878,1.0429873051103178,0.45567286103463,"Horvitz-Thompson(recency=30.0,delta=0.20)",HT,30.0,0.2,10,20,169,10000,,yes,0.035,0.9111475905555232
6320,0.5088041306431099,1.0273079840005477,0.5185038533574378,"Horvitz-Thompson(recency=30.0,delta=0.20)",HT,30.0,0.2,10,20,169,10000,,yes,0.035,0.9111475905555232
6321,0.49786658728620964,1.289870311559088,0.7920037242728784,"Horvitz-Thompson(recency=30.0,delta=0.20)",HT,30.0,0.2,10,20,169,10000,,yes,0.035,0.9111475905555232
6322,0.4888027356087382,0.8565840113535029,0.3677812757447647,"Horvitz-Thompson(recency=30.0,delta=0.20)",HT,30.0,0.2,10,20,169,10000,,yes,0.035,0.9111475905555232
6323,0.5897143274367714,0.9432310001230995,0.353516672686328,"Horvitz-Thompson(recency=30.0,delta=0.20)",HT,30.0,0.2,10,20,169,10000,,yes,0.035,0.9111475905555232
6324,0.43872983359064655,1.1567440727626574,0.7180142391720109,"Horvitz-Thompson(recency=30.0,delta=0.20)",HT,30.0,0.2,10,20,169,10000,,yes,0.035,0.9111475905555232
6325,0.4878362150399561,1.1123284087910406,0.6244921937510844,"Horvitz-Thompson(recency=30.0,delta=0.20)",HT,30.0,0.2,10,20,169,10000,,yes,0.035,0.9111475905555232
6326,0.5607601212120292,1.2311003895691852,0.670340268357156,"Horvitz-Thompson(recency=30.0,delta=0.20)",HT,30.0,0.2,10,20,169,10000,,yes,0.035,0.9111475905555232
6327,0.4651935618832934,1.0931504348016183,0.6279568729183249,"Horvitz-Thompson(recency=30.0,delta=0.20)",HT,30.0,0.2,10,20,169,10000,,yes,0.035,0.9111475905555232
6328,0.5135771610728757,0.9841405287885282,0.47056336771565255,"Horvitz-Thompson(recency=30.0,delta=0.20)",HT,30.0,0.2,10,20,169,10000,,yes,0.035,0.9111475905555232
6329,0.6064603715211518,1.0879131593981135,0.48145278787696166,"Horvitz-Thompson(recency=30.0,delta=0.20)",HT,30.0,0.2,10,20,169,10000,,yes,0.035,0.9111475905555232
6330,0.5068567510348814,0.9778347844170183,0.47097803338213695,"Horvitz-Thompson(recency=30.0,delta=0.20)",HT,30.0,0.2,10,20,169,10000,,yes,0.035,0.9111475905555232
6331,0.49722479020155935,1.1160121517991979,0.6187873615976385,"Horvitz-Thompson(recency=30.0,delta=0.20)",HT,30.0,0.2,10,20,169,10000,,yes,0.035,0.9111475905555232
6332,0.5347321608252039,0.9515184382889867,0.41678627746378283,"Horvitz-Thompson(recency=30.0,delta=0.20)",HT,30.0,0.2,10,20,169,10000,,yes,0.035,0.9111475905555232
6333,0.4972582312524596,1.2795790021943751,0.7823207709419155,"Horvitz-Thompson(recency=30.0,delta=0.20)",HT,30.0,0.2,10,20,169,10000,,yes,0.035,0.9111475905555232
6334,0.5641257039687061,1.031119086425788,0.4669933824570819,"Horvitz-Thompson(recency=30.0,delta=0.20)",HT,30.0,0.2,10,20,169,10000,,yes,0.035,0.9111475905555232
6335,0.4211786404609816,1.1503420792093388,0.7291634387483572,"Horvitz-Thompson(recency=30.0,delta=0.20)",HT,30.0,0.2,10,20,169,10000,,yes,0.035,0.9111475905555232
6336,0.48850855765378204,1.2009055099823698,0.7123969523285878,"Horvitz-Thompson(recency=30.0,delta=0.20)",HT,30.0,0.2,10,20,169,10000,,yes,0.035,0.9111475905555232
6337,0.5303424481759559,0.938139174929369,0.40779672675341316,"Horvitz-Thompson(recency=30.0,delta=0.20)",HT,30.0,0.2,10,20,169,10000,,yes,0.035,0.9111475905555232
6338,0.5010602793101783,1.1355400411609256,0.6344797618507473,"Horvitz-Thompson(recency=30.0,delta=0.20)",HT,30.0,0.2,10,20,169,10000,,yes,0.035,0.9111475905555232
6339,0.526663636160698,1.0851280838501374,0.5584644476894394,"Horvitz-Thompson(recency=30.0,delta=0.20)",HT,30.0,0.2,10,20,169,10000,,yes,0.035,0.9111475905555232
6340,0.502464915550052,1.100993727643468,0.598528812093416,"Horvitz-Thompson(recency=30.0,delta=0.20)",HT,30.0,0.2,10,20,169,10000,,yes,0.035,0.9111475905555232
6341,0.5267535828619224,1.1114434189332578,0.5846898360713354,"Horvitz-Thompson(recency=30.0,delta=0.20)",HT,30.0,0.2,10,20,169,10000,,yes,0.035,0.9111475905555232
6342,0.5308358855340003,1.190653934052067,0.6598180485180667,"Horvitz-Thompson(recency=30.0,delta=0.20)",HT,30.0,0.2,10,20,169,10000,,yes,0.035,0.9111475905555232
6343,0.4605869657224849,1.0955458780185914,0.6349589122961065,"Horvitz-Thompson(recency=30.0,delta=0.20)",HT,30.0,0.2,10,20,169,10000,,yes,0.035,0.9111475905555232
6344,0.5128385771875035,1.0156760099455928,0.5028374327580893,"Horvitz-Thompson(recency=30.0,delta=0.20)",HT,30.0,0.2,10,20,169,10000,,yes,0.035,0.9111475905555232
6345,0.42430947937518815,1.111613085171299,0.6873036057961109,"Horvitz-Thompson(recency=30.0,delta=0.20)",HT,30.0,0.2,10,20,169,10000,,yes,0.035,0.9111475905555232
6346,0.5593642569609024,1.0794044807180119,0.5200402237571095,"Horvitz-Thompson(recency=30.0,delta=0.20)",HT,30.0,0.2,10,20,169,10000,,yes,0.035,0.9111475905555232
6347,0.4286105268914123,1.0847834282744853,0.6561729013830729,"Horvitz-Thompson(recency=30.0,delta=0.20)",HT,30.0,0.2,10,20,169,10000,,yes,0.035,0.9111475905555232
6348,0.43724117411164354,0.9924748209590794,0.5552336468474358,"Horvitz-Thompson(recency=30.0,delta=0.20)",HT,30.0,0.2,10,20,169,10000,,yes,0.035,0.9111475905555232
6349,0.5050574234262882,1.2404621694144908,0.7354047459882026,"Horvitz-Thompson(recency=30.0,delta=0.20)",HT,30.0,0.2,10,20,169,10000,,yes,0.035,0.9111475905555232
6350,0.5414138905294504,1.102500178177351,0.5610862876479005,"Horvitz-Thompson(recency=30.0,delta=0.20)",HT,30.0,0.2,10,20,169,10000,,yes,0.035,0.9111475905555232
6351,0.4770364791284333,1.1681680722538206,0.6911315931253873,"Horvitz-Thompson(recency=30.0,delta=0.20)",HT,30.0,0.2,10,20,169,10000,,yes,0.035,0.9111475905555232
6352,0.45683236787577197,1.1152208935927455,0.6583885257169735,"Horvitz-Thompson(recency=30.0,delta=0.20)",HT,30.0,0.2,10,20,169,10000,,yes,0.035,0.9111475905555232
6353,0.5374117342344851,0.9737885615418718,0.4363768273073867,"Horvitz-Thompson(recency=30.0,delta=0.20)",HT,30.0,0.2,10,20,169,10000,,yes,0.035,0.9111475905555232
6354,0.5419005855986861,1.0606885903908847,0.5187880047921986,"Horvitz-Thompson(recency=30.0,delta=0.20)",HT,30.0,0.2,10,20,169,10000,,yes,0.035,0.9111475905555232
6355,0.5244659719930026,1.0521657714752044,0.5276997994822018,"Horvitz-Thompson(recency=30.0,delta=0.20)",HT,30.0,0.2,10,20,169,10000,,yes,0.035,0.9111475905555232
6356,0.5919507219550647,1.2106020455791864,0.6186513236241217,"Horvitz-Thompson(recency=30.0,delta=0.20)",HT,30.0,0.2,10,20,169,10000,,yes,0.035,0.9111475905555232
6357,0.5526149035851643,1.047745849464719,0.49513094587955464,"Horvitz-Thompson(recency=30.0,delta=0.20)",HT,30.0,0.2,10,20,169,10000,,yes,0.035,0.9111475905555232
6358,0.4967314820328022,0.9998884511562564,0.5031569691234541,"Horvitz-Thompson(recency=30.0,delta=0.20)",HT,30.0,0.2,10,20,169,10000,,yes,0.035,0.9111475905555232
6359,0.48977855064545384,1.2432942145387935,0.7535156638933397,"Horvitz-Thompson(recency=30.0,delta=0.20)",HT,30.0,0.2,10,20,169,10000,,yes,0.035,0.9111475905555232
6360,0.5285276662693027,0.9686910578872475,0.4401633916179448,"Horvitz-Thompson(recency=30.0,delta=0.20)",HT,30.0,0.2,10,20,169,10000,,yes,0.035,0.9111475905555232
6361,0.5203720213974162,0.9219212290561712,0.401549207658755,"Horvitz-Thompson(recency=30.0,delta=0.20)",HT,30.0,0.2,10,20,169,10000,,yes,0.035,0.9111475905555232
6362,0.5143926403848327,1.1825867408116009,0.6681941004267682,"Horvitz-Thompson(recency=30.0,delta=0.20)",HT,30.0,0.2,10,20,169,10000,,yes,0.035,0.9111475905555232
6363,0.4753749639462181,1.0709825413104186,0.5956075773642004,"Horvitz-Thompson(recency=30.0,delta=0.20)",HT,30.0,0.2,10,20,169,10000,,yes,0.035,0.9111475905555232
6364,0.5160140167923815,1.2310977106258938,0.7150836938335123,"Horvitz-Thompson(recency=30.0,delta=0.20)",HT,30.0,0.2,10,20,169,10000,,yes,0.035,0.9111475905555232
6365,0.47589225834106585,1.0211288774938403,0.5452366191527744,"Horvitz-Thompson(recency=30.0,delta=0.20)",HT,30.0,0.2,10,20,169,10000,,yes,0.035,0.9111475905555232
6366,0.475061888585498,1.3081757207408724,0.8331138321553744,"Horvitz-Thompson(recency=30.0,delta=0.20)",HT,30.0,0.2,10,20,169,10000,,yes,0.035,0.9111475905555232
6367,0.4983554281638945,1.2060680825810364,0.7077126544171419,"Horvitz-Thompson(recency=30.0,delta=0.20)",HT,30.0,0.2,10,20,169,10000,,yes,0.035,0.9111475905555232
6368,0.5785767702269657,1.1298856123692347,0.5513088421422689,"Horvitz-Thompson(recency=30.0,delta=0.20)",HT,30.0,0.2,10,20,169,10000,,yes,0.035,0.9111475905555232
6369,0.5140927820377879,1.1373506093677126,0.6232578273299247,"Horvitz-Thompson(recency=30.0,delta=0.20)",HT,30.0,0.2,10,20,169,10000,,yes,0.035,0.9111475905555232
6370,0.5265996501698462,1.1813459744731754,0.6547463243033291,"Horvitz-Thompson(recency=30.0,delta=0.20)",HT,30.0,0.2,10,20,169,10000,,yes,0.035,0.9111475905555232
6371,0.4961787138415009,1.2362134623511338,0.7400347485096329,"Horvitz-Thompson(recency=30.0,delta=0.20)",HT,30.0,0.2,10,20,169,10000,,yes,0.035,0.9111475905555232
6372,0.5693351376839303,0.9802941074466047,0.41095896976267443,"Horvitz-Thompson(recency=30.0,delta=0.20)",HT,30.0,0.2,10,20,169,10000,,yes,0.035,0.9111475905555232
6373,0.5194323982868376,1.0397826438335034,0.5203502455466658,"Horvitz-Thompson(recency=30.0,delta=0.20)",HT,30.0,0.2,10,20,169,10000,,yes,0.035,0.9111475905555232
6374,0.5278529259618172,1.162422536969298,0.6345696110074808,"Horvitz-Thompson(recency=30.0,delta=0.20)",HT,30.0,0.2,10,20,169,10000,,yes,0.035,0.9111475905555232
6375,0.47250316482581983,1.0681018445867534,0.5955986797609336,"Horvitz-Thompson(recency=30.0,delta=0.20)",HT,30.0,0.2,10,20,169,10000,,yes,0.035,0.9111475905555232
6376,0.4973109335652644,1.2128372421690266,0.7155263086037622,"Horvitz-Thompson(recency=30.0,delta=0.20)",HT,30.0,0.2,10,20,169,10000,,yes,0.035,0.9111475905555232
6377,0.49506176197016055,1.2209525224797306,0.7258907605095701,"Horvitz-Thompson(recency=30.0,delta=0.20)",HT,30.0,0.2,10,20,169,10000,,yes,0.035,0.9111475905555232
6378,0.49255651784603993,1.158439789367798,0.6658832715217581,"Horvitz-Thompson(recency=30.0,delta=0.20)",HT,30.0,0.2,10,20,169,10000,,yes,0.035,0.9111475905555232
6379,0.5610634640306283,1.0206997792128394,0.45963631518221104,"Horvitz-Thompson(recency=30.0,delta=0.20)",HT,30.0,0.2,10,20,169,10000,,yes,0.035,0.9111475905555232
6380,0.47177003887706503,1.1701212761571294,0.6983512372800643,"Horvitz-Thompson(recency=30.0,delta=0.20)",HT,30.0,0.2,10,20,169,10000,,yes,0.035,0.9111475905555232
6381,0.44946430811939625,0.9282700718162112,0.478805763696815,"Horvitz-Thompson(recency=30.0,delta=0.20)",HT,30.0,0.2,10,20,169,10000,,yes,0.035,0.9111475905555232
6382,0.5065590296849016,1.0800699882277531,0.5735109585428515,"Horvitz-Thompson(recency=30.0,delta=0.20)",HT,30.0,0.2,10,20,169,10000,,yes,0.035,0.9111475905555232
6383,0.5237524401269197,1.1006932125900615,0.5769407724631418,"Horvitz-Thompson(recency=30.0,delta=0.20)",HT,30.0,0.2,10,20,169,10000,,yes,0.035,0.9111475905555232
6384,0.5400454389594515,1.0110009211215591,0.4709554821621077,"Horvitz-Thompson(recency=30.0,delta=0.20)",HT,30.0,0.2,10,20,169,10000,,yes,0.035,0.9111475905555232
6385,0.5178259625575441,1.1609759950683967,0.6431500325108526,"Horvitz-Thompson(recency=30.0,delta=0.20)",HT,30.0,0.2,10,20,169,10000,,yes,0.035,0.9111475905555232
6386,0.44537341346325343,1.129292599883166,0.6839191864199126,"Horvitz-Thompson(recency=30.0,delta=0.20)",HT,30.0,0.2,10,20,169,10000,,yes,0.035,0.9111475905555232
6387,0.49984996602339626,1.0535178861775303,0.553667920154134,"Horvitz-Thompson(recency=30.0,delta=0.20)",HT,30.0,0.2,10,20,169,10000,,yes,0.035,0.9111475905555232
6388,0.5849951012922762,1.0613824759040247,0.4763873746117485,"Horvitz-Thompson(recency=30.0,delta=0.20)",HT,30.0,0.2,10,20,169,10000,,yes,0.035,0.9111475905555232
6389,0.45201701882156664,0.9896388513781995,0.5376218325566329,"Horvitz-Thompson(recency=30.0,delta=0.20)",HT,30.0,0.2,10,20,169,10000,,yes,0.035,0.9111475905555232
6390,0.5708173832829263,1.0052999977105503,0.43448261442762404,"Horvitz-Thompson(recency=30.0,delta=0.20)",HT,30.0,0.2,10,20,169,10000,,yes,0.035,0.9111475905555232
6391,0.5002315479510049,1.1164831908677169,0.616251642916712,"Horvitz-Thompson(recency=30.0,delta=0.20)",HT,30.0,0.2,10,20,169,10000,,yes,0.035,0.9111475905555232
6392,0.5240135558010144,1.244310323479966,0.7202967676789516,"Horvitz-Thompson(recency=30.0,delta=0.20)",HT,30.0,0.2,10,20,169,10000,,yes,0.035,0.9111475905555232
6393,0.5822062861004625,0.9306980158666002,0.3484917297661376,"Horvitz-Thompson(recency=30.0,delta=0.20)",HT,30.0,0.2,10,20,169,10000,,yes,0.035,0.9111475905555232
6394,0.5669884013400689,1.3094207731044691,0.7424323717644002,"Horvitz-Thompson(recency=30.0,delta=0.20)",HT,30.0,0.2,10,20,169,10000,,yes,0.035,0.9111475905555232
6395,0.4822737539651216,1.2505110183982011,0.7682372644330795,"Horvitz-Thompson(recency=30.0,delta=0.20)",HT,30.0,0.2,10,20,169,10000,,yes,0.035,0.9111475905555232
6396,0.5015455113492205,1.0662110247970285,0.5646655134478079,"Horvitz-Thompson(recency=30.0,delta=0.20)",HT,30.0,0.2,10,20,169,10000,,yes,0.035,0.9111475905555232
6397,0.5052681859065066,1.2260685490811525,0.7208003631746459,"Horvitz-Thompson(recency=30.0,delta=0.20)",HT,30.0,0.2,10,20,169,10000,,yes,0.035,0.9111475905555232
6398,0.5729266041857222,1.0833115566327913,0.5103849524470692,"Horvitz-Thompson(recency=30.0,delta=0.20)",HT,30.0,0.2,10,20,169,10000,,yes,0.035,0.9111475905555232
6399,0.5158778524076698,0.9000755973512754,0.3841977449436056,"Horvitz-Thompson(recency=30.0,delta=0.20)",HT,30.0,0.2,10,20,169,10000,,yes,0.035,0.9111475905555232
6400,0.5359902640275959,1.0415033759444614,0.5055131119168655,"Horvitz-Thompson(recency=30.0,delta=0.20)",HT,30.0,0.2,10,20,169,10000,,yes,0.035,0.9111475905555232
6401,0.46805578739697407,1.1430962811821075,0.6750404937851334,"Horvitz-Thompson(recency=30.0,delta=0.20)",HT,30.0,0.2,10,20,169,10000,,yes,0.035,0.9111475905555232
6402,0.526880222605851,1.2104275213535658,0.6835472987477148,"Horvitz-Thompson(recency=30.0,delta=0.20)",HT,30.0,0.2,10,20,169,10000,,yes,0.035,0.9111475905555232
6403,0.46540389340782923,1.1817467227282805,0.7163428293204512,"Horvitz-Thompson(recency=30.0,delta=0.20)",HT,30.0,0.2,10,20,169,10000,,yes,0.035,0.9111475905555232
6404,0.5037167642942832,0.9987294013416221,0.4950126370473389,"Horvitz-Thompson(recency=30.0,delta=0.20)",HT,30.0,0.2,10,20,169,10000,,yes,0.035,0.9111475905555232
6405,0.5827540764518014,1.1477685085378893,0.5650144320860878,"Horvitz-Thompson(recency=30.0,delta=0.20)",HT,30.0,0.2,10,20,169,10000,,yes,0.035,0.9111475905555232
6406,0.5757308689497806,1.146405001628637,0.5706741326788562,"Horvitz-Thompson(recency=30.0,delta=0.20)",HT,30.0,0.2,10,20,169,10000,,yes,0.035,0.9111475905555232
6407,0.4787223369943775,1.0489381330627308,0.5702157960683533,"Horvitz-Thompson(recency=30.0,delta=0.20)",HT,30.0,0.2,10,20,169,10000,,yes,0.035,0.9111475905555232
6408,0.4719556009386506,1.1190589801821003,0.6471033792434497,"Horvitz-Thompson(recency=30.0,delta=0.20)",HT,30.0,0.2,10,20,169,10000,,yes,0.035,0.9111475905555232
6409,0.49445420037639437,1.0392700661823828,0.5448158658059885,"Horvitz-Thompson(recency=30.0,delta=0.20)",HT,30.0,0.2,10,20,169,10000,,yes,0.035,0.9111475905555232
6410,0.4579629214228508,1.1995466033906945,0.7415836819678437,"Horvitz-Thompson(recency=30.0,delta=0.20)",HT,30.0,0.2,10,20,169,10000,,yes,0.035,0.9111475905555232
6411,0.5548421557983662,1.149007890313214,0.5941657345148478,"Horvitz-Thompson(recency=30.0,delta=0.20)",HT,30.0,0.2,10,20,169,10000,,yes,0.035,0.9111475905555232
6412,0.48873137025887964,1.0760138858265795,0.5872825155677,"Horvitz-Thompson(recency=30.0,delta=0.20)",HT,30.0,0.2,10,20,169,10000,,yes,0.035,0.9111475905555232
6413,0.5190184212244294,0.9993691144617269,0.4803506932372975,"Horvitz-Thompson(recency=30.0,delta=0.20)",HT,30.0,0.2,10,20,169,10000,,yes,0.035,0.9111475905555232
6414,0.5167976103275357,1.0968337520861948,0.5800361417586591,"Horvitz-Thompson(recency=30.0,delta=0.20)",HT,30.0,0.2,10,20,169,10000,,yes,0.035,0.9111475905555232
6415,0.5467324385278082,1.0319770170070748,0.4852445784792666,"Horvitz-Thompson(recency=30.0,delta=0.20)",HT,30.0,0.2,10,20,169,10000,,yes,0.035,0.9111475905555232
6416,0.5194963024269057,1.1332964454293426,0.6138001430024369,"Horvitz-Thompson(recency=30.0,delta=0.20)",HT,30.0,0.2,10,20,169,10000,,yes,0.035,0.9111475905555232
6417,0.49068114537628155,1.0936560211429245,0.6029748757666429,"Horvitz-Thompson(recency=30.0,delta=0.20)",HT,30.0,0.2,10,20,169,10000,,yes,0.035,0.9111475905555232
6418,0.4617450477598359,1.0589986449658968,0.5972535972060609,"Horvitz-Thompson(recency=30.0,delta=0.20)",HT,30.0,0.2,10,20,169,10000,,yes,0.035,0.9111475905555232
6419,0.5269578667929602,1.15108530679464,0.6241274400016799,"Horvitz-Thompson(recency=30.0,delta=0.20)",HT,30.0,0.2,10,20,169,10000,,yes,0.035,0.9111475905555232
6420,0.4963730589443173,1.205148486277211,0.7087754273328937,"Horvitz-Thompson(recency=30.0,delta=0.20)",HT,30.0,0.2,10,20,169,10000,,yes,0.035,0.9111475905555232
6421,0.48991340572976627,1.375187281830313,0.8852738761005468,"Horvitz-Thompson(recency=30.0,delta=0.20)",HT,30.0,0.2,10,20,169,10000,,yes,0.035,0.9111475905555232
6422,0.4621571255405476,1.160354784308935,0.6981976587683874,"Horvitz-Thompson(recency=30.0,delta=0.20)",HT,30.0,0.2,10,20,169,10000,,yes,0.035,0.9111475905555232
6423,0.5110358256530937,1.1794192771403114,0.6683834514872177,"Horvitz-Thompson(recency=30.0,delta=0.20)",HT,30.0,0.2,10,20,169,10000,,yes,0.035,0.9111475905555232
6424,0.5045850712893527,1.1998041572968818,0.6952190860075291,"Horvitz-Thompson(recency=30.0,delta=0.20)",HT,30.0,0.2,10,20,169,10000,,yes,0.035,0.9111475905555232
6425,0.5643867031694365,1.1737871139475822,0.6094004107781457,"Horvitz-Thompson(recency=30.0,delta=0.20)",HT,30.0,0.2,10,20,169,10000,,yes,0.035,0.9111475905555232
6426,0.4637273014949923,1.0668366752617426,0.6031093737667503,"Horvitz-Thompson(recency=30.0,delta=0.20)",HT,30.0,0.2,10,20,169,10000,,yes,0.035,0.9111475905555232
6427,0.5446543469974515,0.9933294955632499,0.4486751485657984,"Horvitz-Thompson(recency=30.0,delta=0.20)",HT,30.0,0.2,10,20,169,10000,,yes,0.035,0.9111475905555232
6428,0.43970879515568406,1.1717922104540288,0.7320834152983448,"Horvitz-Thompson(recency=30.0,delta=0.20)",HT,30.0,0.2,10,20,169,10000,,yes,0.035,0.9111475905555232
6429,0.597907950192323,1.1836250889879196,0.5857171387955966,"Horvitz-Thompson(recency=30.0,delta=0.20)",HT,30.0,0.2,10,20,169,10000,,yes,0.035,0.9111475905555232
6430,0.5540344595111301,0.9443177718581726,0.3902833123470425,"Horvitz-Thompson(recency=30.0,delta=0.20)",HT,30.0,0.2,10,20,169,10000,,yes,0.035,0.9111475905555232
6431,0.535802659373386,1.2782718742477344,0.7424692148743484,"Horvitz-Thompson(recency=30.0,delta=0.20)",HT,30.0,0.2,10,20,169,10000,,yes,0.035,0.9111475905555232
6432,0.49058648600297594,1.158834497105397,0.668248011102421,"Horvitz-Thompson(recency=30.0,delta=0.20)",HT,30.0,0.2,10,20,169,10000,,yes,0.035,0.9111475905555232
6433,0.5338724894655303,1.1147496721758015,0.5808771827102711,"Horvitz-Thompson(recency=30.0,delta=0.20)",HT,30.0,0.2,10,20,169,10000,,yes,0.035,0.9111475905555232
6434,0.4919566607853092,1.151612271401092,0.6596556106157827,"Horvitz-Thompson(recency=30.0,delta=0.20)",HT,30.0,0.2,10,20,169,10000,,yes,0.035,0.9111475905555232
6435,0.47425954028441814,1.2282680133305426,0.7540084730461245,"Horvitz-Thompson(recency=30.0,delta=0.20)",HT,30.0,0.2,10,20,169,10000,,yes,0.035,0.9111475905555232
6436,0.44646314741539034,1.1024206692328584,0.655957521817468,"Horvitz-Thompson(recency=30.0,delta=0.20)",HT,30.0,0.2,10,20,169,10000,,yes,0.035,0.9111475905555232
6437,0.4516621125552422,1.0278060889557785,0.5761439764005363,"Horvitz-Thompson(recency=30.0,delta=0.20)",HT,30.0,0.2,10,20,169,10000,,yes,0.035,0.9111475905555232
6438,0.5244587198830113,1.1728899609687515,0.6484312410857402,"Horvitz-Thompson(recency=30.0,delta=0.20)",HT,30.0,0.2,10,20,169,10000,,yes,0.035,0.9111475905555232
6439,0.5267541772197641,1.0680678139574387,0.5413136367376745,"Horvitz-Thompson(recency=30.0,delta=0.20)",HT,30.0,0.2,10,20,169,10000,,yes,0.035,0.9111475905555232
6440,0.4864575195773373,0.9371166799843558,0.4506591604070185,"Horvitz-Thompson(recency=30.0,delta=0.20)",HT,30.0,0.2,10,20,169,10000,,yes,0.035,0.9111475905555232
6441,0.5412979515234108,1.146404016089405,0.6051060645659941,"Horvitz-Thompson(recency=30.0,delta=0.20)",HT,30.0,0.2,10,20,169,10000,,yes,0.035,0.9111475905555232
6442,0.4919391943738657,1.0093963291922174,0.5174571348183518,"Horvitz-Thompson(recency=30.0,delta=0.20)",HT,30.0,0.2,10,20,169,10000,,yes,0.035,0.9111475905555232
6443,0.5784999544270533,1.0523588188367383,0.47385886440968505,"Horvitz-Thompson(recency=30.0,delta=0.20)",HT,30.0,0.2,10,20,169,10000,,yes,0.035,0.9111475905555232
6444,0.5334273478729382,1.0727709118183228,0.5393435639453846,"Horvitz-Thompson(recency=30.0,delta=0.20)",HT,30.0,0.2,10,20,169,10000,,yes,0.035,0.9111475905555232
6445,0.5641291329664182,1.2660343504269542,0.701905217460536,"Horvitz-Thompson(recency=30.0,delta=0.20)",HT,30.0,0.2,10,20,169,10000,,yes,0.035,0.9111475905555232
6446,0.5378875701484632,1.038357339693482,0.5004697695450188,"Horvitz-Thompson(recency=30.0,delta=0.20)",HT,30.0,0.2,10,20,169,10000,,yes,0.035,0.9111475905555232
6447,0.5354216927656446,1.1882904407123285,0.6528687479466839,"Horvitz-Thompson(recency=30.0,delta=0.20)",HT,30.0,0.2,10,20,169,10000,,yes,0.035,0.9111475905555232
6448,0.4815855590796185,1.2616499821256009,0.7800644230459823,"Horvitz-Thompson(recency=30.0,delta=0.20)",HT,30.0,0.2,10,20,169,10000,,yes,0.035,0.9111475905555232
6449,0.5630171705147425,1.0510774062469046,0.48806023573216206,"Horvitz-Thompson(recency=30.0,delta=0.20)",HT,30.0,0.2,10,20,169,10000,,yes,0.035,0.9111475905555232
6450,0.45455124843051803,1.1315785261138633,0.6770272776833453,"Horvitz-Thompson(recency=30.0,delta=0.20)",HT,30.0,0.2,10,20,169,10000,,yes,0.035,0.9111475905555232
6451,0.494883040991177,1.287451076184902,0.792568035193725,"Horvitz-Thompson(recency=30.0,delta=0.20)",HT,30.0,0.2,10,20,169,10000,,yes,0.035,0.9111475905555232
6452,0.44656412779542043,1.1333190058161287,0.6867548780207082,"Horvitz-Thompson(recency=30.0,delta=0.20)",HT,30.0,0.2,10,20,169,10000,,yes,0.035,0.9111475905555232
6453,0.5063920705853255,1.14344016284382,0.6370480922584945,"Horvitz-Thompson(recency=30.0,delta=0.20)",HT,30.0,0.2,10,20,169,10000,,yes,0.035,0.9111475905555232
6454,0.5960293672616052,1.0390441232711418,0.44301475600953666,"Horvitz-Thompson(recency=30.0,delta=0.20)",HT,30.0,0.2,10,20,169,10000,,yes,0.035,0.9111475905555232
6455,0.536842213028385,0.9559247154242229,0.4190825023958379,"Horvitz-Thompson(recency=30.0,delta=0.20)",HT,30.0,0.2,10,20,169,10000,,yes,0.035,0.9111475905555232
6456,0.5014736516825394,1.226192950399882,0.7247192987173426,"Horvitz-Thompson(recency=30.0,delta=0.20)",HT,30.0,0.2,10,20,169,10000,,yes,0.035,0.9111475905555232
6457,0.5403960002221317,0.944615882216587,0.40421988199445524,"Horvitz-Thompson(recency=30.0,delta=0.20)",HT,30.0,0.2,10,20,169,10000,,yes,0.035,0.9111475905555232
6458,0.48559876675586866,1.2047178387287156,0.719119071972847,"Horvitz-Thompson(recency=30.0,delta=0.20)",HT,30.0,0.2,10,20,169,10000,,yes,0.035,0.9111475905555232
6459,0.5096094174519252,1.110107781842432,0.6004983643905069,"Horvitz-Thompson(recency=30.0,delta=0.20)",HT,30.0,0.2,10,20,169,10000,,yes,0.035,0.9111475905555232
6460,0.47707056812825144,1.1314642160974842,0.6543936479692327,"Horvitz-Thompson(recency=30.0,delta=0.20)",HT,30.0,0.2,10,20,169,10000,,yes,0.035,0.9111475905555232
6461,0.5059677638739681,1.1046558699486517,0.5986881060746836,"Horvitz-Thompson(recency=30.0,delta=0.20)",HT,30.0,0.2,10,20,169,10000,,yes,0.035,0.9111475905555232
6462,0.5323691902203831,1.1021800053106576,0.5698108150902745,"Horvitz-Thompson(recency=30.0,delta=0.20)",HT,30.0,0.2,10,20,169,10000,,yes,0.035,0.9111475905555232
6463,0.48882181548457704,1.2098094634268093,0.7209876479422322,"Horvitz-Thompson(recency=30.0,delta=0.20)",HT,30.0,0.2,10,20,169,10000,,yes,0.035,0.9111475905555232
6464,0.5806304325273874,1.115074663749649,0.5344442312222615,"Horvitz-Thompson(recency=30.0,delta=0.20)",HT,30.0,0.2,10,20,169,10000,,yes,0.035,0.9111475905555232
6465,0.5081470630594173,1.1296462715721192,0.6214992085127019,"Horvitz-Thompson(recency=30.0,delta=0.20)",HT,30.0,0.2,10,20,169,10000,,yes,0.035,0.9111475905555232
6466,0.525097337347967,1.3020120831892015,0.7769147458412344,"Horvitz-Thompson(recency=30.0,delta=0.20)",HT,30.0,0.2,10,20,169,10000,,yes,0.035,0.9111475905555232
6467,0.5169140709460974,1.1632450893948962,0.6463310184487988,"Horvitz-Thompson(recency=30.0,delta=0.20)",HT,30.0,0.2,10,20,169,10000,,yes,0.035,0.9111475905555232
6468,0.4855341757698308,1.156803051954027,0.6712688761841963,"Horvitz-Thompson(recency=30.0,delta=0.20)",HT,30.0,0.2,10,20,169,10000,,yes,0.035,0.9111475905555232
6469,0.4885695106451192,1.0792912101133316,0.5907216994682124,"Horvitz-Thompson(recency=30.0,delta=0.20)",HT,30.0,0.2,10,20,169,10000,,yes,0.035,0.9111475905555232
6470,0.4943518216487225,1.1178360577205253,0.6234842360718028,"Horvitz-Thompson(recency=30.0,delta=0.20)",HT,30.0,0.2,10,20,169,10000,,yes,0.035,0.9111475905555232
6471,0.49552714706083456,1.1545576647962354,0.6590305177354009,"Horvitz-Thompson(recency=30.0,delta=0.20)",HT,30.0,0.2,10,20,169,10000,,yes,0.035,0.9111475905555232
6472,0.46859645257262045,0.873150827913048,0.40455437534042754,"Horvitz-Thompson(recency=30.0,delta=0.20)",HT,30.0,0.2,10,20,169,10000,,yes,0.035,0.9111475905555232
6473,0.42464740882516117,1.1198512561539127,0.6952038473287515,"Horvitz-Thompson(recency=30.0,delta=0.20)",HT,30.0,0.2,10,20,169,10000,,yes,0.035,0.9111475905555232
6474,0.5204360156584907,1.117435825322717,0.5969998096642263,"Horvitz-Thompson(recency=30.0,delta=0.20)",HT,30.0,0.2,10,20,169,10000,,yes,0.035,0.9111475905555232
6475,0.4865574689770962,1.0880944051337507,0.6015369361566545,"Horvitz-Thompson(recency=30.0,delta=0.20)",HT,30.0,0.2,10,20,169,10000,,yes,0.035,0.9111475905555232
6476,0.5259499406628961,1.2721862246005669,0.7462362839376707,"Horvitz-Thompson(recency=30.0,delta=0.20)",HT,30.0,0.2,10,20,169,10000,,yes,0.035,0.9111475905555232
6477,0.589557851524915,1.1955799141780477,0.6060220626531326,"Horvitz-Thompson(recency=30.0,delta=0.20)",HT,30.0,0.2,10,20,169,10000,,yes,0.035,0.9111475905555232
6478,0.3876068640633344,1.4765126121955336,1.0889057481321993,"Horvitz-Thompson(recency=30.0,delta=0.20)",HT,30.0,0.2,10,20,169,10000,,yes,0.035,0.9111475905555232
6479,0.5024089749529338,1.1229790730802516,0.6205700981273178,"Horvitz-Thompson(recency=30.0,delta=0.20)",HT,30.0,0.2,10,20,169,10000,,yes,0.035,0.9111475905555232
6480,0.5476991011181269,0.9377312800105708,0.3900321788924439,"Horvitz-Thompson(recency=30.0,delta=0.20)",HT,30.0,0.2,10,20,169,10000,,yes,0.035,0.9111475905555232
6481,0.49364876048016265,1.1800531542769819,0.6864043937968192,"Horvitz-Thompson(recency=30.0,delta=0.20)",HT,30.0,0.2,10,20,169,10000,,yes,0.035,0.9111475905555232
6482,0.4844899661516563,1.115064334712304,0.6305743685606476,"Horvitz-Thompson(recency=30.0,delta=0.20)",HT,30.0,0.2,10,20,169,10000,,yes,0.035,0.9111475905555232
6483,0.5840889119814024,1.1331204907044778,0.5490315787230754,"Horvitz-Thompson(recency=30.0,delta=0.20)",HT,30.0,0.2,10,20,169,10000,,yes,0.035,0.9111475905555232
6484,0.5667624451170751,1.0501727140689505,0.48341026895187544,"Horvitz-Thompson(recency=30.0,delta=0.20)",HT,30.0,0.2,10,20,169,10000,,yes,0.035,0.9111475905555232
6485,0.667076774901692,0.9086276298404804,0.24155085493878836,"Horvitz-Thompson(recency=30.0,delta=0.20)",HT,30.0,0.2,10,20,169,10000,,yes,0.035,0.9111475905555232
6486,0.5096465312357126,1.1154103143937764,0.6057637831580638,"Horvitz-Thompson(recency=30.0,delta=0.20)",HT,30.0,0.2,10,20,169,10000,,yes,0.035,0.9111475905555232
6487,0.5256286610861459,1.0550268072888394,0.5293981462026934,"Horvitz-Thompson(recency=30.0,delta=0.20)",HT,30.0,0.2,10,20,169,10000,,yes,0.035,0.9111475905555232
6488,0.5621128380082442,1.099246931932439,0.5371340939241948,"Horvitz-Thompson(recency=30.0,delta=0.20)",HT,30.0,0.2,10,20,169,10000,,yes,0.035,0.9111475905555232
6489,0.5831088086050724,1.1602553869286585,0.5771465783235861,"Horvitz-Thompson(recency=30.0,delta=0.20)",HT,30.0,0.2,10,20,169,10000,,yes,0.035,0.9111475905555232
6490,0.49889297395438187,1.1628488670660875,0.6639558931117056,"Horvitz-Thompson(recency=30.0,delta=0.20)",HT,30.0,0.2,10,20,169,10000,,yes,0.035,0.9111475905555232
6491,0.5464627686820869,0.9431735234815507,0.3967107547994638,"Horvitz-Thompson(recency=30.0,delta=0.20)",HT,30.0,0.2,10,20,169,10000,,yes,0.035,0.9111475905555232
6492,0.518188000541037,0.9402998291924785,0.4221118286514415,"Horvitz-Thompson(recency=30.0,delta=0.20)",HT,30.0,0.2,10,20,169,10000,,yes,0.035,0.9111475905555232
6493,0.44722680247237934,1.1083925138353041,0.6611657113629248,"Horvitz-Thompson(recency=30.0,delta=0.20)",HT,30.0,0.2,10,20,169,10000,,yes,0.035,0.9111475905555232
6494,0.4884350944518312,0.906426248708431,0.41799115425659983,"Horvitz-Thompson(recency=30.0,delta=0.20)",HT,30.0,0.2,10,20,169,10000,,yes,0.035,0.9111475905555232
6495,0.5840723777200482,0.9862367608976657,0.4021643831776175,"Horvitz-Thompson(recency=30.0,delta=0.20)",HT,30.0,0.2,10,20,169,10000,,yes,0.035,0.9111475905555232
6496,0.4565522775985564,1.1227203914494044,0.666168113850848,"Horvitz-Thompson(recency=30.0,delta=0.20)",HT,30.0,0.2,10,20,169,10000,,yes,0.035,0.9111475905555232
6497,0.5195571479022443,1.226708472797285,0.7071513248950407,"Horvitz-Thompson(recency=30.0,delta=0.20)",HT,30.0,0.2,10,20,169,10000,,yes,0.035,0.9111475905555232
6498,0.5373474059495756,0.8974276849039828,0.3600802789544072,"Horvitz-Thompson(recency=30.0,delta=0.20)",HT,30.0,0.2,10,20,169,10000,,yes,0.035,0.9111475905555232
6499,0.5452978630753649,1.0821246297182066,0.5368267666428417,"Horvitz-Thompson(recency=30.0,delta=0.20)",HT,30.0,0.2,10,20,169,10000,,yes,0.035,0.9111475905555232
6500,0.5281106397184544,0.909194733186343,0.38108409346788863,"Horvitz-Thompson(recency=30.0,delta=0.20)",HT,30.0,0.2,10,20,169,10000,,yes,0.035,0.9111475905555232
6501,0.4875085573260961,1.2091580710519967,0.7216495137259006,"Horvitz-Thompson(recency=30.0,delta=0.20)",HT,30.0,0.2,10,20,169,10000,,yes,0.035,0.9111475905555232
6502,0.48456937267561173,1.0498675699357192,0.5652981972601074,"Horvitz-Thompson(recency=30.0,delta=0.20)",HT,30.0,0.2,10,20,169,10000,,yes,0.035,0.9111475905555232
6503,0.4465636262493078,1.2093698493997571,0.7628062231504493,"Horvitz-Thompson(recency=30.0,delta=0.20)",HT,30.0,0.2,10,20,169,10000,,yes,0.035,0.9111475905555232
6504,0.4993519149499141,1.1648626924868233,0.6655107775369091,"Horvitz-Thompson(recency=30.0,delta=0.20)",HT,30.0,0.2,10,20,169,10000,,yes,0.035,0.9111475905555232
6505,0.6261387750800944,1.040239218953208,0.4141004438731135,"Horvitz-Thompson(recency=30.0,delta=0.20)",HT,30.0,0.2,10,20,169,10000,,yes,0.035,0.9111475905555232
6506,0.5070908598989678,1.1686954063408326,0.6616045464418647,"Horvitz-Thompson(recency=30.0,delta=0.20)",HT,30.0,0.2,10,20,169,10000,,yes,0.035,0.9111475905555232
6507,0.45853285298952695,0.9982183747288399,0.539685521739313,"Horvitz-Thompson(recency=30.0,delta=0.20)",HT,30.0,0.2,10,20,169,10000,,yes,0.035,0.9111475905555232
6508,0.5029716166944116,1.0111170092490582,0.5081453925546466,"Horvitz-Thompson(recency=30.0,delta=0.20)",HT,30.0,0.2,10,20,169,10000,,yes,0.035,0.9111475905555232
6509,0.42967579498339414,1.1925173724241855,0.7628415774407914,"Horvitz-Thompson(recency=30.0,delta=0.20)",HT,30.0,0.2,10,20,169,10000,,yes,0.035,0.9111475905555232
6510,0.45881913819325115,1.0132154954491694,0.5543963572559183,"Horvitz-Thompson(recency=30.0,delta=0.20)",HT,30.0,0.2,10,20,169,10000,,yes,0.035,0.9111475905555232
6511,0.5109569186211094,1.1693298855096828,0.6583729668885734,"Horvitz-Thompson(recency=30.0,delta=0.20)",HT,30.0,0.2,10,20,169,10000,,yes,0.035,0.9111475905555232
6512,0.5040127133132019,1.236560172854517,0.7325474595413152,"Horvitz-Thompson(recency=30.0,delta=0.20)",HT,30.0,0.2,10,20,169,10000,,yes,0.035,0.9111475905555232
6513,0.46390882499722397,1.0883504523785932,0.6244416273813692,"Horvitz-Thompson(recency=30.0,delta=0.20)",HT,30.0,0.2,10,20,169,10000,,yes,0.035,0.9111475905555232
6514,0.4991973316108238,1.3071359946795904,0.8079386630687666,"Horvitz-Thompson(recency=30.0,delta=0.20)",HT,30.0,0.2,10,20,169,10000,,yes,0.035,0.9111475905555232
6515,0.4788155899976912,1.2024724413054528,0.7236568513077617,"Horvitz-Thompson(recency=30.0,delta=0.20)",HT,30.0,0.2,10,20,169,10000,,yes,0.035,0.9111475905555232
6516,0.5220445094214669,1.1142662968120685,0.5922217873906016,"Horvitz-Thompson(recency=30.0,delta=0.20)",HT,30.0,0.2,10,20,169,10000,,yes,0.035,0.9111475905555232
6517,0.5437263782452666,0.9670891781779475,0.4233627999326809,"Horvitz-Thompson(recency=30.0,delta=0.20)",HT,30.0,0.2,10,20,169,10000,,yes,0.035,0.9111475905555232
6518,0.5184265193096147,1.1608299627945977,0.642403443484983,"Horvitz-Thompson(recency=30.0,delta=0.20)",HT,30.0,0.2,10,20,169,10000,,yes,0.035,0.9111475905555232
6519,0.44295304241364913,1.3356539359558173,0.8927008935421681,"Horvitz-Thompson(recency=30.0,delta=0.20)",HT,30.0,0.2,10,20,169,10000,,yes,0.035,0.9111475905555232
6520,0.519494529169037,1.1499440510298993,0.6304495218608622,"Horvitz-Thompson(recency=30.0,delta=0.20)",HT,30.0,0.2,10,20,169,10000,,yes,0.035,0.9111475905555232
6521,0.6311120004237062,1.0316665582694902,0.400554557845784,"Horvitz-Thompson(recency=30.0,delta=0.20)",HT,30.0,0.2,10,20,169,10000,,yes,0.035,0.9111475905555232
6522,0.6025286604707764,0.9280062043196815,0.32547754384890515,"Horvitz-Thompson(recency=30.0,delta=0.20)",HT,30.0,0.2,10,20,169,10000,,yes,0.035,0.9111475905555232
6523,0.5001474557178702,0.9861322588452631,0.4859848031273929,"Horvitz-Thompson(recency=30.0,delta=0.20)",HT,30.0,0.2,10,20,169,10000,,yes,0.035,0.9111475905555232
6524,0.47270871319143126,1.122500942107024,0.6497922289155927,"Horvitz-Thompson(recency=30.0,delta=0.20)",HT,30.0,0.2,10,20,169,10000,,yes,0.035,0.9111475905555232
6525,0.43349196904387716,1.19690365418833,0.7634116851444528,"Horvitz-Thompson(recency=30.0,delta=0.20)",HT,30.0,0.2,10,20,169,10000,,yes,0.035,0.9111475905555232
6526,0.5639849065886569,1.146026589273217,0.5820416826845602,"Horvitz-Thompson(recency=30.0,delta=0.20)",HT,30.0,0.2,10,20,169,10000,,yes,0.035,0.9111475905555232
6527,0.5264227461009993,1.0883898314295557,0.5619670853285564,"Horvitz-Thompson(recency=30.0,delta=0.20)",HT,30.0,0.2,10,20,169,10000,,yes,0.035,0.9111475905555232
6528,0.47785783850485425,1.3098289667757237,0.8319711282708695,"Horvitz-Thompson(recency=30.0,delta=0.20)",HT,30.0,0.2,10,20,169,10000,,yes,0.035,0.9111475905555232
6529,0.5208004890095518,1.1518384826982442,0.6310379936886924,"Horvitz-Thompson(recency=30.0,delta=0.20)",HT,30.0,0.2,10,20,169,10000,,yes,0.035,0.9111475905555232
6530,0.5404558924416586,1.1130844451008592,0.5726285526592007,"Horvitz-Thompson(recency=30.0,delta=0.20)",HT,30.0,0.2,10,20,169,10000,,yes,0.035,0.9111475905555232
6531,0.5543893181943608,1.2142605743832744,0.6598712561889136,"Horvitz-Thompson(recency=30.0,delta=0.20)",HT,30.0,0.2,10,20,169,10000,,yes,0.035,0.9111475905555232
6532,0.5311494294851238,1.0384550054414987,0.5073055759563749,"Horvitz-Thompson(recency=30.0,delta=0.20)",HT,30.0,0.2,10,20,169,10000,,yes,0.035,0.9111475905555232
6533,0.5240459462179533,0.9416401843596242,0.41759423814167085,"Horvitz-Thompson(recency=30.0,delta=0.20)",HT,30.0,0.2,10,20,169,10000,,yes,0.035,0.9111475905555232
6534,0.5782019042144751,1.0077339174229414,0.42953201320846623,"Horvitz-Thompson(recency=30.0,delta=0.20)",HT,30.0,0.2,10,20,169,10000,,yes,0.035,0.9111475905555232
6535,0.5281765213770174,1.164760920840089,0.6365843994630717,"Horvitz-Thompson(recency=30.0,delta=0.20)",HT,30.0,0.2,10,20,169,10000,,yes,0.035,0.9111475905555232
6536,0.5647654289057713,1.1236997446631785,0.5589343157574072,"Horvitz-Thompson(recency=30.0,delta=0.20)",HT,30.0,0.2,10,20,169,10000,,yes,0.035,0.9111475905555232
6537,0.4962531152677164,1.1987174582478666,0.7024643429801501,"Horvitz-Thompson(recency=30.0,delta=0.20)",HT,30.0,0.2,10,20,169,10000,,yes,0.035,0.9111475905555232
6538,0.5314478433653055,1.0261934975913356,0.4947456542260301,"Horvitz-Thompson(recency=30.0,delta=0.20)",HT,30.0,0.2,10,20,169,10000,,yes,0.035,0.9111475905555232
6539,0.5078858596158143,0.9537328645206332,0.4458470049048189,"Horvitz-Thompson(recency=30.0,delta=0.20)",HT,30.0,0.2,10,20,169,10000,,yes,0.035,0.9111475905555232
6540,0.5260237219268837,1.032441762878269,0.5064180409513852,"Horvitz-Thompson(recency=30.0,delta=0.20)",HT,30.0,0.2,10,20,169,10000,,yes,0.035,0.9111475905555232
6541,0.46784420213562605,1.1515263156753452,0.6836821135397192,"Horvitz-Thompson(recency=30.0,delta=0.20)",HT,30.0,0.2,10,20,169,10000,,yes,0.035,0.9111475905555232
6542,0.5428913092528571,1.3395210386048506,0.7966297293519935,"Horvitz-Thompson(recency=30.0,delta=0.20)",HT,30.0,0.2,10,20,169,10000,,yes,0.035,0.9111475905555232
6543,0.4890738088379218,1.0731227702155597,0.5840489613776378,"Horvitz-Thompson(recency=30.0,delta=0.20)",HT,30.0,0.2,10,20,169,10000,,yes,0.035,0.9111475905555232
6544,0.5183008478102443,0.9750201531848086,0.4567193053745643,"Horvitz-Thompson(recency=30.0,delta=0.20)",HT,30.0,0.2,10,20,169,10000,,yes,0.035,0.9111475905555232
6545,0.5005216853271073,1.1724007452550174,0.6718790599279101,"Horvitz-Thompson(recency=30.0,delta=0.20)",HT,30.0,0.2,10,20,169,10000,,yes,0.035,0.9111475905555232
6546,0.5519845677029259,1.0925695780062217,0.5405850103032958,"Horvitz-Thompson(recency=30.0,delta=0.20)",HT,30.0,0.2,10,20,169,10000,,yes,0.035,0.9111475905555232
6547,0.482234649198478,1.0126659541477698,0.5304313049492918,"Horvitz-Thompson(recency=30.0,delta=0.20)",HT,30.0,0.2,10,20,169,10000,,yes,0.035,0.9111475905555232
6548,0.5733266513469866,1.0274214507807067,0.4540947994337201,"Horvitz-Thompson(recency=30.0,delta=0.20)",HT,30.0,0.2,10,20,169,10000,,yes,0.035,0.9111475905555232
6549,0.519437785063949,1.1312907086993251,0.6118529236353761,"Horvitz-Thompson(recency=30.0,delta=0.20)",HT,30.0,0.2,10,20,169,10000,,yes,0.035,0.9111475905555232
6550,0.49725800557614513,1.1458136368686689,0.6485556312925238,"Horvitz-Thompson(recency=30.0,delta=0.20)",HT,30.0,0.2,10,20,169,10000,,yes,0.035,0.9111475905555232
6551,0.5287564993235815,1.1614302028759913,0.6326737035524098,"Horvitz-Thompson(recency=30.0,delta=0.20)",HT,30.0,0.2,10,20,169,10000,,yes,0.035,0.9111475905555232
6552,0.5641089819672045,1.2645789299911137,0.7004699480239092,"Horvitz-Thompson(recency=30.0,delta=0.20)",HT,30.0,0.2,10,20,169,10000,,yes,0.035,0.9111475905555232
6553,0.5881909470948656,0.9425129245473082,0.35432197745244254,"Horvitz-Thompson(recency=30.0,delta=0.20)",HT,30.0,0.2,10,20,169,10000,,yes,0.035,0.9111475905555232
6554,0.46326763114737873,1.1510486300395573,0.6877809988921786,"Horvitz-Thompson(recency=30.0,delta=0.20)",HT,30.0,0.2,10,20,169,10000,,yes,0.035,0.9111475905555232
6555,0.5833131766971528,1.356018148953515,0.7727049722563623,"Horvitz-Thompson(recency=30.0,delta=0.20)",HT,30.0,0.2,10,20,169,10000,,yes,0.035,0.9111475905555232
6556,0.5193956763557969,0.9554986864465814,0.43610301009078456,"Horvitz-Thompson(recency=30.0,delta=0.20)",HT,30.0,0.2,10,20,169,10000,,yes,0.035,0.9111475905555232
6557,0.5600398222086388,1.1041052392303587,0.54406541702172,"Horvitz-Thompson(recency=30.0,delta=0.20)",HT,30.0,0.2,10,20,169,10000,,yes,0.035,0.9111475905555232
6558,0.4595280719715542,1.1784718181159897,0.7189437461444355,"Horvitz-Thompson(recency=30.0,delta=0.20)",HT,30.0,0.2,10,20,169,10000,,yes,0.035,0.9111475905555232
6559,0.5550068779603088,1.0749015887190638,0.519894710758755,"Horvitz-Thompson(recency=30.0,delta=0.20)",HT,30.0,0.2,10,20,169,10000,,yes,0.035,0.9111475905555232
6560,0.5653199714414909,1.1291838970147698,0.5638639255732789,"Horvitz-Thompson(recency=30.0,delta=0.20)",HT,30.0,0.2,10,20,169,10000,,yes,0.035,0.9111475905555232
6561,0.5574976630527556,0.9436038411586121,0.38610617810585646,"Horvitz-Thompson(recency=30.0,delta=0.20)",HT,30.0,0.2,10,20,169,10000,,yes,0.035,0.9111475905555232
6562,0.5360029275707496,1.2607586224505556,0.724755694879806,"Horvitz-Thompson(recency=30.0,delta=0.20)",HT,30.0,0.2,10,20,169,10000,,yes,0.035,0.9111475905555232
6563,0.5445138368740277,1.0292092549980856,0.4846954181240579,"Horvitz-Thompson(recency=30.0,delta=0.20)",HT,30.0,0.2,10,20,169,10000,,yes,0.035,0.9111475905555232
6564,0.4931511186053775,1.1432882239128617,0.6501371053074841,"Horvitz-Thompson(recency=30.0,delta=0.20)",HT,30.0,0.2,10,20,169,10000,,yes,0.035,0.9111475905555232
6565,0.4814351043747945,1.1555185788191,0.6740834744443056,"Horvitz-Thompson(recency=30.0,delta=0.20)",HT,30.0,0.2,10,20,169,10000,,yes,0.035,0.9111475905555232
6566,0.5224367255625688,1.082231784534542,0.5597950589719731,"Horvitz-Thompson(recency=30.0,delta=0.20)",HT,30.0,0.2,10,20,169,10000,,yes,0.035,0.9111475905555232
6567,0.563957073504675,1.0544215303391158,0.49046445683444073,"Horvitz-Thompson(recency=30.0,delta=0.20)",HT,30.0,0.2,10,20,169,10000,,yes,0.035,0.9111475905555232
6568,0.6818362927554871,1.0147844186839656,0.33294812592847856,"Horvitz-Thompson(recency=30.0,delta=0.20)",HT,30.0,0.2,10,20,169,10000,,yes,0.035,0.9111475905555232
6569,0.5310268369733688,1.2454360788249026,0.7144092418515338,"Horvitz-Thompson(recency=30.0,delta=0.20)",HT,30.0,0.2,10,20,169,10000,,yes,0.035,0.9111475905555232
6570,0.5257488362839793,1.2917744526884456,0.7660256164044663,"Horvitz-Thompson(recency=30.0,delta=0.20)",HT,30.0,0.2,10,20,169,10000,,yes,0.035,0.9111475905555232
6571,0.4722705550598007,1.1292390846615337,0.6569685296017329,"Horvitz-Thompson(recency=30.0,delta=0.20)",HT,30.0,0.2,10,20,169,10000,,yes,0.035,0.9111475905555232
6572,0.6085152467130419,1.0663561482960173,0.4578409015829754,"Horvitz-Thompson(recency=30.0,delta=0.20)",HT,30.0,0.2,10,20,169,10000,,yes,0.035,0.9111475905555232
6573,0.5658379554794778,1.0540048874384302,0.48816693195895244,"Horvitz-Thompson(recency=30.0,delta=0.20)",HT,30.0,0.2,10,20,169,10000,,yes,0.035,0.9111475905555232
6574,0.5054692860523269,0.8849207522654996,0.3794514662131727,"Horvitz-Thompson(recency=30.0,delta=0.20)",HT,30.0,0.2,10,20,169,10000,,yes,0.035,0.9111475905555232
6575,0.46832343424184325,1.0605306067657838,0.5922071725239406,"Horvitz-Thompson(recency=30.0,delta=0.20)",HT,30.0,0.2,10,20,169,10000,,yes,0.035,0.9111475905555232
6576,0.5595873954266459,1.2338842533836716,0.6742968579570257,"Horvitz-Thompson(recency=30.0,delta=0.20)",HT,30.0,0.2,10,20,169,10000,,yes,0.035,0.9111475905555232
6577,0.5412804665733881,1.033885117852192,0.4926046512788038,"Horvitz-Thompson(recency=30.0,delta=0.20)",HT,30.0,0.2,10,20,169,10000,,yes,0.035,0.9111475905555232
6578,0.5577280281348532,1.1238555813368263,0.566127553201973,"Horvitz-Thompson(recency=30.0,delta=0.20)",HT,30.0,0.2,10,20,169,10000,,yes,0.035,0.9111475905555232
6579,0.5639027486886833,0.9801807665698439,0.4162780178811606,"Horvitz-Thompson(recency=30.0,delta=0.20)",HT,30.0,0.2,10,20,169,10000,,yes,0.035,0.9111475905555232
6580,0.5737671299449907,0.982238448648273,0.40847131870328235,"Horvitz-Thompson(recency=30.0,delta=0.20)",HT,30.0,0.2,10,20,169,10000,,yes,0.035,0.9111475905555232
6581,0.5431248509876433,0.9941784772922257,0.45105362630458246,"Horvitz-Thompson(recency=30.0,delta=0.20)",HT,30.0,0.2,10,20,169,10000,,yes,0.035,0.9111475905555232
6582,0.42613779016124215,1.0756484159201858,0.6495106257589436,"Horvitz-Thompson(recency=30.0,delta=0.20)",HT,30.0,0.2,10,20,169,10000,,yes,0.035,0.9111475905555232
6583,0.5122578038660806,1.087064761446925,0.5748069575808445,"Horvitz-Thompson(recency=30.0,delta=0.20)",HT,30.0,0.2,10,20,169,10000,,yes,0.035,0.9111475905555232
6584,0.4452010735379552,1.2555375869849401,0.8103365134469849,"Horvitz-Thompson(recency=30.0,delta=0.20)",HT,30.0,0.2,10,20,169,10000,,yes,0.035,0.9111475905555232
6585,0.5486602110363401,0.9529569557713287,0.40429674473498856,"Horvitz-Thompson(recency=30.0,delta=0.20)",HT,30.0,0.2,10,20,169,10000,,yes,0.035,0.9111475905555232
6586,0.5798849301753468,1.1440738079124497,0.5641888777371029,"Horvitz-Thompson(recency=30.0,delta=0.20)",HT,30.0,0.2,10,20,169,10000,,yes,0.035,0.9111475905555232
6587,0.4740796914296884,1.2891030522623381,0.8150233608326497,"Horvitz-Thompson(recency=30.0,delta=0.20)",HT,30.0,0.2,10,20,169,10000,,yes,0.035,0.9111475905555232
6588,0.4177223416873,1.1903318691648128,0.7726095274775129,"Horvitz-Thompson(recency=30.0,delta=0.20)",HT,30.0,0.2,10,20,169,10000,,yes,0.035,0.9111475905555232
6589,0.4603237494996474,1.25646123051786,0.7961374810182126,"Horvitz-Thompson(recency=30.0,delta=0.20)",HT,30.0,0.2,10,20,169,10000,,yes,0.035,0.9111475905555232
6590,0.5517683738454006,1.027119262129294,0.4753508882838934,"Horvitz-Thompson(recency=30.0,delta=0.20)",HT,30.0,0.2,10,20,169,10000,,yes,0.035,0.9111475905555232
6591,0.4771463382228235,1.3663531985380224,0.8892068603151989,"Horvitz-Thompson(recency=30.0,delta=0.20)",HT,30.0,0.2,10,20,169,10000,,yes,0.035,0.9111475905555232
6592,0.5856560131299551,0.941778344309499,0.35612233117954395,"Horvitz-Thompson(recency=30.0,delta=0.20)",HT,30.0,0.2,10,20,169,10000,,yes,0.035,0.9111475905555232
6593,0.5633484059772336,1.2303442771197655,0.6669958711425319,"Horvitz-Thompson(recency=30.0,delta=0.20)",HT,30.0,0.2,10,20,169,10000,,yes,0.035,0.9111475905555232
6594,0.4731968975193158,1.1405955979132498,0.667398700393934,"Horvitz-Thompson(recency=30.0,delta=0.20)",HT,30.0,0.2,10,20,169,10000,,yes,0.035,0.9111475905555232
6595,0.5006732622611292,1.1371728707232,0.6364996084620709,"Horvitz-Thompson(recency=30.0,delta=0.20)",HT,30.0,0.2,10,20,169,10000,,yes,0.035,0.9111475905555232
6596,0.597617841861365,1.060931422840394,0.4633135809790291,"Horvitz-Thompson(recency=30.0,delta=0.20)",HT,30.0,0.2,10,20,169,10000,,yes,0.035,0.9111475905555232
6597,0.46881459659113406,1.0937529953975578,0.6249383988064237,"Horvitz-Thompson(recency=30.0,delta=0.20)",HT,30.0,0.2,10,20,169,10000,,yes,0.035,0.9111475905555232
6598,0.5732457133334753,1.0174878511013388,0.4442421377678635,"Horvitz-Thompson(recency=30.0,delta=0.20)",HT,30.0,0.2,10,20,169,10000,,yes,0.035,0.9111475905555232
6599,0.4928911827424836,1.1093535308451623,0.6164623481026787,"Horvitz-Thompson(recency=30.0,delta=0.20)",HT,30.0,0.2,10,20,169,10000,,yes,0.035,0.9111475905555232
6600,0.4116359225673715,1.10138061920477,0.6897446966373983,"Horvitz-Thompson(recency=30.0,delta=0.20)",HT,30.0,0.2,10,20,169,10000,,yes,0.035,0.9111475905555232
6601,0.5199441600582946,1.1942288289588394,0.6742846689005448,"Horvitz-Thompson(recency=30.0,delta=0.20)",HT,30.0,0.2,10,20,169,10000,,yes,0.035,0.9111475905555232
6602,0.46431349174205633,1.1370804623911812,0.6727669706491248,"Horvitz-Thompson(recency=30.0,delta=0.20)",HT,30.0,0.2,10,20,169,10000,,yes,0.035,0.9111475905555232
6603,0.4567305309065613,1.034494440619946,0.5777639097133849,"Horvitz-Thompson(recency=30.0,delta=0.20)",HT,30.0,0.2,10,20,169,10000,,yes,0.035,0.9111475905555232
6604,0.503573213187724,1.1712313066898898,0.6676580935021659,"Horvitz-Thompson(recency=30.0,delta=0.20)",HT,30.0,0.2,10,20,169,10000,,yes,0.035,0.9111475905555232
6605,0.5927188236347478,0.8623394108813941,0.2696205872466463,"Horvitz-Thompson(recency=30.0,delta=0.20)",HT,30.0,0.2,10,20,169,10000,,yes,0.035,0.9111475905555232
6606,0.49091853644367955,1.0347301513955123,0.5438116149518327,"Horvitz-Thompson(recency=30.0,delta=0.20)",HT,30.0,0.2,10,20,169,10000,,yes,0.035,0.9111475905555232
6607,0.5057428558014895,1.1823616856465107,0.6766188298450212,"Horvitz-Thompson(recency=30.0,delta=0.20)",HT,30.0,0.2,10,20,169,10000,,yes,0.035,0.9111475905555232
6608,0.5369720757454597,1.222055408103731,0.6850833323582712,"Horvitz-Thompson(recency=30.0,delta=0.20)",HT,30.0,0.2,10,20,169,10000,,yes,0.035,0.9111475905555232
6609,0.5242966703670979,1.172764223253288,0.6484675528861901,"Horvitz-Thompson(recency=30.0,delta=0.20)",HT,30.0,0.2,10,20,169,10000,,yes,0.035,0.9111475905555232
6610,0.4733270296079175,1.1930445508938865,0.719717521285969,"Horvitz-Thompson(recency=30.0,delta=0.20)",HT,30.0,0.2,10,20,169,10000,,yes,0.035,0.9111475905555232
6611,0.47469334558627124,1.3845050889457478,0.9098117433594766,"Horvitz-Thompson(recency=30.0,delta=0.20)",HT,30.0,0.2,10,20,169,10000,,yes,0.035,0.9111475905555232
6612,0.5443098450182027,1.1556129023431327,0.6113030573249301,"Horvitz-Thompson(recency=30.0,delta=0.20)",HT,30.0,0.2,10,20,169,10000,,yes,0.035,0.9111475905555232
6613,0.5697958202746628,1.070600499833613,0.5008046795589501,"Horvitz-Thompson(recency=30.0,delta=0.20)",HT,30.0,0.2,10,20,169,10000,,yes,0.035,0.9111475905555232
6614,0.5010105733285178,1.072776490440441,0.5717659171119233,"Horvitz-Thompson(recency=30.0,delta=0.20)",HT,30.0,0.2,10,20,169,10000,,yes,0.035,0.9111475905555232
6615,0.5395090340989639,1.1762512892280768,0.6367422551291129,"Horvitz-Thompson(recency=30.0,delta=0.20)",HT,30.0,0.2,10,20,169,10000,,yes,0.035,0.9111475905555232
6616,0.5282338739677362,1.0669983643600467,0.5387644903923104,"Horvitz-Thompson(recency=30.0,delta=0.20)",HT,30.0,0.2,10,20,169,10000,,yes,0.035,0.9111475905555232
6617,0.5173958045547883,1.1505243791433917,0.6331285745886034,"Horvitz-Thompson(recency=30.0,delta=0.20)",HT,30.0,0.2,10,20,169,10000,,yes,0.035,0.9111475905555232
6618,0.43350029515553623,1.2129314243417089,0.7794311291861726,"Horvitz-Thompson(recency=30.0,delta=0.20)",HT,30.0,0.2,10,20,169,10000,,yes,0.035,0.9111475905555232
6619,0.5634740242327195,1.110661478683388,0.5471874544506684,"Horvitz-Thompson(recency=30.0,delta=0.20)",HT,30.0,0.2,10,20,169,10000,,yes,0.035,0.9111475905555232
6620,0.5031780117134621,1.0235378375304987,0.5203598258170365,"Horvitz-Thompson(recency=30.0,delta=0.20)",HT,30.0,0.2,10,20,169,10000,,yes,0.035,0.9111475905555232
6621,0.6063310156978948,1.1906003062668489,0.584269290568954,"Horvitz-Thompson(recency=30.0,delta=0.20)",HT,30.0,0.2,10,20,169,10000,,yes,0.035,0.9111475905555232
6622,0.5235147995608729,1.0683577205285353,0.5448429209676624,"Horvitz-Thompson(recency=30.0,delta=0.20)",HT,30.0,0.2,10,20,169,10000,,yes,0.035,0.9111475905555232
6623,0.44388024091520745,1.1386681846920572,0.6947879437768498,"Horvitz-Thompson(recency=30.0,delta=0.20)",HT,30.0,0.2,10,20,169,10000,,yes,0.035,0.9111475905555232
6624,0.49444066920500906,1.1019126018265673,0.6074719326215582,"Horvitz-Thompson(recency=30.0,delta=0.20)",HT,30.0,0.2,10,20,169,10000,,yes,0.035,0.9111475905555232
6625,0.5530147844779622,0.9568922400239164,0.4038774555459542,"Horvitz-Thompson(recency=30.0,delta=0.20)",HT,30.0,0.2,10,20,169,10000,,yes,0.035,0.9111475905555232
6626,0.5114941969720036,0.9250946263764496,0.41360042940444597,"Horvitz-Thompson(recency=30.0,delta=0.20)",HT,30.0,0.2,10,20,169,10000,,yes,0.035,0.9111475905555232
6627,0.47353451277655395,1.277208882996711,0.803674370220157,"Horvitz-Thompson(recency=30.0,delta=0.20)",HT,30.0,0.2,10,20,169,10000,,yes,0.035,0.9111475905555232
6628,0.4778397123769917,1.115492315527774,0.6376526031507823,"Horvitz-Thompson(recency=30.0,delta=0.20)",HT,30.0,0.2,10,20,169,10000,,yes,0.035,0.9111475905555232
6629,0.47216125447724516,1.076042328256909,0.6038810737796638,"Horvitz-Thompson(recency=30.0,delta=0.20)",HT,30.0,0.2,10,20,169,10000,,yes,0.035,0.9111475905555232
6630,0.5112567777751704,1.2461373658784745,0.734880588103304,"Horvitz-Thompson(recency=30.0,delta=0.20)",HT,30.0,0.2,10,20,169,10000,,yes,0.035,0.9111475905555232
6631,0.4805614909348955,1.1962517946024,0.7156903036675046,"Horvitz-Thompson(recency=30.0,delta=0.20)",HT,30.0,0.2,10,20,169,10000,,yes,0.035,0.9111475905555232
6632,0.5358651853605844,1.0415800461452585,0.5057148607846741,"Horvitz-Thompson(recency=30.0,delta=0.20)",HT,30.0,0.2,10,20,169,10000,,yes,0.035,0.9111475905555232
6633,0.5305170693817938,1.125060437542157,0.5945433681603631,"Horvitz-Thompson(recency=30.0,delta=0.20)",HT,30.0,0.2,10,20,169,10000,,yes,0.035,0.9111475905555232
6634,0.5628650240618365,1.0764372906381061,0.5135722665762696,"Horvitz-Thompson(recency=30.0,delta=0.20)",HT,30.0,0.2,10,20,169,10000,,yes,0.035,0.9111475905555232
6635,0.5402906344083669,0.9735529628699552,0.4332623284615883,"Horvitz-Thompson(recency=30.0,delta=0.20)",HT,30.0,0.2,10,20,169,10000,,yes,0.035,0.9111475905555232
6636,0.4537948290599661,1.1556848029967628,0.7018899739367968,"Horvitz-Thompson(recency=30.0,delta=0.20)",HT,30.0,0.2,10,20,169,10000,,yes,0.035,0.9111475905555232
6637,0.48749351074760316,1.0991331177580517,0.6116396070104485,"Horvitz-Thompson(recency=30.0,delta=0.20)",HT,30.0,0.2,10,20,169,10000,,yes,0.035,0.9111475905555232
6638,0.47654838495523266,1.1176742866426093,0.6411259016873766,"Horvitz-Thompson(recency=30.0,delta=0.20)",HT,30.0,0.2,10,20,169,10000,,yes,0.035,0.9111475905555232
6639,0.5515322195527228,0.953806525178235,0.40227430562551225,"Horvitz-Thompson(recency=30.0,delta=0.20)",HT,30.0,0.2,10,20,169,10000,,yes,0.035,0.9111475905555232
6640,0.4806415537411736,1.1257209384320659,0.6450793846908922,"Horvitz-Thompson(recency=30.0,delta=0.20)",HT,30.0,0.2,10,20,169,10000,,yes,0.035,0.9111475905555232
6641,0.5992756979867457,1.0182035118674135,0.4189278138806678,"Horvitz-Thompson(recency=30.0,delta=0.20)",HT,30.0,0.2,10,20,169,10000,,yes,0.035,0.9111475905555232
6642,0.4621595854404821,1.1514415155800055,0.6892819301395234,"Horvitz-Thompson(recency=30.0,delta=0.20)",HT,30.0,0.2,10,20,169,10000,,yes,0.035,0.9111475905555232
6643,0.4970639981028097,1.0571707253522817,0.560106727249472,"Horvitz-Thompson(recency=30.0,delta=0.20)",HT,30.0,0.2,10,20,169,10000,,yes,0.035,0.9111475905555232
6644,0.5281067335475753,1.0741957803166975,0.5460890467691222,"Horvitz-Thompson(recency=30.0,delta=0.20)",HT,30.0,0.2,10,20,169,10000,,yes,0.035,0.9111475905555232
6645,0.5393531726744867,1.1236019659582668,0.5842487932837801,"Horvitz-Thompson(recency=30.0,delta=0.20)",HT,30.0,0.2,10,20,169,10000,,yes,0.035,0.9111475905555232
6646,0.5252056644952013,1.0342544223993895,0.5090487579041881,"Horvitz-Thompson(recency=30.0,delta=0.20)",HT,30.0,0.2,10,20,169,10000,,yes,0.035,0.9111475905555232
6647,0.5721911562963018,1.02325268987463,0.4510615335783281,"Horvitz-Thompson(recency=30.0,delta=0.20)",HT,30.0,0.2,10,20,169,10000,,yes,0.035,0.9111475905555232
6648,0.4829394727352733,1.072581131194168,0.5896416584588946,"Horvitz-Thompson(recency=30.0,delta=0.20)",HT,30.0,0.2,10,20,169,10000,,yes,0.035,0.9111475905555232
6649,0.5607932852303261,0.9549747461686353,0.3941814609383092,"Horvitz-Thompson(recency=30.0,delta=0.20)",HT,30.0,0.2,10,20,169,10000,,yes,0.035,0.9111475905555232
6650,0.4522333696533903,1.017864573109364,0.5656312034559738,"Horvitz-Thompson(recency=30.0,delta=0.20)",HT,30.0,0.2,10,20,169,10000,,yes,0.035,0.9111475905555232
6651,0.5800330816618464,1.091467462914093,0.5114343812522466,"Horvitz-Thompson(recency=30.0,delta=0.20)",HT,30.0,0.2,10,20,169,10000,,yes,0.035,0.9111475905555232
6652,0.4735614615134247,1.2103830469775547,0.73682158546413,"Horvitz-Thompson(recency=30.0,delta=0.20)",HT,30.0,0.2,10,20,169,10000,,yes,0.035,0.9111475905555232
6653,0.4316371790593118,1.0289795664913506,0.5973423874320387,"Horvitz-Thompson(recency=30.0,delta=0.20)",HT,30.0,0.2,10,20,169,10000,,yes,0.035,0.9111475905555232
6654,0.4602095820364477,1.2104518387992402,0.7502422567627925,"Horvitz-Thompson(recency=30.0,delta=0.20)",HT,30.0,0.2,10,20,169,10000,,yes,0.035,0.9111475905555232
6655,0.48623023076504956,1.01274296897521,0.5265127382101605,"Horvitz-Thompson(recency=30.0,delta=0.20)",HT,30.0,0.2,10,20,169,10000,,yes,0.035,0.9111475905555232
6656,0.5489250187698483,1.106898252664203,0.5579732338943547,"Horvitz-Thompson(recency=30.0,delta=0.20)",HT,30.0,0.2,10,20,169,10000,,yes,0.035,0.9111475905555232
6657,0.48287345854009855,1.186976439735918,0.7041029811958194,"Horvitz-Thompson(recency=30.0,delta=0.20)",HT,30.0,0.2,10,20,169,10000,,yes,0.035,0.9111475905555232
6658,0.550358729526882,1.2003265644935721,0.6499678349666901,"Horvitz-Thompson(recency=30.0,delta=0.20)",HT,30.0,0.2,10,20,169,10000,,yes,0.035,0.9111475905555232
6659,0.47449069704801433,1.047078574969826,0.5725878779218116,"Horvitz-Thompson(recency=30.0,delta=0.20)",HT,30.0,0.2,10,20,169,10000,,yes,0.035,0.9111475905555232
6660,0.5522865162822015,1.1397117473846614,0.5874252311024599,"Horvitz-Thompson(recency=30.0,delta=0.20)",HT,30.0,0.2,10,20,169,10000,,yes,0.035,0.9111475905555232
6661,0.5389311259729301,1.0112025993538207,0.4722714733808906,"Horvitz-Thompson(recency=30.0,delta=0.20)",HT,30.0,0.2,10,20,169,10000,,yes,0.035,0.9111475905555232
6662,0.5149271081584587,0.9515540456025854,0.43662693744412673,"Horvitz-Thompson(recency=30.0,delta=0.20)",HT,30.0,0.2,10,20,169,10000,,yes,0.035,0.9111475905555232
6663,0.4962129765538631,1.0329436143092547,0.5367306377553916,"Horvitz-Thompson(recency=30.0,delta=0.20)",HT,30.0,0.2,10,20,169,10000,,yes,0.035,0.9111475905555232
6664,0.54856576744411,0.9784773110272018,0.4299115435830918,"Horvitz-Thompson(recency=30.0,delta=0.20)",HT,30.0,0.2,10,20,169,10000,,yes,0.035,0.9111475905555232
6665,0.4921017630020831,1.07121376282193,0.579111999819847,"Horvitz-Thompson(recency=30.0,delta=0.20)",HT,30.0,0.2,10,20,169,10000,,yes,0.035,0.9111475905555232
6666,0.5851865833168635,0.9785043673827585,0.393317784065895,"Horvitz-Thompson(recency=30.0,delta=0.20)",HT,30.0,0.2,10,20,169,10000,,yes,0.035,0.9111475905555232
6667,0.4015641188968306,1.1471788210956755,0.7456147021988448,"Horvitz-Thompson(recency=30.0,delta=0.20)",HT,30.0,0.2,10,20,169,10000,,yes,0.035,0.9111475905555232
6668,0.4860855009548127,1.1199606483840883,0.6338751474292756,"Horvitz-Thompson(recency=30.0,delta=0.20)",HT,30.0,0.2,10,20,169,10000,,yes,0.035,0.9111475905555232
6669,0.46861143740960065,1.0763420276238589,0.6077305902142582,"Horvitz-Thompson(recency=30.0,delta=0.20)",HT,30.0,0.2,10,20,169,10000,,yes,0.035,0.9111475905555232
6670,0.46025335937696144,1.1831513454454488,0.7228979860684873,"Horvitz-Thompson(recency=30.0,delta=0.20)",HT,30.0,0.2,10,20,169,10000,,yes,0.035,0.9111475905555232
6671,0.5477330633826952,1.0045716803776656,0.4568386169949704,"Horvitz-Thompson(recency=30.0,delta=0.20)",HT,30.0,0.2,10,20,169,10000,,yes,0.035,0.9111475905555232
6672,0.4851720625451317,1.3004440334995209,0.8152719709543892,"Horvitz-Thompson(recency=30.0,delta=0.20)",HT,30.0,0.2,10,20,169,10000,,yes,0.035,0.9111475905555232
6673,0.5202342840634606,1.198400003349191,0.6781657192857304,"Horvitz-Thompson(recency=30.0,delta=0.20)",HT,30.0,0.2,10,20,169,10000,,yes,0.035,0.9111475905555232
6674,0.5560427033427825,1.036218448774364,0.4801757454315815,"Horvitz-Thompson(recency=30.0,delta=0.20)",HT,30.0,0.2,10,20,169,10000,,yes,0.035,0.9111475905555232
6675,0.5226818812693692,1.337437181063405,0.8147552997940357,"Horvitz-Thompson(recency=30.0,delta=0.20)",HT,30.0,0.2,10,20,169,10000,,yes,0.035,0.9111475905555232
6676,0.4814213329533236,1.0863413741931356,0.6049200412398119,"Horvitz-Thompson(recency=30.0,delta=0.20)",HT,30.0,0.2,10,20,169,10000,,yes,0.035,0.9111475905555232
6677,0.5792606455001796,1.071972961971036,0.49271231647085645,"Horvitz-Thompson(recency=30.0,delta=0.20)",HT,30.0,0.2,10,20,169,10000,,yes,0.035,0.9111475905555232
6678,0.6284017949174968,0.9316517241952043,0.30324992927770744,"Horvitz-Thompson(recency=30.0,delta=0.20)",HT,30.0,0.2,10,20,169,10000,,yes,0.035,0.9111475905555232
6679,0.4880261525425523,1.0668438456179543,0.578817693075402,"Horvitz-Thompson(recency=30.0,delta=0.20)",HT,30.0,0.2,10,20,169,10000,,yes,0.035,0.9111475905555232
6680,0.5317235059349078,1.053564750814326,0.5218412448794182,"Horvitz-Thompson(recency=30.0,delta=0.20)",HT,30.0,0.2,10,20,169,10000,,yes,0.035,0.9111475905555232
6681,0.5446468465449396,1.0555280449622857,0.5108811984173461,"Horvitz-Thompson(recency=30.0,delta=0.20)",HT,30.0,0.2,10,20,169,10000,,yes,0.035,0.9111475905555232
6682,0.4779127366391907,0.9833713606002099,0.5054586239610193,"Horvitz-Thompson(recency=30.0,delta=0.20)",HT,30.0,0.2,10,20,169,10000,,yes,0.035,0.9111475905555232
6683,0.5452197854170976,1.0074599705020046,0.46224018508490705,"Horvitz-Thompson(recency=30.0,delta=0.20)",HT,30.0,0.2,10,20,169,10000,,yes,0.035,0.9111475905555232
6684,0.5141481190803133,1.1848701100171568,0.6707219909368435,"Horvitz-Thompson(recency=30.0,delta=0.20)",HT,30.0,0.2,10,20,169,10000,,yes,0.035,0.9111475905555232
6685,0.5084518931694356,1.2284144590604102,0.7199625658909746,"Horvitz-Thompson(recency=30.0,delta=0.20)",HT,30.0,0.2,10,20,169,10000,,yes,0.035,0.9111475905555232
6686,0.4899095021882723,1.129593008498899,0.6396835063106268,"Horvitz-Thompson(recency=30.0,delta=0.20)",HT,30.0,0.2,10,20,169,10000,,yes,0.035,0.9111475905555232
6687,0.4765502059682648,1.3015475689604148,0.82499736299215,"Horvitz-Thompson(recency=30.0,delta=0.20)",HT,30.0,0.2,10,20,169,10000,,yes,0.035,0.9111475905555232
6688,0.5604515112683871,1.259453520072672,0.6990020088042849,"Horvitz-Thompson(recency=30.0,delta=0.20)",HT,30.0,0.2,10,20,169,10000,,yes,0.035,0.9111475905555232
6689,0.4803608553061821,1.273037291728982,0.7926764364228,"Horvitz-Thompson(recency=30.0,delta=0.20)",HT,30.0,0.2,10,20,169,10000,,yes,0.035,0.9111475905555232
6690,0.5030497974031816,1.1913593972229863,0.6883095998198048,"Horvitz-Thompson(recency=30.0,delta=0.20)",HT,30.0,0.2,10,20,169,10000,,yes,0.035,0.9111475905555232
6691,0.5699004838098632,1.0389723485847882,0.4690718647749249,"Horvitz-Thompson(recency=30.0,delta=0.20)",HT,30.0,0.2,10,20,169,10000,,yes,0.035,0.9111475905555232
6692,0.6311734885387144,0.9609579980582108,0.32978450951949645,"Horvitz-Thompson(recency=30.0,delta=0.20)",HT,30.0,0.2,10,20,169,10000,,yes,0.035,0.9111475905555232
6693,0.49379792916612375,1.1945320608408747,0.700734131674751,"Horvitz-Thompson(recency=30.0,delta=0.20)",HT,30.0,0.2,10,20,169,10000,,yes,0.035,0.9111475905555232
6694,0.4705022636890784,1.2851988868329995,0.8146966231439212,"Horvitz-Thompson(recency=30.0,delta=0.20)",HT,30.0,0.2,10,20,169,10000,,yes,0.035,0.9111475905555232
6695,0.572599697997452,1.0500844505904605,0.4774847525930085,"Horvitz-Thompson(recency=30.0,delta=0.20)",HT,30.0,0.2,10,20,169,10000,,yes,0.035,0.9111475905555232
6696,0.5275343264408018,1.0617456493636033,0.5342113229228015,"Horvitz-Thompson(recency=30.0,delta=0.20)",HT,30.0,0.2,10,20,169,10000,,yes,0.035,0.9111475905555232
6697,0.5349932512866336,1.107691568733149,0.5726983174465154,"Horvitz-Thompson(recency=30.0,delta=0.20)",HT,30.0,0.2,10,20,169,10000,,yes,0.035,0.9111475905555232
6698,0.5164035663891052,1.0430568559401143,0.5266532895510091,"Horvitz-Thompson(recency=30.0,delta=0.20)",HT,30.0,0.2,10,20,169,10000,,yes,0.035,0.9111475905555232
6699,0.48430616038330987,1.0714200655474495,0.5871139051641396,"Horvitz-Thompson(recency=30.0,delta=0.20)",HT,30.0,0.2,10,20,169,10000,,yes,0.035,0.9111475905555232
6700,0.5510670551928144,1.0606746900026383,0.5096076348098239,"Horvitz-Thompson(recency=30.0,delta=0.20)",HT,30.0,0.2,10,20,169,10000,,yes,0.035,0.9111475905555232
6701,0.57098086107315,1.0177494148544002,0.44676855378125013,"Horvitz-Thompson(recency=30.0,delta=0.20)",HT,30.0,0.2,10,20,169,10000,,yes,0.035,0.9111475905555232
6702,0.6030321344643347,0.8995400067795549,0.29650787231522024,"Horvitz-Thompson(recency=30.0,delta=0.20)",HT,30.0,0.2,10,20,169,10000,,yes,0.035,0.9111475905555232
6703,0.4858842543709897,1.1756914648104617,0.689807210439472,"Horvitz-Thompson(recency=30.0,delta=0.20)",HT,30.0,0.2,10,20,169,10000,,yes,0.035,0.9111475905555232
6704,0.534943657588413,1.149395769069424,0.6144521114810111,"Horvitz-Thompson(recency=30.0,delta=0.20)",HT,30.0,0.2,10,20,169,10000,,yes,0.035,0.9111475905555232
6705,0.4786477151189121,1.109395951572538,0.6307482364536259,"Horvitz-Thompson(recency=30.0,delta=0.20)",HT,30.0,0.2,10,20,169,10000,,yes,0.035,0.9111475905555232
6706,0.5212822599323579,1.0331551873476512,0.5118729274152933,"Horvitz-Thompson(recency=30.0,delta=0.20)",HT,30.0,0.2,10,20,169,10000,,yes,0.035,0.9111475905555232
6707,0.47373199116573694,1.0790964772631098,0.6053644860973728,"Horvitz-Thompson(recency=30.0,delta=0.20)",HT,30.0,0.2,10,20,169,10000,,yes,0.035,0.9111475905555232
6708,0.596630951245034,0.9691983618656209,0.37256741062058696,"Horvitz-Thompson(recency=30.0,delta=0.20)",HT,30.0,0.2,10,20,169,10000,,yes,0.035,0.9111475905555232
6709,0.515256922665896,1.2583526009636203,0.7430956782977244,"Horvitz-Thompson(recency=30.0,delta=0.20)",HT,30.0,0.2,10,20,169,10000,,yes,0.035,0.9111475905555232
6710,0.6026140455671655,1.1376826725911864,0.5350686270240209,"Horvitz-Thompson(recency=30.0,delta=0.20)",HT,30.0,0.2,10,20,169,10000,,yes,0.035,0.9111475905555232
6711,0.527078459225304,1.0367149593008946,0.5096365000755906,"Horvitz-Thompson(recency=30.0,delta=0.20)",HT,30.0,0.2,10,20,169,10000,,yes,0.035,0.9111475905555232
6712,0.43442539644544914,1.1281637861644922,0.693738389719043,"Horvitz-Thompson(recency=30.0,delta=0.20)",HT,30.0,0.2,10,20,169,10000,,yes,0.035,0.9111475905555232
6713,0.48667700110292184,1.242221804490184,0.7555448033872623,"Horvitz-Thompson(recency=30.0,delta=0.20)",HT,30.0,0.2,10,20,169,10000,,yes,0.035,0.9111475905555232
6714,0.5381833165003869,1.1013203053268539,0.563136988826467,"Horvitz-Thompson(recency=30.0,delta=0.20)",HT,30.0,0.2,10,20,169,10000,,yes,0.035,0.9111475905555232
6715,0.4340519584612259,1.178474047141023,0.7444220886797972,"Horvitz-Thompson(recency=30.0,delta=0.20)",HT,30.0,0.2,10,20,169,10000,,yes,0.035,0.9111475905555232
6716,0.49785505196453905,1.2314225420749276,0.7335674901103886,"Horvitz-Thompson(recency=30.0,delta=0.20)",HT,30.0,0.2,10,20,169,10000,,yes,0.035,0.9111475905555232
6717,0.5327865913580375,1.1030928116084324,0.5703062202503949,"Horvitz-Thompson(recency=30.0,delta=0.20)",HT,30.0,0.2,10,20,169,10000,,yes,0.035,0.9111475905555232
6718,0.45688155074055864,1.0570367952947695,0.6001552445542109,"Horvitz-Thompson(recency=30.0,delta=0.20)",HT,30.0,0.2,10,20,169,10000,,yes,0.035,0.9111475905555232
6719,0.4576914225555081,1.1874528122418062,0.7297613896862981,"Horvitz-Thompson(recency=30.0,delta=0.20)",HT,30.0,0.2,10,20,169,10000,,yes,0.035,0.9111475905555232
6720,0.5433362406898935,1.27115914051025,0.7278228998203565,"Horvitz-Thompson(recency=30.0,delta=0.20)",HT,30.0,0.2,10,20,169,10000,,yes,0.035,0.9111475905555232
6721,0.5312719670362966,0.9622909405368681,0.4310189735005715,"Horvitz-Thompson(recency=30.0,delta=0.20)",HT,30.0,0.2,10,20,169,10000,,yes,0.035,0.9111475905555232
6722,0.5261457753087733,1.051905381953253,0.5257596066444796,"Horvitz-Thompson(recency=30.0,delta=0.20)",HT,30.0,0.2,10,20,169,10000,,yes,0.035,0.9111475905555232
6723,0.4361371199916198,1.2646727604038561,0.8285356404122364,"Horvitz-Thompson(recency=30.0,delta=0.20)",HT,30.0,0.2,10,20,169,10000,,yes,0.035,0.9111475905555232
6724,0.5199621036621996,1.188512094615332,0.6685499909531324,"Horvitz-Thompson(recency=30.0,delta=0.20)",HT,30.0,0.2,10,20,169,10000,,yes,0.035,0.9111475905555232
6725,0.5077330867476161,1.0654344014892234,0.5577013147416073,"Horvitz-Thompson(recency=30.0,delta=0.20)",HT,30.0,0.2,10,20,169,10000,,yes,0.035,0.9111475905555232
6726,0.5471400531970996,1.1756768912439235,0.6285368380468239,"Horvitz-Thompson(recency=30.0,delta=0.20)",HT,30.0,0.2,10,20,169,10000,,yes,0.035,0.9111475905555232
6727,0.5048133555998556,1.1972786341716217,0.6924652785717661,"Horvitz-Thompson(recency=30.0,delta=0.20)",HT,30.0,0.2,10,20,169,10000,,yes,0.035,0.9111475905555232
6728,0.5030863168677098,1.1973783041770798,0.69429198730937,"Horvitz-Thompson(recency=30.0,delta=0.20)",HT,30.0,0.2,10,20,169,10000,,yes,0.035,0.9111475905555232
6729,0.5305299362569529,1.089221803251198,0.5586918669942451,"Horvitz-Thompson(recency=30.0,delta=0.20)",HT,30.0,0.2,10,20,169,10000,,yes,0.035,0.9111475905555232
6730,0.47405038866657306,1.101521214378147,0.627470825711574,"Horvitz-Thompson(recency=30.0,delta=0.20)",HT,30.0,0.2,10,20,169,10000,,yes,0.035,0.9111475905555232
6731,0.5031649072382339,1.008813472177309,0.5056485649390751,"Horvitz-Thompson(recency=30.0,delta=0.20)",HT,30.0,0.2,10,20,169,10000,,yes,0.035,0.9111475905555232
6732,0.530064086685074,1.094614723735229,0.5645506370501551,"Horvitz-Thompson(recency=30.0,delta=0.20)",HT,30.0,0.2,10,20,169,10000,,yes,0.035,0.9111475905555232
6733,0.532891827494067,1.0161028796263885,0.4832110521323214,"Horvitz-Thompson(recency=30.0,delta=0.20)",HT,30.0,0.2,10,20,169,10000,,yes,0.035,0.9111475905555232
6734,0.5603277945708647,1.0625725535657538,0.5022447589948891,"Horvitz-Thompson(recency=30.0,delta=0.20)",HT,30.0,0.2,10,20,169,10000,,yes,0.035,0.9111475905555232
6735,0.5636513816655022,1.13517985845611,0.5715284767906077,"Horvitz-Thompson(recency=30.0,delta=0.20)",HT,30.0,0.2,10,20,169,10000,,yes,0.035,0.9111475905555232
6736,0.6222151010101638,0.9675193678939898,0.3453042668838261,"Horvitz-Thompson(recency=30.0,delta=0.20)",HT,30.0,0.2,10,20,169,10000,,yes,0.035,0.9111475905555232
6737,0.5011792988780702,1.021970841784701,0.5207915429066309,"Horvitz-Thompson(recency=30.0,delta=0.20)",HT,30.0,0.2,10,20,169,10000,,yes,0.035,0.9111475905555232
6738,0.48714933681852246,1.0253385628000107,0.5381892259814882,"Horvitz-Thompson(recency=30.0,delta=0.20)",HT,30.0,0.2,10,20,169,10000,,yes,0.035,0.9111475905555232
6739,0.5029543129187855,0.9696616963762829,0.4667073834574974,"Horvitz-Thompson(recency=30.0,delta=0.20)",HT,30.0,0.2,10,20,169,10000,,yes,0.035,0.9111475905555232
6740,0.5409287259774479,1.287855056438802,0.7469263304613541,"Horvitz-Thompson(recency=30.0,delta=0.20)",HT,30.0,0.2,10,20,169,10000,,yes,0.035,0.9111475905555232
6741,0.47655857410817365,1.0378554086690823,0.5612968345609086,"Horvitz-Thompson(recency=30.0,delta=0.20)",HT,30.0,0.2,10,20,169,10000,,yes,0.035,0.9111475905555232
6742,0.5762128364061198,0.9171659243310412,0.3409530879249214,"Horvitz-Thompson(recency=30.0,delta=0.20)",HT,30.0,0.2,10,20,169,10000,,yes,0.035,0.9111475905555232
6743,0.5802634750183994,1.113022584339003,0.5327591093206036,"Horvitz-Thompson(recency=30.0,delta=0.20)",HT,30.0,0.2,10,20,169,10000,,yes,0.035,0.9111475905555232
6744,0.5972193118005148,1.1131227405876754,0.5159034287871606,"Horvitz-Thompson(recency=30.0,delta=0.20)",HT,30.0,0.2,10,20,169,10000,,yes,0.035,0.9111475905555232
6745,0.533182328332042,1.1818632901992805,0.6486809618672384,"Horvitz-Thompson(recency=30.0,delta=0.20)",HT,30.0,0.2,10,20,169,10000,,yes,0.035,0.9111475905555232
6746,0.49730452119500795,1.0685572023079724,0.5712526811129643,"Horvitz-Thompson(recency=30.0,delta=0.20)",HT,30.0,0.2,10,20,169,10000,,yes,0.035,0.9111475905555232
6747,0.5477611455528953,1.2246433610926413,0.6768822155397459,"Horvitz-Thompson(recency=30.0,delta=0.20)",HT,30.0,0.2,10,20,169,10000,,yes,0.035,0.9111475905555232
6748,0.5256161611864848,1.0802959048669105,0.5546797436804257,"Horvitz-Thompson(recency=30.0,delta=0.20)",HT,30.0,0.2,10,20,169,10000,,yes,0.035,0.9111475905555232
6749,0.49504549094886485,1.024983339552493,0.5299378486036281,"Horvitz-Thompson(recency=30.0,delta=0.20)",HT,30.0,0.2,10,20,169,10000,,yes,0.035,0.9111475905555232
6750,0.4481357411642318,1.134066202747084,0.6859304615828522,"Horvitz-Thompson(recency=30.0,delta=0.20)",HT,30.0,0.2,10,20,169,10000,,yes,0.035,0.9111475905555232
6751,0.4818381539368531,1.150161870122427,0.668323716185574,"Horvitz-Thompson(recency=30.0,delta=0.20)",HT,30.0,0.2,10,20,169,10000,,yes,0.035,0.9111475905555232
6752,0.5357847085289892,1.225321783895116,0.6895370753661269,"Horvitz-Thompson(recency=30.0,delta=0.20)",HT,30.0,0.2,10,20,169,10000,,yes,0.035,0.9111475905555232
6753,0.4407963451894263,1.1247592419809826,0.6839628967915563,"Horvitz-Thompson(recency=30.0,delta=0.20)",HT,30.0,0.2,10,20,169,10000,,yes,0.035,0.9111475905555232
6754,0.5285666921546278,1.2742872189107726,0.7457205267561448,"Horvitz-Thompson(recency=30.0,delta=0.20)",HT,30.0,0.2,10,20,169,10000,,yes,0.035,0.9111475905555232
6755,0.5321936482988296,1.0539005607468728,0.5217069124480431,"Horvitz-Thompson(recency=30.0,delta=0.20)",HT,30.0,0.2,10,20,169,10000,,yes,0.035,0.9111475905555232
6756,0.5859220315217538,1.076921292887967,0.4909992613662132,"Horvitz-Thompson(recency=30.0,delta=0.20)",HT,30.0,0.2,10,20,169,10000,,yes,0.035,0.9111475905555232
6757,0.5651112308670253,1.1804913746337267,0.6153801437667014,"Horvitz-Thompson(recency=30.0,delta=0.20)",HT,30.0,0.2,10,20,169,10000,,yes,0.035,0.9111475905555232
6758,0.46309160057316284,1.184135967544625,0.7210443669714621,"Horvitz-Thompson(recency=30.0,delta=0.20)",HT,30.0,0.2,10,20,169,10000,,yes,0.035,0.9111475905555232
6759,0.5011364640185308,1.1502057007971442,0.6490692367786134,"Horvitz-Thompson(recency=30.0,delta=0.20)",HT,30.0,0.2,10,20,169,10000,,yes,0.035,0.9111475905555232
6760,0.5107900100821168,1.1469739001855799,0.6361838901034631,"Horvitz-Thompson(recency=30.0,delta=0.20)",HT,30.0,0.2,10,20,169,10000,,yes,0.035,0.9111475905555232
6761,0.5691769197751236,0.9802298384870576,0.41105291871193395,"Horvitz-Thompson(recency=30.0,delta=0.20)",HT,30.0,0.2,10,20,169,10000,,yes,0.035,0.9111475905555232
6762,0.5156992131125478,1.1150787320809497,0.5993795189684018,"Horvitz-Thompson(recency=30.0,delta=0.20)",HT,30.0,0.2,10,20,169,10000,,yes,0.035,0.9111475905555232
6763,0.5465955123485498,1.099982475741071,0.5533869633925212,"Horvitz-Thompson(recency=30.0,delta=0.20)",HT,30.0,0.2,10,20,169,10000,,yes,0.035,0.9111475905555232
6764,0.5196200066957323,0.9893971374787772,0.46977713078304495,"Horvitz-Thompson(recency=30.0,delta=0.20)",HT,30.0,0.2,10,20,169,10000,,yes,0.035,0.9111475905555232
6765,0.5037938225065438,1.0665158776602317,0.5627220551536879,"Horvitz-Thompson(recency=30.0,delta=0.20)",HT,30.0,0.2,10,20,169,10000,,yes,0.035,0.9111475905555232
6766,0.5147388615573196,1.0551653871009503,0.5404265255436307,"Horvitz-Thompson(recency=30.0,delta=0.20)",HT,30.0,0.2,10,20,169,10000,,yes,0.035,0.9111475905555232
6767,0.45242373643021166,1.0327714016230989,0.5803476651928872,"Horvitz-Thompson(recency=30.0,delta=0.20)",HT,30.0,0.2,10,20,169,10000,,yes,0.035,0.9111475905555232
6768,0.4302448129564554,1.0300260538723895,0.5997812409159342,"Horvitz-Thompson(recency=30.0,delta=0.20)",HT,30.0,0.2,10,20,169,10000,,yes,0.035,0.9111475905555232
6769,0.5290164442945263,1.0470856522207324,0.518069207926206,"Horvitz-Thompson(recency=30.0,delta=0.20)",HT,30.0,0.2,10,20,169,10000,,yes,0.035,0.9111475905555232
6770,0.5735494798306833,1.1385562753998404,0.5650067955691571,"Horvitz-Thompson(recency=30.0,delta=0.20)",HT,30.0,0.2,10,20,169,10000,,yes,0.035,0.9111475905555232
6771,0.5364087670482752,1.0773170182571743,0.5409082512088991,"Horvitz-Thompson(recency=30.0,delta=0.20)",HT,30.0,0.2,10,20,169,10000,,yes,0.035,0.9111475905555232
6772,0.5228496382444908,1.0131806865511694,0.4903310483066786,"Horvitz-Thompson(recency=30.0,delta=0.20)",HT,30.0,0.2,10,20,169,10000,,yes,0.035,0.9111475905555232
6773,0.46074190685845934,1.1209019135762202,0.6601600067177609,"Horvitz-Thompson(recency=30.0,delta=0.20)",HT,30.0,0.2,10,20,169,10000,,yes,0.035,0.9111475905555232
6774,0.48755023347896753,0.9568889808869901,0.4693387474080226,"Horvitz-Thompson(recency=30.0,delta=0.20)",HT,30.0,0.2,10,20,169,10000,,yes,0.035,0.9111475905555232
6775,0.5032780775589587,1.0901433761135713,0.5868652985546126,"Horvitz-Thompson(recency=30.0,delta=0.20)",HT,30.0,0.2,10,20,169,10000,,yes,0.035,0.9111475905555232
6776,0.5804150983894244,1.2092203660980398,0.6288052677086154,"Horvitz-Thompson(recency=30.0,delta=0.20)",HT,30.0,0.2,10,20,169,10000,,yes,0.035,0.9111475905555232
6777,0.4899032682447288,1.2909293509283795,0.8010260826836506,"Horvitz-Thompson(recency=30.0,delta=0.20)",HT,30.0,0.2,10,20,169,10000,,yes,0.035,0.9111475905555232
6778,0.5529300202649169,1.095398006844181,0.5424679865792642,"Horvitz-Thompson(recency=30.0,delta=0.20)",HT,30.0,0.2,10,20,169,10000,,yes,0.035,0.9111475905555232
6779,0.5783102481459751,1.0324424016902665,0.4541321535442914,"Horvitz-Thompson(recency=30.0,delta=0.20)",HT,30.0,0.2,10,20,169,10000,,yes,0.035,0.9111475905555232
6780,0.5442827300392747,1.0468372344755525,0.5025545044362778,"Horvitz-Thompson(recency=30.0,delta=0.20)",HT,30.0,0.2,10,20,169,10000,,yes,0.035,0.9111475905555232
6781,0.5479882380153813,1.0619078419751034,0.513919603959722,"Horvitz-Thompson(recency=30.0,delta=0.20)",HT,30.0,0.2,10,20,169,10000,,yes,0.035,0.9111475905555232
6782,0.5178814390018192,0.997352344249852,0.4794709052480328,"Horvitz-Thompson(recency=30.0,delta=0.20)",HT,30.0,0.2,10,20,169,10000,,yes,0.035,0.9111475905555232
6783,0.5017377742098275,1.0719757583751075,0.57023798416528,"Horvitz-Thompson(recency=30.0,delta=0.20)",HT,30.0,0.2,10,20,169,10000,,yes,0.035,0.9111475905555232
6784,0.4663929120517135,1.1483545180864796,0.6819616060347661,"Horvitz-Thompson(recency=30.0,delta=0.20)",HT,30.0,0.2,10,20,169,10000,,yes,0.035,0.9111475905555232
6785,0.48939540818070065,0.9873496395008978,0.49795423132019717,"Horvitz-Thompson(recency=30.0,delta=0.20)",HT,30.0,0.2,10,20,169,10000,,yes,0.035,0.9111475905555232
6786,0.517142032834992,1.1280864951544303,0.6109444623194382,"Horvitz-Thompson(recency=30.0,delta=0.20)",HT,30.0,0.2,10,20,169,10000,,yes,0.035,0.9111475905555232
6787,0.5062428556121366,1.1373810661105324,0.6311382104983958,"Horvitz-Thompson(recency=30.0,delta=0.20)",HT,30.0,0.2,10,20,169,10000,,yes,0.035,0.9111475905555232
6788,0.48810616760052067,1.170234230672411,0.6821280630718902,"Horvitz-Thompson(recency=30.0,delta=0.20)",HT,30.0,0.2,10,20,169,10000,,yes,0.035,0.9111475905555232
6789,0.5487487870329487,1.1461163973975865,0.5973676103646378,"Horvitz-Thompson(recency=30.0,delta=0.20)",HT,30.0,0.2,10,20,169,10000,,yes,0.035,0.9111475905555232
6790,0.5321505913349008,1.0693878214171333,0.5372372300822325,"Horvitz-Thompson(recency=30.0,delta=0.20)",HT,30.0,0.2,10,20,169,10000,,yes,0.035,0.9111475905555232
6791,0.490288707340903,1.0280497223165974,0.5377610149756944,"Horvitz-Thompson(recency=30.0,delta=0.20)",HT,30.0,0.2,10,20,169,10000,,yes,0.035,0.9111475905555232
6792,0.47136115150766905,1.269045382285466,0.7976842307777969,"Horvitz-Thompson(recency=30.0,delta=0.20)",HT,30.0,0.2,10,20,169,10000,,yes,0.035,0.9111475905555232
6793,0.5151084502670624,1.213854018855476,0.6987455685884136,"Horvitz-Thompson(recency=30.0,delta=0.20)",HT,30.0,0.2,10,20,169,10000,,yes,0.035,0.9111475905555232
6794,0.4951617558341954,1.0620916615256992,0.5669299056915038,"Horvitz-Thompson(recency=30.0,delta=0.20)",HT,30.0,0.2,10,20,169,10000,,yes,0.035,0.9111475905555232
6795,0.4633448238694913,1.0314704555799663,0.568125631710475,"Horvitz-Thompson(recency=30.0,delta=0.20)",HT,30.0,0.2,10,20,169,10000,,yes,0.035,0.9111475905555232
6796,0.5346415541056335,1.217055636990601,0.6824140828849674,"Horvitz-Thompson(recency=30.0,delta=0.20)",HT,30.0,0.2,10,20,169,10000,,yes,0.035,0.9111475905555232
6797,0.5168550427015065,1.2453124397474906,0.7284573970459841,"Horvitz-Thompson(recency=30.0,delta=0.20)",HT,30.0,0.2,10,20,169,10000,,yes,0.035,0.9111475905555232
6798,0.48624398151564374,1.1223943185862553,0.6361503370706115,"Horvitz-Thompson(recency=30.0,delta=0.20)",HT,30.0,0.2,10,20,169,10000,,yes,0.035,0.9111475905555232
6799,0.4652246984446176,1.175477161961339,0.7102524635167213,"Horvitz-Thompson(recency=30.0,delta=0.20)",HT,30.0,0.2,10,20,169,10000,,yes,0.035,0.9111475905555232
6800,0.5312818664049006,1.0806111164088255,0.5493292500039249,"Horvitz-Thompson(recency=30.0,delta=0.20)",HT,30.0,0.2,10,20,169,10000,,yes,0.035,0.9111475905555232
6801,0.45326927102950215,1.069605457559543,0.616336186530041,"Horvitz-Thompson(recency=30.0,delta=0.20)",HT,30.0,0.2,10,20,169,10000,,yes,0.035,0.9111475905555232
6802,0.46194885823960546,1.0055857703437887,0.5436369121041833,"Horvitz-Thompson(recency=30.0,delta=0.20)",HT,30.0,0.2,10,20,169,10000,,yes,0.035,0.9111475905555232
6803,0.5870405677146676,1.1255619508488164,0.5385213831341488,"Horvitz-Thompson(recency=30.0,delta=0.20)",HT,30.0,0.2,10,20,169,10000,,yes,0.035,0.9111475905555232
6804,0.4558905643281977,1.1119966713869993,0.6561061070588017,"Horvitz-Thompson(recency=30.0,delta=0.20)",HT,30.0,0.2,10,20,169,10000,,yes,0.035,0.9111475905555232
6805,0.4870740503164978,1.1150068069642085,0.6279327566477106,"Horvitz-Thompson(recency=30.0,delta=0.20)",HT,30.0,0.2,10,20,169,10000,,yes,0.035,0.9111475905555232
6806,0.49436738155347354,1.0781025724788162,0.5837351909253428,"Horvitz-Thompson(recency=30.0,delta=0.20)",HT,30.0,0.2,10,20,169,10000,,yes,0.035,0.9111475905555232
6807,0.5059199501974935,1.2725564504793008,0.7666365002818073,"Horvitz-Thompson(recency=30.0,delta=0.20)",HT,30.0,0.2,10,20,169,10000,,yes,0.035,0.9111475905555232
6808,0.4888090016117841,1.1253253636386864,0.6365163620269023,"Horvitz-Thompson(recency=30.0,delta=0.20)",HT,30.0,0.2,10,20,169,10000,,yes,0.035,0.9111475905555232
6809,0.6022022332025254,1.0497242956421542,0.4475220624396288,"Horvitz-Thompson(recency=30.0,delta=0.20)",HT,30.0,0.2,10,20,169,10000,,yes,0.035,0.9111475905555232
6810,0.5464776773820003,1.1017843306707291,0.5553066532887289,"Horvitz-Thompson(recency=30.0,delta=0.20)",HT,30.0,0.2,10,20,169,10000,,yes,0.035,0.9111475905555232
6811,0.533192961720373,1.0978452723701764,0.5646523106498034,"Horvitz-Thompson(recency=30.0,delta=0.20)",HT,30.0,0.2,10,20,169,10000,,yes,0.035,0.9111475905555232
6812,0.5083534732341225,1.0646255376819638,0.5562720644478413,"Horvitz-Thompson(recency=30.0,delta=0.20)",HT,30.0,0.2,10,20,169,10000,,yes,0.035,0.9111475905555232
6813,0.5182198491167392,1.0545718179701402,0.536351968853401,"Horvitz-Thompson(recency=30.0,delta=0.20)",HT,30.0,0.2,10,20,169,10000,,yes,0.035,0.9111475905555232
6814,0.5021591362041901,1.1026410363892964,0.6004819001851064,"Horvitz-Thompson(recency=30.0,delta=0.20)",HT,30.0,0.2,10,20,169,10000,,yes,0.035,0.9111475905555232
6815,0.4737835093602776,1.0794445079576076,0.60566099859733,"Horvitz-Thompson(recency=30.0,delta=0.20)",HT,30.0,0.2,10,20,169,10000,,yes,0.035,0.9111475905555232
6816,0.5691488597392096,0.9657611275990478,0.39661226785983816,"Horvitz-Thompson(recency=30.0,delta=0.20)",HT,30.0,0.2,10,20,169,10000,,yes,0.035,0.9111475905555232
6817,0.596872881214301,0.9854988039488645,0.3886259227345634,"Horvitz-Thompson(recency=30.0,delta=0.20)",HT,30.0,0.2,10,20,169,10000,,yes,0.035,0.9111475905555232
6818,0.4367911954150527,0.9678382556929032,0.5310470602778505,"Horvitz-Thompson(recency=30.0,delta=0.20)",HT,30.0,0.2,10,20,169,10000,,yes,0.035,0.9111475905555232
6819,0.5584415751990595,1.0692217462568183,0.5107801710577589,"Horvitz-Thompson(recency=30.0,delta=0.20)",HT,30.0,0.2,10,20,169,10000,,yes,0.035,0.9111475905555232
6820,0.5756301612377983,1.0078991750303252,0.4322690137925269,"Horvitz-Thompson(recency=30.0,delta=0.20)",HT,30.0,0.2,10,20,169,10000,,yes,0.035,0.9111475905555232
6821,0.43106254573685127,1.083810635532165,0.6527480897953137,"Horvitz-Thompson(recency=30.0,delta=0.20)",HT,30.0,0.2,10,20,169,10000,,yes,0.035,0.9111475905555232
6822,0.44053438022910846,1.2064052874457691,0.7658709072166607,"Horvitz-Thompson(recency=30.0,delta=0.20)",HT,30.0,0.2,10,20,169,10000,,yes,0.035,0.9111475905555232
6823,0.4925995306282346,1.2930671869031793,0.8004676562749448,"Horvitz-Thompson(recency=30.0,delta=0.20)",HT,30.0,0.2,10,20,169,10000,,yes,0.035,0.9111475905555232
6824,0.5842400536732235,1.02758035911104,0.44334030543781644,"Horvitz-Thompson(recency=30.0,delta=0.20)",HT,30.0,0.2,10,20,169,10000,,yes,0.035,0.9111475905555232
6825,0.44247588607410615,1.0530915221386972,0.610615636064591,"Horvitz-Thompson(recency=30.0,delta=0.20)",HT,30.0,0.2,10,20,169,10000,,yes,0.035,0.9111475905555232
6826,0.5786790659095549,0.9535392082256016,0.3748601423160467,"Horvitz-Thompson(recency=30.0,delta=0.20)",HT,30.0,0.2,10,20,169,10000,,yes,0.035,0.9111475905555232
6827,0.5547054734022363,1.1762572399059064,0.6215517665036701,"Horvitz-Thompson(recency=30.0,delta=0.20)",HT,30.0,0.2,10,20,169,10000,,yes,0.035,0.9111475905555232
6828,0.5339463014749665,1.0199552751298002,0.48600897365483375,"Horvitz-Thompson(recency=30.0,delta=0.20)",HT,30.0,0.2,10,20,169,10000,,yes,0.035,0.9111475905555232
6829,0.5403488191578636,1.1283948080526118,0.5880459888947482,"Horvitz-Thompson(recency=30.0,delta=0.20)",HT,30.0,0.2,10,20,169,10000,,yes,0.035,0.9111475905555232
6830,0.5501873111753801,0.9717189283482602,0.4215316171728801,"Horvitz-Thompson(recency=30.0,delta=0.20)",HT,30.0,0.2,10,20,169,10000,,yes,0.035,0.9111475905555232
6831,0.4687964347803171,1.0432548692618882,0.5744584344815711,"Horvitz-Thompson(recency=30.0,delta=0.20)",HT,30.0,0.2,10,20,169,10000,,yes,0.035,0.9111475905555232
6832,0.48717074234953944,1.0356639184806897,0.5484931761311502,"Horvitz-Thompson(recency=30.0,delta=0.20)",HT,30.0,0.2,10,20,169,10000,,yes,0.035,0.9111475905555232
6833,0.4997137049556598,1.2671126406367488,0.767398935681089,"Horvitz-Thompson(recency=30.0,delta=0.20)",HT,30.0,0.2,10,20,169,10000,,yes,0.035,0.9111475905555232
6834,0.5586884666934666,1.1058654495427278,0.5471769828492612,"Horvitz-Thompson(recency=30.0,delta=0.20)",HT,30.0,0.2,10,20,169,10000,,yes,0.035,0.9111475905555232
6835,0.4513273724564826,1.0566938550456129,0.6053664825891303,"Horvitz-Thompson(recency=30.0,delta=0.20)",HT,30.0,0.2,10,20,169,10000,,yes,0.035,0.9111475905555232
6836,0.584720728075608,0.9153600033059073,0.33063927523029923,"Horvitz-Thompson(recency=30.0,delta=0.20)",HT,30.0,0.2,10,20,169,10000,,yes,0.035,0.9111475905555232
6837,0.517210075572818,1.1004373810824406,0.5832273055096227,"Horvitz-Thompson(recency=30.0,delta=0.20)",HT,30.0,0.2,10,20,169,10000,,yes,0.035,0.9111475905555232
6838,0.5585898289833184,1.127286369787871,0.5686965408045526,"Horvitz-Thompson(recency=30.0,delta=0.20)",HT,30.0,0.2,10,20,169,10000,,yes,0.035,0.9111475905555232
6839,0.4674017280647291,0.9345163356814743,0.46711460761674517,"Horvitz-Thompson(recency=30.0,delta=0.20)",HT,30.0,0.2,10,20,169,10000,,yes,0.035,0.9111475905555232
6840,0.4988917244427737,1.064210690241657,0.5653189657988833,"Horvitz-Thompson(recency=30.0,delta=0.20)",HT,30.0,0.2,10,20,169,10000,,yes,0.035,0.9111475905555232
6841,0.5242651746705531,1.1049827400336572,0.580717565363104,"Horvitz-Thompson(recency=30.0,delta=0.20)",HT,30.0,0.2,10,20,169,10000,,yes,0.035,0.9111475905555232
6842,0.4386026596380553,1.2295982221123523,0.790995562474297,"Horvitz-Thompson(recency=30.0,delta=0.20)",HT,30.0,0.2,10,20,169,10000,,yes,0.035,0.9111475905555232
6843,0.5261227926737838,0.9882483600625456,0.46212556738876176,"Horvitz-Thompson(recency=30.0,delta=0.20)",HT,30.0,0.2,10,20,169,10000,,yes,0.035,0.9111475905555232
6844,0.5752179598401204,1.129379123761907,0.5541611639217867,"Horvitz-Thompson(recency=30.0,delta=0.20)",HT,30.0,0.2,10,20,169,10000,,yes,0.035,0.9111475905555232
6845,0.5345877076730893,1.0301854309548928,0.4955977232818035,"Horvitz-Thompson(recency=30.0,delta=0.20)",HT,30.0,0.2,10,20,169,10000,,yes,0.035,0.9111475905555232
6846,0.5172955358071148,1.0063561147403581,0.4890605789332433,"Horvitz-Thompson(recency=30.0,delta=0.20)",HT,30.0,0.2,10,20,169,10000,,yes,0.035,0.9111475905555232
6847,0.5046141070108806,1.1998046720348388,0.6951905650239582,"Horvitz-Thompson(recency=30.0,delta=0.20)",HT,30.0,0.2,10,20,169,10000,,yes,0.035,0.9111475905555232
6848,0.5597755673480671,0.9768221128806956,0.41704654553262854,"Horvitz-Thompson(recency=30.0,delta=0.20)",HT,30.0,0.2,10,20,169,10000,,yes,0.035,0.9111475905555232
6849,0.5655492038825387,1.0403200246832165,0.4747708208006778,"Horvitz-Thompson(recency=30.0,delta=0.20)",HT,30.0,0.2,10,20,169,10000,,yes,0.035,0.9111475905555232
6850,0.4940043140647173,1.2456183352454044,0.7516140211806872,"Horvitz-Thompson(recency=30.0,delta=0.20)",HT,30.0,0.2,10,20,169,10000,,yes,0.035,0.9111475905555232
6851,0.5182066102077997,1.079564737888042,0.5613581276802423,"Horvitz-Thompson(recency=30.0,delta=0.20)",HT,30.0,0.2,10,20,169,10000,,yes,0.035,0.9111475905555232
6852,0.46627848886839707,1.2394683745305664,0.7731898856621693,"Horvitz-Thompson(recency=30.0,delta=0.20)",HT,30.0,0.2,10,20,169,10000,,yes,0.035,0.9111475905555232
6853,0.5193733353920521,1.1003389288568814,0.5809655934648293,"Horvitz-Thompson(recency=30.0,delta=0.20)",HT,30.0,0.2,10,20,169,10000,,yes,0.035,0.9111475905555232
6854,0.5711402576037414,0.8463401987431132,0.27519994113937174,"Horvitz-Thompson(recency=30.0,delta=0.20)",HT,30.0,0.2,10,20,169,10000,,yes,0.035,0.9111475905555232
6855,0.5218881718366127,1.0239890151989839,0.5021008433623712,"Horvitz-Thompson(recency=30.0,delta=0.20)",HT,30.0,0.2,10,20,169,10000,,yes,0.035,0.9111475905555232
6856,0.5276467599329517,1.2678767846642556,0.7402300247313038,"Horvitz-Thompson(recency=30.0,delta=0.20)",HT,30.0,0.2,10,20,169,10000,,yes,0.035,0.9111475905555232
6857,0.49174248785488933,1.310655187127994,0.8189126992731046,"Horvitz-Thompson(recency=30.0,delta=0.20)",HT,30.0,0.2,10,20,169,10000,,yes,0.035,0.9111475905555232
6858,0.4819821455046289,1.1593612859566451,0.6773791404520162,"Horvitz-Thompson(recency=30.0,delta=0.20)",HT,30.0,0.2,10,20,169,10000,,yes,0.035,0.9111475905555232
6859,0.5729831163562603,1.1578470965825125,0.5848639802262522,"Horvitz-Thompson(recency=30.0,delta=0.20)",HT,30.0,0.2,10,20,169,10000,,yes,0.035,0.9111475905555232
6860,0.49067862694071523,0.9998956314082602,0.509217004467545,"Horvitz-Thompson(recency=30.0,delta=0.20)",HT,30.0,0.2,10,20,169,10000,,yes,0.035,0.9111475905555232
6861,0.4735861511618842,1.1986746377848805,0.7250884866229963,"Horvitz-Thompson(recency=30.0,delta=0.20)",HT,30.0,0.2,10,20,169,10000,,yes,0.035,0.9111475905555232
6862,0.4932170789458354,1.0717371772151125,0.5785200982692771,"Horvitz-Thompson(recency=30.0,delta=0.20)",HT,30.0,0.2,10,20,169,10000,,yes,0.035,0.9111475905555232
6863,0.5350140278755876,0.9455327541889627,0.41051872631337505,"Horvitz-Thompson(recency=30.0,delta=0.20)",HT,30.0,0.2,10,20,169,10000,,yes,0.035,0.9111475905555232
6864,0.48528408485202423,1.2112131018886898,0.7259290170366656,"Horvitz-Thompson(recency=30.0,delta=0.20)",HT,30.0,0.2,10,20,169,10000,,yes,0.035,0.9111475905555232
6865,0.4454822957923601,1.0861842695168353,0.6407019737244752,"Horvitz-Thompson(recency=30.0,delta=0.20)",HT,30.0,0.2,10,20,169,10000,,yes,0.035,0.9111475905555232
6866,0.46108934266573204,1.2035689040715538,0.7424795614058217,"Horvitz-Thompson(recency=30.0,delta=0.20)",HT,30.0,0.2,10,20,169,10000,,yes,0.035,0.9111475905555232
6867,0.428327291317404,1.1169017197296143,0.6885744284122103,"Horvitz-Thompson(recency=30.0,delta=0.20)",HT,30.0,0.2,10,20,169,10000,,yes,0.035,0.9111475905555232
6868,0.43790780375159843,1.1991701809888564,0.761262377237258,"Horvitz-Thompson(recency=30.0,delta=0.20)",HT,30.0,0.2,10,20,169,10000,,yes,0.035,0.9111475905555232
6869,0.4692726388568348,1.1515677551549643,0.6822951162981296,"Horvitz-Thompson(recency=30.0,delta=0.20)",HT,30.0,0.2,10,20,169,10000,,yes,0.035,0.9111475905555232
6870,0.5082844533576866,1.0328738925280248,0.5245894391703382,"Horvitz-Thompson(recency=30.0,delta=0.20)",HT,30.0,0.2,10,20,169,10000,,yes,0.035,0.9111475905555232
6871,0.5103804449682333,0.9963476191732781,0.48596717420504476,"Horvitz-Thompson(recency=30.0,delta=0.20)",HT,30.0,0.2,10,20,169,10000,,yes,0.035,0.9111475905555232
6872,0.578813758616836,1.1678874055116872,0.5890736468948512,"Horvitz-Thompson(recency=30.0,delta=0.20)",HT,30.0,0.2,10,20,169,10000,,yes,0.035,0.9111475905555232
6873,0.599105656945901,1.020507061637504,0.42140140469160303,"Horvitz-Thompson(recency=30.0,delta=0.20)",HT,30.0,0.2,10,20,169,10000,,yes,0.035,0.9111475905555232
6874,0.5603071112423793,1.0710555316711514,0.5107484204287721,"Horvitz-Thompson(recency=30.0,delta=0.20)",HT,30.0,0.2,10,20,169,10000,,yes,0.035,0.9111475905555232
6875,0.4711882599233469,1.0289173415953201,0.5577290816719732,"Horvitz-Thompson(recency=30.0,delta=0.20)",HT,30.0,0.2,10,20,169,10000,,yes,0.035,0.9111475905555232
6876,0.546623260638237,0.845853660747504,0.29923040010926705,"Horvitz-Thompson(recency=30.0,delta=0.20)",HT,30.0,0.2,10,20,169,10000,,yes,0.035,0.9111475905555232
6877,0.5251552726939455,1.1846997299351618,0.6595444572412164,"Horvitz-Thompson(recency=30.0,delta=0.20)",HT,30.0,0.2,10,20,169,10000,,yes,0.035,0.9111475905555232
6878,0.5223656645761972,0.9746415339648034,0.4522758693886062,"Horvitz-Thompson(recency=30.0,delta=0.20)",HT,30.0,0.2,10,20,169,10000,,yes,0.035,0.9111475905555232
6879,0.5379181589147128,0.9576016723823358,0.419683513467623,"Horvitz-Thompson(recency=30.0,delta=0.20)",HT,30.0,0.2,10,20,169,10000,,yes,0.035,0.9111475905555232
6880,0.4599030616607033,1.0408597957749415,0.5809567341142381,"Horvitz-Thompson(recency=30.0,delta=0.20)",HT,30.0,0.2,10,20,169,10000,,yes,0.035,0.9111475905555232
6881,0.5259490800174987,1.0094180394970877,0.483468959479589,"Horvitz-Thompson(recency=30.0,delta=0.20)",HT,30.0,0.2,10,20,169,10000,,yes,0.035,0.9111475905555232
6882,0.4453865283509321,1.127126417224701,0.6817398888737689,"Horvitz-Thompson(recency=30.0,delta=0.20)",HT,30.0,0.2,10,20,169,10000,,yes,0.035,0.9111475905555232
6883,0.4243094678075399,1.1248915195241644,0.7005820517166246,"Horvitz-Thompson(recency=30.0,delta=0.20)",HT,30.0,0.2,10,20,169,10000,,yes,0.035,0.9111475905555232
6884,0.502730720035017,1.0743876280509774,0.5716569080159605,"Horvitz-Thompson(recency=30.0,delta=0.20)",HT,30.0,0.2,10,20,169,10000,,yes,0.035,0.9111475905555232
6885,0.5203713283813934,1.105578338124238,0.5852070097428445,"Horvitz-Thompson(recency=30.0,delta=0.20)",HT,30.0,0.2,10,20,169,10000,,yes,0.035,0.9111475905555232
6886,0.5108930744363747,1.116310987030681,0.6054179125943064,"Horvitz-Thompson(recency=30.0,delta=0.20)",HT,30.0,0.2,10,20,169,10000,,yes,0.035,0.9111475905555232
6887,0.47103828160222005,1.065012332853765,0.593974051251545,"Horvitz-Thompson(recency=30.0,delta=0.20)",HT,30.0,0.2,10,20,169,10000,,yes,0.035,0.9111475905555232
6888,0.4627601133738155,1.2432798977619202,0.7805197843881047,"Horvitz-Thompson(recency=30.0,delta=0.20)",HT,30.0,0.2,10,20,169,10000,,yes,0.035,0.9111475905555232
6889,0.5002247190612981,1.0283356557359606,0.5281109366746626,"Horvitz-Thompson(recency=30.0,delta=0.20)",HT,30.0,0.2,10,20,169,10000,,yes,0.035,0.9111475905555232
6890,0.5056850271961294,1.0279699406235463,0.5222849134274169,"Horvitz-Thompson(recency=30.0,delta=0.20)",HT,30.0,0.2,10,20,169,10000,,yes,0.035,0.9111475905555232
6891,0.527610983868833,1.1805663740276333,0.6529553901588003,"Horvitz-Thompson(recency=30.0,delta=0.20)",HT,30.0,0.2,10,20,169,10000,,yes,0.035,0.9111475905555232
6892,0.5083707004301418,1.2870967455178417,0.7787260450876999,"Horvitz-Thompson(recency=30.0,delta=0.20)",HT,30.0,0.2,10,20,169,10000,,yes,0.035,0.9111475905555232
6893,0.47495033586378044,1.0625653483445126,0.5876150124807321,"Horvitz-Thompson(recency=30.0,delta=0.20)",HT,30.0,0.2,10,20,169,10000,,yes,0.035,0.9111475905555232
6894,0.5299944272611564,1.0410489822850384,0.511054555023882,"Horvitz-Thompson(recency=30.0,delta=0.20)",HT,30.0,0.2,10,20,169,10000,,yes,0.035,0.9111475905555232
6895,0.5022650587550115,1.1056367170602017,0.6033716583051902,"Horvitz-Thompson(recency=30.0,delta=0.20)",HT,30.0,0.2,10,20,169,10000,,yes,0.035,0.9111475905555232
6896,0.5147267749302945,1.1352503643736818,0.6205235894433873,"Horvitz-Thompson(recency=30.0,delta=0.20)",HT,30.0,0.2,10,20,169,10000,,yes,0.035,0.9111475905555232
6897,0.5631547846471459,1.0075265772776099,0.444371792630464,"Horvitz-Thompson(recency=30.0,delta=0.20)",HT,30.0,0.2,10,20,169,10000,,yes,0.035,0.9111475905555232
6898,0.40784912736366713,1.1124020468531144,0.7045529194894473,"Horvitz-Thompson(recency=30.0,delta=0.20)",HT,30.0,0.2,10,20,169,10000,,yes,0.035,0.9111475905555232
6899,0.5074472713733846,1.0955708305463023,0.5881235591729177,"Horvitz-Thompson(recency=30.0,delta=0.20)",HT,30.0,0.2,10,20,169,10000,,yes,0.035,0.9111475905555232
6900,0.5594352062198804,1.201578912930548,0.6421437067106677,"Horvitz-Thompson(recency=30.0,delta=0.20)",HT,30.0,0.2,10,20,169,10000,,yes,0.035,0.9111475905555232
6901,0.5392304609451593,1.0006485219897823,0.461418061044623,"Horvitz-Thompson(recency=30.0,delta=0.20)",HT,30.0,0.2,10,20,169,10000,,yes,0.035,0.9111475905555232
6902,0.420421681232281,1.1268073513052732,0.7063856700729922,"Horvitz-Thompson(recency=30.0,delta=0.20)",HT,30.0,0.2,10,20,169,10000,,yes,0.035,0.9111475905555232
6903,0.484113031659078,1.0348252919280096,0.5507122602689316,"Horvitz-Thompson(recency=30.0,delta=0.20)",HT,30.0,0.2,10,20,169,10000,,yes,0.035,0.9111475905555232
6904,0.4995454449270212,1.0642976701123614,0.5647522251853403,"Horvitz-Thompson(recency=30.0,delta=0.20)",HT,30.0,0.2,10,20,169,10000,,yes,0.035,0.9111475905555232
6905,0.47840710782068974,1.1221921447284444,0.6437850369077547,"Horvitz-Thompson(recency=30.0,delta=0.20)",HT,30.0,0.2,10,20,169,10000,,yes,0.035,0.9111475905555232
6906,0.4557810841571394,1.0430508277416783,0.5872697435845389,"Horvitz-Thompson(recency=30.0,delta=0.20)",HT,30.0,0.2,10,20,169,10000,,yes,0.035,0.9111475905555232
6907,0.49131102636881635,1.1554455686242082,0.6641345422553919,"Horvitz-Thompson(recency=30.0,delta=0.20)",HT,30.0,0.2,10,20,169,10000,,yes,0.035,0.9111475905555232
6908,0.47396319570832673,0.9965576452303699,0.5225944495220431,"Horvitz-Thompson(recency=30.0,delta=0.20)",HT,30.0,0.2,10,20,169,10000,,yes,0.035,0.9111475905555232
6909,0.4597541394097907,1.1078721700860874,0.6481180306762967,"Horvitz-Thompson(recency=30.0,delta=0.20)",HT,30.0,0.2,10,20,169,10000,,yes,0.035,0.9111475905555232
6910,0.4149585836179335,1.0583959956760802,0.6434374120581468,"Horvitz-Thompson(recency=30.0,delta=0.20)",HT,30.0,0.2,10,20,169,10000,,yes,0.035,0.9111475905555232
6911,0.4788785331333337,1.093382172574708,0.6145036394413743,"Horvitz-Thompson(recency=30.0,delta=0.20)",HT,30.0,0.2,10,20,169,10000,,yes,0.035,0.9111475905555232
6912,0.5516662420139258,1.058809569247577,0.5071433272336512,"Horvitz-Thompson(recency=30.0,delta=0.20)",HT,30.0,0.2,10,20,169,10000,,yes,0.035,0.9111475905555232
6913,0.5979632071347684,1.0008793492574062,0.4029161421226378,"Horvitz-Thompson(recency=30.0,delta=0.20)",HT,30.0,0.2,10,20,169,10000,,yes,0.035,0.9111475905555232
6914,0.5003521469999038,1.1200898999220354,0.6197377529221316,"Horvitz-Thompson(recency=30.0,delta=0.20)",HT,30.0,0.2,10,20,169,10000,,yes,0.035,0.9111475905555232
6915,0.5301109427372279,1.2084504324983933,0.6783394897611654,"Horvitz-Thompson(recency=30.0,delta=0.20)",HT,30.0,0.2,10,20,169,10000,,yes,0.035,0.9111475905555232
6916,0.5642666641753205,1.1423087650740902,0.5780421008987697,"Horvitz-Thompson(recency=30.0,delta=0.20)",HT,30.0,0.2,10,20,169,10000,,yes,0.035,0.9111475905555232
6917,0.5142000317989155,1.1963096779306144,0.6821096461316989,"Horvitz-Thompson(recency=30.0,delta=0.20)",HT,30.0,0.2,10,20,169,10000,,yes,0.035,0.9111475905555232
6918,0.4934405957048544,1.026735613743957,0.5332950180391025,"Horvitz-Thompson(recency=30.0,delta=0.20)",HT,30.0,0.2,10,20,169,10000,,yes,0.035,0.9111475905555232
6919,0.5800520351912866,1.0930329225922737,0.5129808874009871,"Horvitz-Thompson(recency=30.0,delta=0.20)",HT,30.0,0.2,10,20,169,10000,,yes,0.035,0.9111475905555232
6920,0.4384212191378647,1.292549663253718,0.8541284441158532,"Horvitz-Thompson(recency=30.0,delta=0.20)",HT,30.0,0.2,10,20,169,10000,,yes,0.035,0.9111475905555232
6921,0.5118927544626173,1.1803049593520791,0.6684122048894618,"Horvitz-Thompson(recency=30.0,delta=0.20)",HT,30.0,0.2,10,20,169,10000,,yes,0.035,0.9111475905555232
6922,0.38959776626803094,1.1614818078000695,0.7718840415320385,"Horvitz-Thompson(recency=30.0,delta=0.20)",HT,30.0,0.2,10,20,169,10000,,yes,0.035,0.9111475905555232
6923,0.5398177736999581,1.1044554724841968,0.5646376987842388,"Horvitz-Thompson(recency=30.0,delta=0.20)",HT,30.0,0.2,10,20,169,10000,,yes,0.035,0.9111475905555232
6924,0.48411723872264206,1.2744531499527199,0.7903359112300778,"Horvitz-Thompson(recency=30.0,delta=0.20)",HT,30.0,0.2,10,20,169,10000,,yes,0.035,0.9111475905555232
6925,0.5145049240279729,1.0252102664753457,0.5107053424473729,"Horvitz-Thompson(recency=30.0,delta=0.20)",HT,30.0,0.2,10,20,169,10000,,yes,0.035,0.9111475905555232
6926,0.5587946035961984,1.1877948081561989,0.6290002045600005,"Horvitz-Thompson(recency=30.0,delta=0.20)",HT,30.0,0.2,10,20,169,10000,,yes,0.035,0.9111475905555232
6927,0.540953455768975,0.9543978759128933,0.41344442014391825,"Horvitz-Thompson(recency=30.0,delta=0.20)",HT,30.0,0.2,10,20,169,10000,,yes,0.035,0.9111475905555232
6928,0.6233785384293627,1.0223993333469672,0.39902079491760445,"Horvitz-Thompson(recency=30.0,delta=0.20)",HT,30.0,0.2,10,20,169,10000,,yes,0.035,0.9111475905555232
6929,0.4855958629003145,1.1437593183024304,0.6581634554021158,"Horvitz-Thompson(recency=30.0,delta=0.20)",HT,30.0,0.2,10,20,169,10000,,yes,0.035,0.9111475905555232
6930,0.5572663789696403,1.2061996219674331,0.6489332429977929,"Horvitz-Thompson(recency=30.0,delta=0.20)",HT,30.0,0.2,10,20,169,10000,,yes,0.035,0.9111475905555232
6931,0.5128744303570916,1.0475779358692443,0.5347035055121527,"Horvitz-Thompson(recency=30.0,delta=0.20)",HT,30.0,0.2,10,20,169,10000,,yes,0.035,0.9111475905555232
6932,0.528287870564275,1.1304152069382085,0.6021273363739336,"Horvitz-Thompson(recency=30.0,delta=0.20)",HT,30.0,0.2,10,20,169,10000,,yes,0.035,0.9111475905555232
6933,0.5301015270281974,1.0820335031556714,0.551931976127474,"Horvitz-Thompson(recency=30.0,delta=0.20)",HT,30.0,0.2,10,20,169,10000,,yes,0.035,0.9111475905555232
6934,0.5166468804348552,1.235125546299884,0.7184786658650288,"Horvitz-Thompson(recency=30.0,delta=0.20)",HT,30.0,0.2,10,20,169,10000,,yes,0.035,0.9111475905555232
6935,0.5341032836546142,1.0845308331323824,0.5504275494777682,"Horvitz-Thompson(recency=30.0,delta=0.20)",HT,30.0,0.2,10,20,169,10000,,yes,0.035,0.9111475905555232
6936,0.4488339458167784,1.0404507550399729,0.5916168092231945,"Horvitz-Thompson(recency=30.0,delta=0.20)",HT,30.0,0.2,10,20,169,10000,,yes,0.035,0.9111475905555232
6937,0.4715316885114977,1.0472431444149377,0.57571145590344,"Horvitz-Thompson(recency=30.0,delta=0.20)",HT,30.0,0.2,10,20,169,10000,,yes,0.035,0.9111475905555232
6938,0.5688241837257509,1.0846982069250928,0.5158740231993418,"Horvitz-Thompson(recency=30.0,delta=0.20)",HT,30.0,0.2,10,20,169,10000,,yes,0.035,0.9111475905555232
6939,0.5210484636191217,1.157120074765191,0.6360716111460694,"Horvitz-Thompson(recency=30.0,delta=0.20)",HT,30.0,0.2,10,20,169,10000,,yes,0.035,0.9111475905555232
6940,0.5305151084572463,1.1312320115862775,0.6007169031290313,"Horvitz-Thompson(recency=30.0,delta=0.20)",HT,30.0,0.2,10,20,169,10000,,yes,0.035,0.9111475905555232
6941,0.4977860055373605,0.9987923384425335,0.5010063329051729,"Horvitz-Thompson(recency=30.0,delta=0.20)",HT,30.0,0.2,10,20,169,10000,,yes,0.035,0.9111475905555232
6942,0.5345461538587978,1.1414363668462637,0.6068902129874659,"Horvitz-Thompson(recency=30.0,delta=0.20)",HT,30.0,0.2,10,20,169,10000,,yes,0.035,0.9111475905555232
6943,0.48763004599145726,1.0861600173470631,0.5985299713556058,"Horvitz-Thompson(recency=30.0,delta=0.20)",HT,30.0,0.2,10,20,169,10000,,yes,0.035,0.9111475905555232
6944,0.5212384897095788,0.9897063477146726,0.46846785800509383,"Horvitz-Thompson(recency=30.0,delta=0.20)",HT,30.0,0.2,10,20,169,10000,,yes,0.035,0.9111475905555232
6945,0.5223926242340841,0.9125416091378167,0.3901489849037326,"Horvitz-Thompson(recency=30.0,delta=0.20)",HT,30.0,0.2,10,20,169,10000,,yes,0.035,0.9111475905555232
6946,0.4931023756309551,1.0415570553103812,0.5484546796794261,"Horvitz-Thompson(recency=30.0,delta=0.20)",HT,30.0,0.2,10,20,169,10000,,yes,0.035,0.9111475905555232
6947,0.49437209444662683,1.006746399315952,0.5123743048693252,"Horvitz-Thompson(recency=30.0,delta=0.20)",HT,30.0,0.2,10,20,169,10000,,yes,0.035,0.9111475905555232
6948,0.6537196324886304,1.0949969666155517,0.4412773341269213,"Horvitz-Thompson(recency=30.0,delta=0.20)",HT,30.0,0.2,10,20,169,10000,,yes,0.035,0.9111475905555232
6949,0.5617462528478075,1.0096603983541033,0.4479141455062957,"Horvitz-Thompson(recency=30.0,delta=0.20)",HT,30.0,0.2,10,20,169,10000,,yes,0.035,0.9111475905555232
6950,0.5222056779018358,1.2047701615603743,0.6825644836585385,"Horvitz-Thompson(recency=30.0,delta=0.20)",HT,30.0,0.2,10,20,169,10000,,yes,0.035,0.9111475905555232
6951,0.4937891001253769,1.1955817190547835,0.7017926189294066,"Horvitz-Thompson(recency=30.0,delta=0.20)",HT,30.0,0.2,10,20,169,10000,,yes,0.035,0.9111475905555232
6952,0.4536409646596251,1.229609956891772,0.7759689922321469,"Horvitz-Thompson(recency=30.0,delta=0.20)",HT,30.0,0.2,10,20,169,10000,,yes,0.035,0.9111475905555232
6953,0.48739159137471055,1.148406241550682,0.6610146501759714,"Horvitz-Thompson(recency=30.0,delta=0.20)",HT,30.0,0.2,10,20,169,10000,,yes,0.035,0.9111475905555232
6954,0.5925961557636135,0.9921576356332108,0.39956147986959734,"Horvitz-Thompson(recency=30.0,delta=0.20)",HT,30.0,0.2,10,20,169,10000,,yes,0.035,0.9111475905555232
6955,0.5097378653170768,1.085419924530437,0.5756820592133602,"Horvitz-Thompson(recency=30.0,delta=0.20)",HT,30.0,0.2,10,20,169,10000,,yes,0.035,0.9111475905555232
6956,0.5098484812815868,1.0849184855766898,0.575070004295103,"Horvitz-Thompson(recency=30.0,delta=0.20)",HT,30.0,0.2,10,20,169,10000,,yes,0.035,0.9111475905555232
6957,0.5618319508491988,0.9990899335935497,0.4372579827443509,"Horvitz-Thompson(recency=30.0,delta=0.20)",HT,30.0,0.2,10,20,169,10000,,yes,0.035,0.9111475905555232
6958,0.5015927732620759,1.1653419172010167,0.6637491439389408,"Horvitz-Thompson(recency=30.0,delta=0.20)",HT,30.0,0.2,10,20,169,10000,,yes,0.035,0.9111475905555232
6959,0.41497934900884764,1.118103017580654,0.7031236685718063,"Horvitz-Thompson(recency=30.0,delta=0.20)",HT,30.0,0.2,10,20,169,10000,,yes,0.035,0.9111475905555232
6960,0.4998761784934137,1.1343714066214223,0.6344952281280086,"Horvitz-Thompson(recency=30.0,delta=0.20)",HT,30.0,0.2,10,20,169,10000,,yes,0.035,0.9111475905555232
6961,0.5426593989816646,1.134972419142451,0.5923130201607865,"Horvitz-Thompson(recency=30.0,delta=0.20)",HT,30.0,0.2,10,20,169,10000,,yes,0.035,0.9111475905555232
6962,0.4658486682263708,1.2129081808279105,0.7470595126015398,"Horvitz-Thompson(recency=30.0,delta=0.20)",HT,30.0,0.2,10,20,169,10000,,yes,0.035,0.9111475905555232
6963,0.5252268111284527,0.9834063444265136,0.45817953329806094,"Horvitz-Thompson(recency=30.0,delta=0.20)",HT,30.0,0.2,10,20,169,10000,,yes,0.035,0.9111475905555232
6964,0.49045299596866,0.8788016261061449,0.3883486301374849,"Horvitz-Thompson(recency=30.0,delta=0.20)",HT,30.0,0.2,10,20,169,10000,,yes,0.035,0.9111475905555232
6965,0.5046547431865442,0.977802478969611,0.4731477357830668,"Horvitz-Thompson(recency=30.0,delta=0.20)",HT,30.0,0.2,10,20,169,10000,,yes,0.035,0.9111475905555232
6966,0.5732223320908406,1.0303997391705444,0.4571774070797038,"Horvitz-Thompson(recency=30.0,delta=0.20)",HT,30.0,0.2,10,20,169,10000,,yes,0.035,0.9111475905555232
6967,0.4291078906978943,1.2870728393256954,0.8579649486278011,"Horvitz-Thompson(recency=30.0,delta=0.20)",HT,30.0,0.2,10,20,169,10000,,yes,0.035,0.9111475905555232
6968,0.5610017526977792,1.0608372668167603,0.4998355141189811,"Horvitz-Thompson(recency=30.0,delta=0.20)",HT,30.0,0.2,10,20,169,10000,,yes,0.035,0.9111475905555232
6969,0.46663491087433495,1.2100615429720813,0.7434266320977464,"Horvitz-Thompson(recency=30.0,delta=0.20)",HT,30.0,0.2,10,20,169,10000,,yes,0.035,0.9111475905555232
6970,0.5439134377664029,1.1781911115437946,0.6342776737773917,"Horvitz-Thompson(recency=30.0,delta=0.20)",HT,30.0,0.2,10,20,169,10000,,yes,0.035,0.9111475905555232
6971,0.5543868549032926,1.067303719866417,0.5129168649631244,"Horvitz-Thompson(recency=30.0,delta=0.20)",HT,30.0,0.2,10,20,169,10000,,yes,0.035,0.9111475905555232
6972,0.49981313567616764,1.1082815432440103,0.6084684075678426,"Horvitz-Thompson(recency=30.0,delta=0.20)",HT,30.0,0.2,10,20,169,10000,,yes,0.035,0.9111475905555232
6973,0.49834736200215884,1.2231601580381737,0.7248127960360149,"Horvitz-Thompson(recency=30.0,delta=0.20)",HT,30.0,0.2,10,20,169,10000,,yes,0.035,0.9111475905555232
6974,0.4954568778082363,1.1059548798382703,0.6104980020300341,"Horvitz-Thompson(recency=30.0,delta=0.20)",HT,30.0,0.2,10,20,169,10000,,yes,0.035,0.9111475905555232
6975,0.5205570995249449,1.1139419450203192,0.5933848454953743,"Horvitz-Thompson(recency=30.0,delta=0.20)",HT,30.0,0.2,10,20,169,10000,,yes,0.035,0.9111475905555232
6976,0.5197792412412542,1.0803996196220294,0.5606203783807752,"Horvitz-Thompson(recency=30.0,delta=0.20)",HT,30.0,0.2,10,20,169,10000,,yes,0.035,0.9111475905555232
6977,0.4896094908281473,0.986446146252708,0.4968366554245607,"Horvitz-Thompson(recency=30.0,delta=0.20)",HT,30.0,0.2,10,20,169,10000,,yes,0.035,0.9111475905555232
6978,0.5122446706026609,1.2038247507397863,0.6915800801371255,"Horvitz-Thompson(recency=30.0,delta=0.20)",HT,30.0,0.2,10,20,169,10000,,yes,0.035,0.9111475905555232
6979,0.4685963250863589,1.0500730077623814,0.5814766826760225,"Horvitz-Thompson(recency=30.0,delta=0.20)",HT,30.0,0.2,10,20,169,10000,,yes,0.035,0.9111475905555232
6980,0.4510348925990978,0.9841513282412145,0.5331164356421167,"Horvitz-Thompson(recency=30.0,delta=0.20)",HT,30.0,0.2,10,20,169,10000,,yes,0.035,0.9111475905555232
6981,0.4704909402533905,1.1273158795902334,0.6568249393368428,"Horvitz-Thompson(recency=30.0,delta=0.20)",HT,30.0,0.2,10,20,169,10000,,yes,0.035,0.9111475905555232
6982,0.47475003982411335,1.0682132252826604,0.593463185458547,"Horvitz-Thompson(recency=30.0,delta=0.20)",HT,30.0,0.2,10,20,169,10000,,yes,0.035,0.9111475905555232
6983,0.4614207333228292,1.0030594076968846,0.5416386743740554,"Horvitz-Thompson(recency=30.0,delta=0.20)",HT,30.0,0.2,10,20,169,10000,,yes,0.035,0.9111475905555232
6984,0.5298223920544111,1.0826064400937163,0.5527840480393053,"Horvitz-Thompson(recency=30.0,delta=0.20)",HT,30.0,0.2,10,20,169,10000,,yes,0.035,0.9111475905555232
6985,0.5736751382131128,1.0105978667169868,0.43692272850387404,"Horvitz-Thompson(recency=30.0,delta=0.20)",HT,30.0,0.2,10,20,169,10000,,yes,0.035,0.9111475905555232
6986,0.5660541664879302,1.0834021564006315,0.5173479899127014,"Horvitz-Thompson(recency=30.0,delta=0.20)",HT,30.0,0.2,10,20,169,10000,,yes,0.035,0.9111475905555232
6987,0.5296036215100294,1.0865700395584506,0.5569664180484212,"Horvitz-Thompson(recency=30.0,delta=0.20)",HT,30.0,0.2,10,20,169,10000,,yes,0.035,0.9111475905555232
6988,0.5158386320001147,1.1071806022062134,0.5913419702060987,"Horvitz-Thompson(recency=30.0,delta=0.20)",HT,30.0,0.2,10,20,169,10000,,yes,0.035,0.9111475905555232
6989,0.5265001224608538,0.9700455156828768,0.443545393222023,"Horvitz-Thompson(recency=30.0,delta=0.20)",HT,30.0,0.2,10,20,169,10000,,yes,0.035,0.9111475905555232
6990,0.5135136790663019,1.1118428304648447,0.5983291513985428,"Horvitz-Thompson(recency=30.0,delta=0.20)",HT,30.0,0.2,10,20,169,10000,,yes,0.035,0.9111475905555232
6991,0.5170076163246373,1.0972664323471462,0.5802588160225088,"Horvitz-Thompson(recency=30.0,delta=0.20)",HT,30.0,0.2,10,20,169,10000,,yes,0.035,0.9111475905555232
6992,0.5174427249322362,0.9265005517721205,0.40905782683988434,"Horvitz-Thompson(recency=30.0,delta=0.20)",HT,30.0,0.2,10,20,169,10000,,yes,0.035,0.9111475905555232
6993,0.6194245703221134,1.1205452780559257,0.5011207077338123,"Horvitz-Thompson(recency=30.0,delta=0.20)",HT,30.0,0.2,10,20,169,10000,,yes,0.035,0.9111475905555232
6994,0.5493548546340683,0.897526875059139,0.34817202042507067,"Horvitz-Thompson(recency=30.0,delta=0.20)",HT,30.0,0.2,10,20,169,10000,,yes,0.035,0.9111475905555232
6995,0.519142881011498,1.021095631853159,0.501952750841661,"Horvitz-Thompson(recency=30.0,delta=0.20)",HT,30.0,0.2,10,20,169,10000,,yes,0.035,0.9111475905555232
6996,0.41394054621414367,1.0688820845028824,0.6549415382887387,"Horvitz-Thompson(recency=30.0,delta=0.20)",HT,30.0,0.2,10,20,169,10000,,yes,0.035,0.9111475905555232
6997,0.46430245450211466,1.0838441364963207,0.6195416819942061,"Horvitz-Thompson(recency=30.0,delta=0.20)",HT,30.0,0.2,10,20,169,10000,,yes,0.035,0.9111475905555232
6998,0.4684003691549021,1.0814099471211487,0.6130095779662466,"Horvitz-Thompson(recency=30.0,delta=0.20)",HT,30.0,0.2,10,20,169,10000,,yes,0.035,0.9111475905555232
6999,0.523199398696263,0.9993945321580309,0.4761951334617679,"Horvitz-Thompson(recency=30.0,delta=0.20)",HT,30.0,0.2,10,20,169,10000,,yes,0.035,0.9111475905555232
7000,0.5062781270792139,1.0950036687840765,0.5887255417048626,"Hajek(recency=30.0,delta=0.20)",Hajek,30.0,0.2,10,20,169,10000,,yes,0.035,0.9111475905555232
7001,0.5067041845678054,1.1147967280075335,0.6080925434397281,"Hajek(recency=30.0,delta=0.20)",Hajek,30.0,0.2,10,20,169,10000,,yes,0.035,0.9111475905555232
7002,0.5229765180352495,1.104418691512825,0.5814421734775754,"Hajek(recency=30.0,delta=0.20)",Hajek,30.0,0.2,10,20,169,10000,,yes,0.035,0.9111475905555232
7003,0.51362076019247,1.1185791410683104,0.6049583808758403,"Hajek(recency=30.0,delta=0.20)",Hajek,30.0,0.2,10,20,169,10000,,yes,0.035,0.9111475905555232
7004,0.5132112296934631,1.0951948748497518,0.5819836451562886,"Hajek(recency=30.0,delta=0.20)",Hajek,30.0,0.2,10,20,169,10000,,yes,0.035,0.9111475905555232
7005,0.5220986113548464,1.129707765689971,0.6076091543351246,"Hajek(recency=30.0,delta=0.20)",Hajek,30.0,0.2,10,20,169,10000,,yes,0.035,0.9111475905555232
7006,0.5220079117155787,1.1030523192994937,0.581044407583915,"Hajek(recency=30.0,delta=0.20)",Hajek,30.0,0.2,10,20,169,10000,,yes,0.035,0.9111475905555232
7007,0.514449443687745,1.1128196642337653,0.5983702205460203,"Hajek(recency=30.0,delta=0.20)",Hajek,30.0,0.2,10,20,169,10000,,yes,0.035,0.9111475905555232
7008,0.5044422033676579,1.092650393150576,0.5882081897829181,"Hajek(recency=30.0,delta=0.20)",Hajek,30.0,0.2,10,20,169,10000,,yes,0.035,0.9111475905555232
7009,0.5276142718744947,1.1263086823739223,0.5986944104994276,"Hajek(recency=30.0,delta=0.20)",Hajek,30.0,0.2,10,20,169,10000,,yes,0.035,0.9111475905555232
7010,0.5236519074101634,1.10329128864622,0.5796393812360566,"Hajek(recency=30.0,delta=0.20)",Hajek,30.0,0.2,10,20,169,10000,,yes,0.035,0.9111475905555232
7011,0.5136713165796672,1.1030219204149705,0.5893506038353032,"Hajek(recency=30.0,delta=0.20)",Hajek,30.0,0.2,10,20,169,10000,,yes,0.035,0.9111475905555232
7012,0.5215332817390249,1.0944840405827772,0.5729507588437522,"Hajek(recency=30.0,delta=0.20)",Hajek,30.0,0.2,10,20,169,10000,,yes,0.035,0.9111475905555232
7013,0.5119814751822318,1.1259416464993828,0.613960171317151,"Hajek(recency=30.0,delta=0.20)",Hajek,30.0,0.2,10,20,169,10000,,yes,0.035,0.9111475905555232
7014,0.5237762685242655,1.0909424742928129,0.5671662057685474,"Hajek(recency=30.0,delta=0.20)",Hajek,30.0,0.2,10,20,169,10000,,yes,0.035,0.9111475905555232
7015,0.5245168032907324,1.1139160804129813,0.5893992771222489,"Hajek(recency=30.0,delta=0.20)",Hajek,30.0,0.2,10,20,169,10000,,yes,0.035,0.9111475905555232
7016,0.5197225243804969,1.0956847364051623,0.5759622120246654,"Hajek(recency=30.0,delta=0.20)",Hajek,30.0,0.2,10,20,169,10000,,yes,0.035,0.9111475905555232
7017,0.5171795979580799,1.1024168251653663,0.5852372272072864,"Hajek(recency=30.0,delta=0.20)",Hajek,30.0,0.2,10,20,169,10000,,yes,0.035,0.9111475905555232
7018,0.5211617488013633,1.1044350713074136,0.5832733225060502,"Hajek(recency=30.0,delta=0.20)",Hajek,30.0,0.2,10,20,169,10000,,yes,0.035,0.9111475905555232
7019,0.5159564691266127,1.098744294140926,0.5827878250143133,"Hajek(recency=30.0,delta=0.20)",Hajek,30.0,0.2,10,20,169,10000,,yes,0.035,0.9111475905555232
7020,0.5162550577820527,1.1041079614596196,0.5878529036775669,"Hajek(recency=30.0,delta=0.20)",Hajek,30.0,0.2,10,20,169,10000,,yes,0.035,0.9111475905555232
7021,0.5013061032220685,1.1107844751018279,0.6094783718797594,"Hajek(recency=30.0,delta=0.20)",Hajek,30.0,0.2,10,20,169,10000,,yes,0.035,0.9111475905555232
7022,0.5040069499487638,1.111214853032154,0.6072079030833901,"Hajek(recency=30.0,delta=0.20)",Hajek,30.0,0.2,10,20,169,10000,,yes,0.035,0.9111475905555232
7023,0.5207219708625213,1.116709899922768,0.5959879290602468,"Hajek(recency=30.0,delta=0.20)",Hajek,30.0,0.2,10,20,169,10000,,yes,0.035,0.9111475905555232
7024,0.5215472781302026,1.0785429921547116,0.556995714024509,"Hajek(recency=30.0,delta=0.20)",Hajek,30.0,0.2,10,20,169,10000,,yes,0.035,0.9111475905555232
7025,0.5316113894966018,1.1133248155783575,0.5817134260817557,"Hajek(recency=30.0,delta=0.20)",Hajek,30.0,0.2,10,20,169,10000,,yes,0.035,0.9111475905555232
7026,0.52554303412699,1.1071758800375386,0.5816328459105486,"Hajek(recency=30.0,delta=0.20)",Hajek,30.0,0.2,10,20,169,10000,,yes,0.035,0.9111475905555232
7027,0.511263580440168,1.083168555159679,0.5719049747195111,"Hajek(recency=30.0,delta=0.20)",Hajek,30.0,0.2,10,20,169,10000,,yes,0.035,0.9111475905555232
7028,0.5196678880730176,1.082290686090885,0.5626227980178674,"Hajek(recency=30.0,delta=0.20)",Hajek,30.0,0.2,10,20,169,10000,,yes,0.035,0.9111475905555232
7029,0.5196433784233667,1.1034645856868162,0.5838212072634494,"Hajek(recency=30.0,delta=0.20)",Hajek,30.0,0.2,10,20,169,10000,,yes,0.035,0.9111475905555232
7030,0.5184267442376113,1.0875430083620723,0.569116264124461,"Hajek(recency=30.0,delta=0.20)",Hajek,30.0,0.2,10,20,169,10000,,yes,0.035,0.9111475905555232
7031,0.5165518059842029,1.1134436524903728,0.5968918465061699,"Hajek(recency=30.0,delta=0.20)",Hajek,30.0,0.2,10,20,169,10000,,yes,0.035,0.9111475905555232
7032,0.510386270959885,1.1156592782525268,0.6052730072926418,"Hajek(recency=30.0,delta=0.20)",Hajek,30.0,0.2,10,20,169,10000,,yes,0.035,0.9111475905555232
7033,0.49573906733331147,1.0997111398986987,0.6039720725653872,"Hajek(recency=30.0,delta=0.20)",Hajek,30.0,0.2,10,20,169,10000,,yes,0.035,0.9111475905555232
7034,0.5140072269988577,1.1059013150873824,0.5918940880885247,"Hajek(recency=30.0,delta=0.20)",Hajek,30.0,0.2,10,20,169,10000,,yes,0.035,0.9111475905555232
7035,0.50699725482317,1.101528509724602,0.5945312549014319,"Hajek(recency=30.0,delta=0.20)",Hajek,30.0,0.2,10,20,169,10000,,yes,0.035,0.9111475905555232
7036,0.5191313701478782,1.1107218405723862,0.591590470424508,"Hajek(recency=30.0,delta=0.20)",Hajek,30.0,0.2,10,20,169,10000,,yes,0.035,0.9111475905555232
7037,0.5101447324324018,1.0981095378991255,0.5879648054667237,"Hajek(recency=30.0,delta=0.20)",Hajek,30.0,0.2,10,20,169,10000,,yes,0.035,0.9111475905555232
7038,0.5091290155576226,1.1083858243925597,0.5992568088349371,"Hajek(recency=30.0,delta=0.20)",Hajek,30.0,0.2,10,20,169,10000,,yes,0.035,0.9111475905555232
7039,0.5216341388680256,1.1034001570487333,0.5817660181807077,"Hajek(recency=30.0,delta=0.20)",Hajek,30.0,0.2,10,20,169,10000,,yes,0.035,0.9111475905555232
7040,0.512344096939582,1.0923818889955608,0.5800377920559787,"Hajek(recency=30.0,delta=0.20)",Hajek,30.0,0.2,10,20,169,10000,,yes,0.035,0.9111475905555232
7041,0.5117829850355534,1.1020053451096683,0.5902223600741149,"Hajek(recency=30.0,delta=0.20)",Hajek,30.0,0.2,10,20,169,10000,,yes,0.035,0.9111475905555232
7042,0.5124270637055299,1.1139382029473517,0.6015111392418218,"Hajek(recency=30.0,delta=0.20)",Hajek,30.0,0.2,10,20,169,10000,,yes,0.035,0.9111475905555232
7043,0.516876310702499,1.1260452519795143,0.6091689412770154,"Hajek(recency=30.0,delta=0.20)",Hajek,30.0,0.2,10,20,169,10000,,yes,0.035,0.9111475905555232
7044,0.5099040519417768,1.107523462138026,0.5976194101962493,"Hajek(recency=30.0,delta=0.20)",Hajek,30.0,0.2,10,20,169,10000,,yes,0.035,0.9111475905555232
7045,0.5098856630884959,1.1300915408137686,0.6202058777252727,"Hajek(recency=30.0,delta=0.20)",Hajek,30.0,0.2,10,20,169,10000,,yes,0.035,0.9111475905555232
7046,0.5267774592254487,1.1100056622112267,0.5832282029857779,"Hajek(recency=30.0,delta=0.20)",Hajek,30.0,0.2,10,20,169,10000,,yes,0.035,0.9111475905555232
7047,0.5106015096064794,1.0897692632623983,0.5791677536559189,"Hajek(recency=30.0,delta=0.20)",Hajek,30.0,0.2,10,20,169,10000,,yes,0.035,0.9111475905555232
7048,0.5183854346512582,1.1145747155538774,0.5961892809026192,"Hajek(recency=30.0,delta=0.20)",Hajek,30.0,0.2,10,20,169,10000,,yes,0.035,0.9111475905555232
7049,0.508998520665415,1.0839415674079058,0.5749430467424909,"Hajek(recency=30.0,delta=0.20)",Hajek,30.0,0.2,10,20,169,10000,,yes,0.035,0.9111475905555232
7050,0.503519330728583,1.1229904602306602,0.6194711295020772,"Hajek(recency=30.0,delta=0.20)",Hajek,30.0,0.2,10,20,169,10000,,yes,0.035,0.9111475905555232
7051,0.5040336582753365,1.1045245982026264,0.6004909399272899,"Hajek(recency=30.0,delta=0.20)",Hajek,30.0,0.2,10,20,169,10000,,yes,0.035,0.9111475905555232
7052,0.5081802726739947,1.1057215504689022,0.5975412777949075,"Hajek(recency=30.0,delta=0.20)",Hajek,30.0,0.2,10,20,169,10000,,yes,0.035,0.9111475905555232
7053,0.5046084374100926,1.1163194623988095,0.6117110249887169,"Hajek(recency=30.0,delta=0.20)",Hajek,30.0,0.2,10,20,169,10000,,yes,0.035,0.9111475905555232
7054,0.5160654630812085,1.0944471097610986,0.5783816466798901,"Hajek(recency=30.0,delta=0.20)",Hajek,30.0,0.2,10,20,169,10000,,yes,0.035,0.9111475905555232
7055,0.5174748422412466,1.1093242038238882,0.5918493615826416,"Hajek(recency=30.0,delta=0.20)",Hajek,30.0,0.2,10,20,169,10000,,yes,0.035,0.9111475905555232
7056,0.5237215394100991,1.1062313846570786,0.5825098452469795,"Hajek(recency=30.0,delta=0.20)",Hajek,30.0,0.2,10,20,169,10000,,yes,0.035,0.9111475905555232
7057,0.5236581786893845,1.0898425916888266,0.5661844129994421,"Hajek(recency=30.0,delta=0.20)",Hajek,30.0,0.2,10,20,169,10000,,yes,0.035,0.9111475905555232
7058,0.5159762839792194,1.1153839308873958,0.5994076469081765,"Hajek(recency=30.0,delta=0.20)",Hajek,30.0,0.2,10,20,169,10000,,yes,0.035,0.9111475905555232
7059,0.511356807586944,1.081686910456465,0.570330102869521,"Hajek(recency=30.0,delta=0.20)",Hajek,30.0,0.2,10,20,169,10000,,yes,0.035,0.9111475905555232
7060,0.5026829290956684,1.1185511587809829,0.6158682296853145,"Hajek(recency=30.0,delta=0.20)",Hajek,30.0,0.2,10,20,169,10000,,yes,0.035,0.9111475905555232
7061,0.5168967298485375,1.0886734567867653,0.5717767269382278,"Hajek(recency=30.0,delta=0.20)",Hajek,30.0,0.2,10,20,169,10000,,yes,0.035,0.9111475905555232
7062,0.5003560962971094,1.0992280187263692,0.5988719224292598,"Hajek(recency=30.0,delta=0.20)",Hajek,30.0,0.2,10,20,169,10000,,yes,0.035,0.9111475905555232
7063,0.5244027481101933,1.0907154886441945,0.5663127405340013,"Hajek(recency=30.0,delta=0.20)",Hajek,30.0,0.2,10,20,169,10000,,yes,0.035,0.9111475905555232
7064,0.5119374291378526,1.1179435467058472,0.6060061175679946,"Hajek(recency=30.0,delta=0.20)",Hajek,30.0,0.2,10,20,169,10000,,yes,0.035,0.9111475905555232
7065,0.5166117461173216,1.0893935781850548,0.5727818320677331,"Hajek(recency=30.0,delta=0.20)",Hajek,30.0,0.2,10,20,169,10000,,yes,0.035,0.9111475905555232
7066,0.5010241293446281,1.1165933688571992,0.615569239512571,"Hajek(recency=30.0,delta=0.20)",Hajek,30.0,0.2,10,20,169,10000,,yes,0.035,0.9111475905555232
7067,0.5143547576102759,1.0983104084067565,0.5839556507964806,"Hajek(recency=30.0,delta=0.20)",Hajek,30.0,0.2,10,20,169,10000,,yes,0.035,0.9111475905555232
7068,0.502778240450751,1.1037826335227308,0.6010043930719797,"Hajek(recency=30.0,delta=0.20)",Hajek,30.0,0.2,10,20,169,10000,,yes,0.035,0.9111475905555232
7069,0.525084376770637,1.1059528080537488,0.5808684312831118,"Hajek(recency=30.0,delta=0.20)",Hajek,30.0,0.2,10,20,169,10000,,yes,0.035,0.9111475905555232
7070,0.5179337951759103,1.0952703730569682,0.5773365778810579,"Hajek(recency=30.0,delta=0.20)",Hajek,30.0,0.2,10,20,169,10000,,yes,0.035,0.9111475905555232
7071,0.5112783106513558,1.0952297204625123,0.5839514098111566,"Hajek(recency=30.0,delta=0.20)",Hajek,30.0,0.2,10,20,169,10000,,yes,0.035,0.9111475905555232
7072,0.5061985282222685,1.1249141649759227,0.6187156367536542,"Hajek(recency=30.0,delta=0.20)",Hajek,30.0,0.2,10,20,169,10000,,yes,0.035,0.9111475905555232
7073,0.5253017437516534,1.123750576194361,0.5984488324427075,"Hajek(recency=30.0,delta=0.20)",Hajek,30.0,0.2,10,20,169,10000,,yes,0.035,0.9111475905555232
7074,0.5079750311900689,1.0970936813716181,0.5891186501815492,"Hajek(recency=30.0,delta=0.20)",Hajek,30.0,0.2,10,20,169,10000,,yes,0.035,0.9111475905555232
7075,0.5210185164080241,1.122486248321115,0.601467731913091,"Hajek(recency=30.0,delta=0.20)",Hajek,30.0,0.2,10,20,169,10000,,yes,0.035,0.9111475905555232
7076,0.5258868478072728,1.100242920978765,0.5743560731714922,"Hajek(recency=30.0,delta=0.20)",Hajek,30.0,0.2,10,20,169,10000,,yes,0.035,0.9111475905555232
7077,0.5312750495987282,1.106655128449287,0.5753800788505588,"Hajek(recency=30.0,delta=0.20)",Hajek,30.0,0.2,10,20,169,10000,,yes,0.035,0.9111475905555232
7078,0.5198841018378605,1.0984539868025966,0.5785698849647362,"Hajek(recency=30.0,delta=0.20)",Hajek,30.0,0.2,10,20,169,10000,,yes,0.035,0.9111475905555232
7079,0.5264734136009007,1.0890935952057963,0.5626201816048956,"Hajek(recency=30.0,delta=0.20)",Hajek,30.0,0.2,10,20,169,10000,,yes,0.035,0.9111475905555232
7080,0.5202916311359361,1.1101594882822137,0.5898678571462775,"Hajek(recency=30.0,delta=0.20)",Hajek,30.0,0.2,10,20,169,10000,,yes,0.035,0.9111475905555232
7081,0.5121301515467819,1.094051774625844,0.5819216230790621,"Hajek(recency=30.0,delta=0.20)",Hajek,30.0,0.2,10,20,169,10000,,yes,0.035,0.9111475905555232
7082,0.5100088739752601,1.1122334269869631,0.6022245530117031,"Hajek(recency=30.0,delta=0.20)",Hajek,30.0,0.2,10,20,169,10000,,yes,0.035,0.9111475905555232
7083,0.5146756657840134,1.1174580534489365,0.6027823876649231,"Hajek(recency=30.0,delta=0.20)",Hajek,30.0,0.2,10,20,169,10000,,yes,0.035,0.9111475905555232
7084,0.5129421124808159,1.1024476022325358,0.5895054897517199,"Hajek(recency=30.0,delta=0.20)",Hajek,30.0,0.2,10,20,169,10000,,yes,0.035,0.9111475905555232
7085,0.5070465981647031,1.107597525982396,0.6005509278176929,"Hajek(recency=30.0,delta=0.20)",Hajek,30.0,0.2,10,20,169,10000,,yes,0.035,0.9111475905555232
7086,0.5183256280164935,1.1055144868981486,0.5871888588816551,"Hajek(recency=30.0,delta=0.20)",Hajek,30.0,0.2,10,20,169,10000,,yes,0.035,0.9111475905555232
7087,0.519873963286066,1.1213342645891022,0.6014603013030362,"Hajek(recency=30.0,delta=0.20)",Hajek,30.0,0.2,10,20,169,10000,,yes,0.035,0.9111475905555232
7088,0.5078854213157963,1.0806557985405485,0.5727703772247522,"Hajek(recency=30.0,delta=0.20)",Hajek,30.0,0.2,10,20,169,10000,,yes,0.035,0.9111475905555232
7089,0.5288532297688907,1.0957353497342819,0.5668821199653912,"Hajek(recency=30.0,delta=0.20)",Hajek,30.0,0.2,10,20,169,10000,,yes,0.035,0.9111475905555232
7090,0.5082202375018667,1.1042566174211494,0.5960363799192827,"Hajek(recency=30.0,delta=0.20)",Hajek,30.0,0.2,10,20,169,10000,,yes,0.035,0.9111475905555232
7091,0.5084302636816027,1.0950745116779605,0.5866442479963578,"Hajek(recency=30.0,delta=0.20)",Hajek,30.0,0.2,10,20,169,10000,,yes,0.035,0.9111475905555232
7092,0.5137679159070286,1.1190335540012732,0.6052656380942446,"Hajek(recency=30.0,delta=0.20)",Hajek,30.0,0.2,10,20,169,10000,,yes,0.035,0.9111475905555232
7093,0.5253963779472253,1.107821000193958,0.5824246222467326,"Hajek(recency=30.0,delta=0.20)",Hajek,30.0,0.2,10,20,169,10000,,yes,0.035,0.9111475905555232
7094,0.5352595314888883,1.1200122508700852,0.5847527193811969,"Hajek(recency=30.0,delta=0.20)",Hajek,30.0,0.2,10,20,169,10000,,yes,0.035,0.9111475905555232
7095,0.5166510962065486,1.0933365467355385,0.5766854505289899,"Hajek(recency=30.0,delta=0.20)",Hajek,30.0,0.2,10,20,169,10000,,yes,0.035,0.9111475905555232
7096,0.5094358469343105,1.0815292255337585,0.572093378599448,"Hajek(recency=30.0,delta=0.20)",Hajek,30.0,0.2,10,20,169,10000,,yes,0.035,0.9111475905555232
7097,0.5144577179260831,1.0844580668412138,0.5700003489151307,"Hajek(recency=30.0,delta=0.20)",Hajek,30.0,0.2,10,20,169,10000,,yes,0.035,0.9111475905555232
7098,0.5272355060954881,1.0975294437091858,0.5702939376136977,"Hajek(recency=30.0,delta=0.20)",Hajek,30.0,0.2,10,20,169,10000,,yes,0.035,0.9111475905555232
7099,0.5095587965236199,1.08782035125449,0.57826155473087,"Hajek(recency=30.0,delta=0.20)",Hajek,30.0,0.2,10,20,169,10000,,yes,0.035,0.9111475905555232
7100,0.5151869821611099,1.1050839372342267,0.5898969550731168,"Hajek(recency=30.0,delta=0.20)",Hajek,30.0,0.2,10,20,169,10000,,yes,0.035,0.9111475905555232
7101,0.521228294991138,1.0967859559899669,0.5755576609988289,"Hajek(recency=30.0,delta=0.20)",Hajek,30.0,0.2,10,20,169,10000,,yes,0.035,0.9111475905555232
7102,0.5077126337149512,1.102169806996999,0.5944571732820477,"Hajek(recency=30.0,delta=0.20)",Hajek,30.0,0.2,10,20,169,10000,,yes,0.035,0.9111475905555232
7103,0.5128994058521904,1.1130086438740747,0.6001092380218843,"Hajek(recency=30.0,delta=0.20)",Hajek,30.0,0.2,10,20,169,10000,,yes,0.035,0.9111475905555232
7104,0.5111807007643484,1.1055841375115105,0.5944034367471621,"Hajek(recency=30.0,delta=0.20)",Hajek,30.0,0.2,10,20,169,10000,,yes,0.035,0.9111475905555232
7105,0.4985782635801313,1.1212321285345945,0.6226538649544633,"Hajek(recency=30.0,delta=0.20)",Hajek,30.0,0.2,10,20,169,10000,,yes,0.035,0.9111475905555232
7106,0.5089110869534892,1.100685574406324,0.5917744874528348,"Hajek(recency=30.0,delta=0.20)",Hajek,30.0,0.2,10,20,169,10000,,yes,0.035,0.9111475905555232
7107,0.5220879063753064,1.1125053948979933,0.5904174885226868,"Hajek(recency=30.0,delta=0.20)",Hajek,30.0,0.2,10,20,169,10000,,yes,0.035,0.9111475905555232
7108,0.5201859570556788,1.1094452820163343,0.5892593249606555,"Hajek(recency=30.0,delta=0.20)",Hajek,30.0,0.2,10,20,169,10000,,yes,0.035,0.9111475905555232
7109,0.5095967390042078,1.0949101106117736,0.5853133716075658,"Hajek(recency=30.0,delta=0.20)",Hajek,30.0,0.2,10,20,169,10000,,yes,0.035,0.9111475905555232
7110,0.5127135998505506,1.0989764275180585,0.5862628276675078,"Hajek(recency=30.0,delta=0.20)",Hajek,30.0,0.2,10,20,169,10000,,yes,0.035,0.9111475905555232
7111,0.5146286468087525,1.104587362939239,0.5899587161304866,"Hajek(recency=30.0,delta=0.20)",Hajek,30.0,0.2,10,20,169,10000,,yes,0.035,0.9111475905555232
7112,0.5168682472837981,1.1069469102021021,0.590078662918304,"Hajek(recency=30.0,delta=0.20)",Hajek,30.0,0.2,10,20,169,10000,,yes,0.035,0.9111475905555232
7113,0.5098135710075076,1.089856957970986,0.5800433869634785,"Hajek(recency=30.0,delta=0.20)",Hajek,30.0,0.2,10,20,169,10000,,yes,0.035,0.9111475905555232
7114,0.5196803971046294,1.0969669179131767,0.5772865208085473,"Hajek(recency=30.0,delta=0.20)",Hajek,30.0,0.2,10,20,169,10000,,yes,0.035,0.9111475905555232
7115,0.5203347459491464,1.1074076470993695,0.587072901150223,"Hajek(recency=30.0,delta=0.20)",Hajek,30.0,0.2,10,20,169,10000,,yes,0.035,0.9111475905555232
7116,0.5193241818324928,1.1146382628436187,0.5953140810111258,"Hajek(recency=30.0,delta=0.20)",Hajek,30.0,0.2,10,20,169,10000,,yes,0.035,0.9111475905555232
7117,0.5121697171450724,1.0899090120767747,0.5777392949317023,"Hajek(recency=30.0,delta=0.20)",Hajek,30.0,0.2,10,20,169,10000,,yes,0.035,0.9111475905555232
7118,0.521349560410391,1.0995707388506575,0.5782211784402664,"Hajek(recency=30.0,delta=0.20)",Hajek,30.0,0.2,10,20,169,10000,,yes,0.035,0.9111475905555232
7119,0.5238606514961411,1.0925550053373734,0.5686943538412322,"Hajek(recency=30.0,delta=0.20)",Hajek,30.0,0.2,10,20,169,10000,,yes,0.035,0.9111475905555232
7120,0.522221306688279,1.1135839513536523,0.5913626446653732,"Hajek(recency=30.0,delta=0.20)",Hajek,30.0,0.2,10,20,169,10000,,yes,0.035,0.9111475905555232
7121,0.517275219529493,1.1141462436026424,0.5968710240731494,"Hajek(recency=30.0,delta=0.20)",Hajek,30.0,0.2,10,20,169,10000,,yes,0.035,0.9111475905555232
7122,0.5276200991852775,1.1049274358074395,0.5773073366221619,"Hajek(recency=30.0,delta=0.20)",Hajek,30.0,0.2,10,20,169,10000,,yes,0.035,0.9111475905555232
7123,0.5162719057588765,1.1125771110621414,0.5963052053032649,"Hajek(recency=30.0,delta=0.20)",Hajek,30.0,0.2,10,20,169,10000,,yes,0.035,0.9111475905555232
7124,0.5113010877087888,1.1208099405116392,0.6095088528028504,"Hajek(recency=30.0,delta=0.20)",Hajek,30.0,0.2,10,20,169,10000,,yes,0.035,0.9111475905555232
7125,0.5096807925750707,1.120012277027867,0.6103314844527964,"Hajek(recency=30.0,delta=0.20)",Hajek,30.0,0.2,10,20,169,10000,,yes,0.035,0.9111475905555232
7126,0.5268646828037401,1.1131468104486595,0.5862821276449194,"Hajek(recency=30.0,delta=0.20)",Hajek,30.0,0.2,10,20,169,10000,,yes,0.035,0.9111475905555232
7127,0.5023725200337076,1.108058501770675,0.6056859817369674,"Hajek(recency=30.0,delta=0.20)",Hajek,30.0,0.2,10,20,169,10000,,yes,0.035,0.9111475905555232
7128,0.505370296658446,1.096748551921196,0.5913782552627499,"Hajek(recency=30.0,delta=0.20)",Hajek,30.0,0.2,10,20,169,10000,,yes,0.035,0.9111475905555232
7129,0.5150978592073542,1.1145453375576715,0.5994474783503173,"Hajek(recency=30.0,delta=0.20)",Hajek,30.0,0.2,10,20,169,10000,,yes,0.035,0.9111475905555232
7130,0.5120148155386798,1.1101406295060268,0.598125813967347,"Hajek(recency=30.0,delta=0.20)",Hajek,30.0,0.2,10,20,169,10000,,yes,0.035,0.9111475905555232
7131,0.5130030446688478,1.1240638494065742,0.6110608047377264,"Hajek(recency=30.0,delta=0.20)",Hajek,30.0,0.2,10,20,169,10000,,yes,0.035,0.9111475905555232
7132,0.5283866233885719,1.096904604947463,0.568517981558891,"Hajek(recency=30.0,delta=0.20)",Hajek,30.0,0.2,10,20,169,10000,,yes,0.035,0.9111475905555232
7133,0.5138661108852306,1.1194982076250308,0.6056320967398002,"Hajek(recency=30.0,delta=0.20)",Hajek,30.0,0.2,10,20,169,10000,,yes,0.035,0.9111475905555232
7134,0.514715055207617,1.1057273320284078,0.5910122768207908,"Hajek(recency=30.0,delta=0.20)",Hajek,30.0,0.2,10,20,169,10000,,yes,0.035,0.9111475905555232
7135,0.5156188618924565,1.1209547756483842,0.6053359137559277,"Hajek(recency=30.0,delta=0.20)",Hajek,30.0,0.2,10,20,169,10000,,yes,0.035,0.9111475905555232
7136,0.5087772217653875,1.1195486552220366,0.6107714334566491,"Hajek(recency=30.0,delta=0.20)",Hajek,30.0,0.2,10,20,169,10000,,yes,0.035,0.9111475905555232
7137,0.5069064242161249,1.1215575383792469,0.614651114163122,"Hajek(recency=30.0,delta=0.20)",Hajek,30.0,0.2,10,20,169,10000,,yes,0.035,0.9111475905555232
7138,0.5145201171310863,1.102825441359288,0.5883053242282017,"Hajek(recency=30.0,delta=0.20)",Hajek,30.0,0.2,10,20,169,10000,,yes,0.035,0.9111475905555232
7139,0.5141907160599187,1.0926438580274536,0.5784531419675348,"Hajek(recency=30.0,delta=0.20)",Hajek,30.0,0.2,10,20,169,10000,,yes,0.035,0.9111475905555232
7140,0.5068885659228866,1.1226266123129225,0.6157380463900359,"Hajek(recency=30.0,delta=0.20)",Hajek,30.0,0.2,10,20,169,10000,,yes,0.035,0.9111475905555232
7141,0.5277518597539446,1.1121473780288202,0.5843955182748757,"Hajek(recency=30.0,delta=0.20)",Hajek,30.0,0.2,10,20,169,10000,,yes,0.035,0.9111475905555232
7142,0.5133215179729632,1.1186890142673729,0.6053674962944097,"Hajek(recency=30.0,delta=0.20)",Hajek,30.0,0.2,10,20,169,10000,,yes,0.035,0.9111475905555232
7143,0.5161854083022256,1.10131529343124,0.5851298851290144,"Hajek(recency=30.0,delta=0.20)",Hajek,30.0,0.2,10,20,169,10000,,yes,0.035,0.9111475905555232
7144,0.51378599286425,1.103539897342625,0.589753904478375,"Hajek(recency=30.0,delta=0.20)",Hajek,30.0,0.2,10,20,169,10000,,yes,0.035,0.9111475905555232
7145,0.5306395406800173,1.0985450242782446,0.5679054835982273,"Hajek(recency=30.0,delta=0.20)",Hajek,30.0,0.2,10,20,169,10000,,yes,0.035,0.9111475905555232
7146,0.5006975835044583,1.1040421633047517,0.6033445798002934,"Hajek(recency=30.0,delta=0.20)",Hajek,30.0,0.2,10,20,169,10000,,yes,0.035,0.9111475905555232
7147,0.5181219189818338,1.1141116492938778,0.595989730312044,"Hajek(recency=30.0,delta=0.20)",Hajek,30.0,0.2,10,20,169,10000,,yes,0.035,0.9111475905555232
7148,0.5263411943273671,1.1039226936795128,0.5775814993521456,"Hajek(recency=30.0,delta=0.20)",Hajek,30.0,0.2,10,20,169,10000,,yes,0.035,0.9111475905555232
7149,0.5160175501522587,1.093475118146526,0.5774575679942674,"Hajek(recency=30.0,delta=0.20)",Hajek,30.0,0.2,10,20,169,10000,,yes,0.035,0.9111475905555232
7150,0.5257661553518392,1.102649076337593,0.5768829209857537,"Hajek(recency=30.0,delta=0.20)",Hajek,30.0,0.2,10,20,169,10000,,yes,0.035,0.9111475905555232
7151,0.5191002777663346,1.118910469617606,0.5998101918512714,"Hajek(recency=30.0,delta=0.20)",Hajek,30.0,0.2,10,20,169,10000,,yes,0.035,0.9111475905555232
7152,0.5144344459928657,1.0979864909124144,0.5835520449195487,"Hajek(recency=30.0,delta=0.20)",Hajek,30.0,0.2,10,20,169,10000,,yes,0.035,0.9111475905555232
7153,0.5203364019994361,1.0967344051148329,0.5763980031153968,"Hajek(recency=30.0,delta=0.20)",Hajek,30.0,0.2,10,20,169,10000,,yes,0.035,0.9111475905555232
7154,0.5044044497946286,1.103897683120531,0.5994932333259023,"Hajek(recency=30.0,delta=0.20)",Hajek,30.0,0.2,10,20,169,10000,,yes,0.035,0.9111475905555232
7155,0.5220596651795327,1.0987074886216661,0.5766478234421334,"Hajek(recency=30.0,delta=0.20)",Hajek,30.0,0.2,10,20,169,10000,,yes,0.035,0.9111475905555232
7156,0.4891028962689231,1.1102877520254686,0.6211848557565455,"Hajek(recency=30.0,delta=0.20)",Hajek,30.0,0.2,10,20,169,10000,,yes,0.035,0.9111475905555232
7157,0.5163159276502081,1.1207189153004893,0.6044029876502812,"Hajek(recency=30.0,delta=0.20)",Hajek,30.0,0.2,10,20,169,10000,,yes,0.035,0.9111475905555232
7158,0.5147840220656897,1.093511787299925,0.5787277652342352,"Hajek(recency=30.0,delta=0.20)",Hajek,30.0,0.2,10,20,169,10000,,yes,0.035,0.9111475905555232
7159,0.5101398409735451,1.091875855199513,0.5817360142259678,"Hajek(recency=30.0,delta=0.20)",Hajek,30.0,0.2,10,20,169,10000,,yes,0.035,0.9111475905555232
7160,0.5083387515103781,1.1013476318652848,0.5930088803549067,"Hajek(recency=30.0,delta=0.20)",Hajek,30.0,0.2,10,20,169,10000,,yes,0.035,0.9111475905555232
7161,0.5074456368014584,1.1192770490251696,0.6118314122237112,"Hajek(recency=30.0,delta=0.20)",Hajek,30.0,0.2,10,20,169,10000,,yes,0.035,0.9111475905555232
7162,0.5161734374423278,1.088384230734301,0.5722107932919732,"Hajek(recency=30.0,delta=0.20)",Hajek,30.0,0.2,10,20,169,10000,,yes,0.035,0.9111475905555232
7163,0.5135134447719032,1.1224787870051365,0.6089653422332333,"Hajek(recency=30.0,delta=0.20)",Hajek,30.0,0.2,10,20,169,10000,,yes,0.035,0.9111475905555232
7164,0.5081671641146951,1.1288532398736286,0.6206860757589335,"Hajek(recency=30.0,delta=0.20)",Hajek,30.0,0.2,10,20,169,10000,,yes,0.035,0.9111475905555232
7165,0.5169785679275373,1.1067032121365108,0.5897246442089735,"Hajek(recency=30.0,delta=0.20)",Hajek,30.0,0.2,10,20,169,10000,,yes,0.035,0.9111475905555232
7166,0.5039234264110938,1.11605586011381,0.6121324337027162,"Hajek(recency=30.0,delta=0.20)",Hajek,30.0,0.2,10,20,169,10000,,yes,0.035,0.9111475905555232
7167,0.5227031099918795,1.0878160053395645,0.5651128953476849,"Hajek(recency=30.0,delta=0.20)",Hajek,30.0,0.2,10,20,169,10000,,yes,0.035,0.9111475905555232
7168,0.50966388263191,1.1098521254653138,0.6001882428334038,"Hajek(recency=30.0,delta=0.20)",Hajek,30.0,0.2,10,20,169,10000,,yes,0.035,0.9111475905555232
7169,0.4929265155773803,1.109165804239113,0.6162392886617327,"Hajek(recency=30.0,delta=0.20)",Hajek,30.0,0.2,10,20,169,10000,,yes,0.035,0.9111475905555232
7170,0.5169352800512156,1.086222312359388,0.5692870323081723,"Hajek(recency=30.0,delta=0.20)",Hajek,30.0,0.2,10,20,169,10000,,yes,0.035,0.9111475905555232
7171,0.5079598625862529,1.0979565847613508,0.5899967221750979,"Hajek(recency=30.0,delta=0.20)",Hajek,30.0,0.2,10,20,169,10000,,yes,0.035,0.9111475905555232
7172,0.523750993849914,1.1014575569682235,0.5777065631183095,"Hajek(recency=30.0,delta=0.20)",Hajek,30.0,0.2,10,20,169,10000,,yes,0.035,0.9111475905555232
7173,0.5200297288283687,1.1103141432578607,0.590284414429492,"Hajek(recency=30.0,delta=0.20)",Hajek,30.0,0.2,10,20,169,10000,,yes,0.035,0.9111475905555232
7174,0.5113653426539816,1.1094762178548117,0.5981108752008301,"Hajek(recency=30.0,delta=0.20)",Hajek,30.0,0.2,10,20,169,10000,,yes,0.035,0.9111475905555232
7175,0.5188432789459292,1.106544123499824,0.5877008445538947,"Hajek(recency=30.0,delta=0.20)",Hajek,30.0,0.2,10,20,169,10000,,yes,0.035,0.9111475905555232
7176,0.5172211811948508,1.1019055544903187,0.5846843732954679,"Hajek(recency=30.0,delta=0.20)",Hajek,30.0,0.2,10,20,169,10000,,yes,0.035,0.9111475905555232
7177,0.5194251274692625,1.1055444193076711,0.5861192918384086,"Hajek(recency=30.0,delta=0.20)",Hajek,30.0,0.2,10,20,169,10000,,yes,0.035,0.9111475905555232
7178,0.4998693576364557,1.1058983568084721,0.6060289991720165,"Hajek(recency=30.0,delta=0.20)",Hajek,30.0,0.2,10,20,169,10000,,yes,0.035,0.9111475905555232
7179,0.5183524505311944,1.1094850244705834,0.591132573939389,"Hajek(recency=30.0,delta=0.20)",Hajek,30.0,0.2,10,20,169,10000,,yes,0.035,0.9111475905555232
7180,0.5060111759025413,1.1192644786633483,0.613253302760807,"Hajek(recency=30.0,delta=0.20)",Hajek,30.0,0.2,10,20,169,10000,,yes,0.035,0.9111475905555232
7181,0.5088258401355078,1.1237913698661461,0.6149655297306383,"Hajek(recency=30.0,delta=0.20)",Hajek,30.0,0.2,10,20,169,10000,,yes,0.035,0.9111475905555232
7182,0.5176944786074978,1.115085497266713,0.5973910186592152,"Hajek(recency=30.0,delta=0.20)",Hajek,30.0,0.2,10,20,169,10000,,yes,0.035,0.9111475905555232
7183,0.5030858299596763,1.121287646246527,0.6182018162868508,"Hajek(recency=30.0,delta=0.20)",Hajek,30.0,0.2,10,20,169,10000,,yes,0.035,0.9111475905555232
7184,0.5103301281256357,1.1033833465955651,0.5930532184699294,"Hajek(recency=30.0,delta=0.20)",Hajek,30.0,0.2,10,20,169,10000,,yes,0.035,0.9111475905555232
7185,0.5017799308237143,1.0985378089292617,0.5967578781055474,"Hajek(recency=30.0,delta=0.20)",Hajek,30.0,0.2,10,20,169,10000,,yes,0.035,0.9111475905555232
7186,0.5180460509767488,1.1106426902379134,0.5925966392611646,"Hajek(recency=30.0,delta=0.20)",Hajek,30.0,0.2,10,20,169,10000,,yes,0.035,0.9111475905555232
7187,0.5182557770346461,1.0976128722404779,0.5793570952058318,"Hajek(recency=30.0,delta=0.20)",Hajek,30.0,0.2,10,20,169,10000,,yes,0.035,0.9111475905555232
7188,0.5127497624192175,1.0972070664589788,0.5844573040397613,"Hajek(recency=30.0,delta=0.20)",Hajek,30.0,0.2,10,20,169,10000,,yes,0.035,0.9111475905555232
7189,0.5132327829754021,1.1097049038392224,0.5964721208638203,"Hajek(recency=30.0,delta=0.20)",Hajek,30.0,0.2,10,20,169,10000,,yes,0.035,0.9111475905555232
7190,0.508198250329693,1.0984146053171955,0.5902163549875025,"Hajek(recency=30.0,delta=0.20)",Hajek,30.0,0.2,10,20,169,10000,,yes,0.035,0.9111475905555232
7191,0.5189326350565027,1.1020902371175736,0.5831576020610709,"Hajek(recency=30.0,delta=0.20)",Hajek,30.0,0.2,10,20,169,10000,,yes,0.035,0.9111475905555232
7192,0.5123191144281367,1.0932058367043656,0.5808867222762288,"Hajek(recency=30.0,delta=0.20)",Hajek,30.0,0.2,10,20,169,10000,,yes,0.035,0.9111475905555232
7193,0.5080124349697623,1.1037627230471398,0.5957502880773775,"Hajek(recency=30.0,delta=0.20)",Hajek,30.0,0.2,10,20,169,10000,,yes,0.035,0.9111475905555232
7194,0.5216015090876455,1.0985260410284783,0.5769245319408328,"Hajek(recency=30.0,delta=0.20)",Hajek,30.0,0.2,10,20,169,10000,,yes,0.035,0.9111475905555232
7195,0.5063912666890414,1.1111915686647822,0.6048003019757408,"Hajek(recency=30.0,delta=0.20)",Hajek,30.0,0.2,10,20,169,10000,,yes,0.035,0.9111475905555232
7196,0.522981254872952,1.1118462488977838,0.5888649940248318,"Hajek(recency=30.0,delta=0.20)",Hajek,30.0,0.2,10,20,169,10000,,yes,0.035,0.9111475905555232
7197,0.5186553037149652,1.094654408767994,0.5759991050530288,"Hajek(recency=30.0,delta=0.20)",Hajek,30.0,0.2,10,20,169,10000,,yes,0.035,0.9111475905555232
7198,0.514135498278076,1.1085080385617845,0.5943725402837085,"Hajek(recency=30.0,delta=0.20)",Hajek,30.0,0.2,10,20,169,10000,,yes,0.035,0.9111475905555232
7199,0.5032583480849621,1.0953846791887751,0.5921263311038131,"Hajek(recency=30.0,delta=0.20)",Hajek,30.0,0.2,10,20,169,10000,,yes,0.035,0.9111475905555232
7200,0.5107524637984658,1.109175542083265,0.5984230782847991,"Hajek(recency=30.0,delta=0.20)",Hajek,30.0,0.2,10,20,169,10000,,yes,0.035,0.9111475905555232
7201,0.5179282052879982,1.1076435775269715,0.5897153722389733,"Hajek(recency=30.0,delta=0.20)",Hajek,30.0,0.2,10,20,169,10000,,yes,0.035,0.9111475905555232
7202,0.5061529432730205,1.1147813028280171,0.6086283595549966,"Hajek(recency=30.0,delta=0.20)",Hajek,30.0,0.2,10,20,169,10000,,yes,0.035,0.9111475905555232
7203,0.5277457128408483,1.0976568035795646,0.5699110907387164,"Hajek(recency=30.0,delta=0.20)",Hajek,30.0,0.2,10,20,169,10000,,yes,0.035,0.9111475905555232
7204,0.510616365733242,1.1304889529547983,0.6198725872215564,"Hajek(recency=30.0,delta=0.20)",Hajek,30.0,0.2,10,20,169,10000,,yes,0.035,0.9111475905555232
7205,0.513337491761249,1.1242303608301296,0.6108928690688806,"Hajek(recency=30.0,delta=0.20)",Hajek,30.0,0.2,10,20,169,10000,,yes,0.035,0.9111475905555232
7206,0.5086630695801827,1.1167060732580414,0.6080430036778587,"Hajek(recency=30.0,delta=0.20)",Hajek,30.0,0.2,10,20,169,10000,,yes,0.035,0.9111475905555232
7207,0.5172567832092764,1.0988110864177838,0.5815543032085074,"Hajek(recency=30.0,delta=0.20)",Hajek,30.0,0.2,10,20,169,10000,,yes,0.035,0.9111475905555232
7208,0.5234799041809791,1.1003077315483172,0.5768278273673381,"Hajek(recency=30.0,delta=0.20)",Hajek,30.0,0.2,10,20,169,10000,,yes,0.035,0.9111475905555232
7209,0.5082421077605584,1.1159270627471822,0.6076849549866238,"Hajek(recency=30.0,delta=0.20)",Hajek,30.0,0.2,10,20,169,10000,,yes,0.035,0.9111475905555232
7210,0.5229157480466283,1.120950005419954,0.5980342573733256,"Hajek(recency=30.0,delta=0.20)",Hajek,30.0,0.2,10,20,169,10000,,yes,0.035,0.9111475905555232
7211,0.5117194305246368,1.0892619018149676,0.5775424712903309,"Hajek(recency=30.0,delta=0.20)",Hajek,30.0,0.2,10,20,169,10000,,yes,0.035,0.9111475905555232
7212,0.5147308730569746,1.1108940976478479,0.5961632245908732,"Hajek(recency=30.0,delta=0.20)",Hajek,30.0,0.2,10,20,169,10000,,yes,0.035,0.9111475905555232
7213,0.5255932753529735,1.1291214281294937,0.6035281527765202,"Hajek(recency=30.0,delta=0.20)",Hajek,30.0,0.2,10,20,169,10000,,yes,0.035,0.9111475905555232
7214,0.5256682986321299,1.0987073590215946,0.5730390603894646,"Hajek(recency=30.0,delta=0.20)",Hajek,30.0,0.2,10,20,169,10000,,yes,0.035,0.9111475905555232
7215,0.48412419735113893,1.0832921861483948,0.5991679887972559,"Hajek(recency=30.0,delta=0.20)",Hajek,30.0,0.2,10,20,169,10000,,yes,0.035,0.9111475905555232
7216,0.5054676258344006,1.1103899060396893,0.6049222802052887,"Hajek(recency=30.0,delta=0.20)",Hajek,30.0,0.2,10,20,169,10000,,yes,0.035,0.9111475905555232
7217,0.5110320017120477,1.108222752190073,0.5971907504780253,"Hajek(recency=30.0,delta=0.20)",Hajek,30.0,0.2,10,20,169,10000,,yes,0.035,0.9111475905555232
7218,0.4988041045286884,1.1136092899716097,0.6148051854429213,"Hajek(recency=30.0,delta=0.20)",Hajek,30.0,0.2,10,20,169,10000,,yes,0.035,0.9111475905555232
7219,0.5182139674102801,1.1055058308564938,0.5872918634462136,"Hajek(recency=30.0,delta=0.20)",Hajek,30.0,0.2,10,20,169,10000,,yes,0.035,0.9111475905555232
7220,0.5103555869229153,1.1281638607768858,0.6178082738539705,"Hajek(recency=30.0,delta=0.20)",Hajek,30.0,0.2,10,20,169,10000,,yes,0.035,0.9111475905555232
7221,0.5104496239980557,1.088568418442321,0.5781187944442653,"Hajek(recency=30.0,delta=0.20)",Hajek,30.0,0.2,10,20,169,10000,,yes,0.035,0.9111475905555232
7222,0.5138368768808055,1.1093218311331252,0.5954849542523197,"Hajek(recency=30.0,delta=0.20)",Hajek,30.0,0.2,10,20,169,10000,,yes,0.035,0.9111475905555232
7223,0.5008487323406232,1.0864851072773012,0.585636374936678,"Hajek(recency=30.0,delta=0.20)",Hajek,30.0,0.2,10,20,169,10000,,yes,0.035,0.9111475905555232
7224,0.51269322150267,1.1121029136816254,0.5994096921789553,"Hajek(recency=30.0,delta=0.20)",Hajek,30.0,0.2,10,20,169,10000,,yes,0.035,0.9111475905555232
7225,0.5010350473848812,1.1092436144137072,0.608208567028826,"Hajek(recency=30.0,delta=0.20)",Hajek,30.0,0.2,10,20,169,10000,,yes,0.035,0.9111475905555232
7226,0.5220704231790958,1.099920400961242,0.5778499777821462,"Hajek(recency=30.0,delta=0.20)",Hajek,30.0,0.2,10,20,169,10000,,yes,0.035,0.9111475905555232
7227,0.5218823229872853,1.1121579167658524,0.5902755937785671,"Hajek(recency=30.0,delta=0.20)",Hajek,30.0,0.2,10,20,169,10000,,yes,0.035,0.9111475905555232
7228,0.49829108159100366,1.1154606441203532,0.6171695625293495,"Hajek(recency=30.0,delta=0.20)",Hajek,30.0,0.2,10,20,169,10000,,yes,0.035,0.9111475905555232
7229,0.5099918611597882,1.1103070136167963,0.6003151524570081,"Hajek(recency=30.0,delta=0.20)",Hajek,30.0,0.2,10,20,169,10000,,yes,0.035,0.9111475905555232
7230,0.5136604298184739,1.0999745955488696,0.5863141657303956,"Hajek(recency=30.0,delta=0.20)",Hajek,30.0,0.2,10,20,169,10000,,yes,0.035,0.9111475905555232
7231,0.5222220899454628,1.108638194773365,0.5864161048279022,"Hajek(recency=30.0,delta=0.20)",Hajek,30.0,0.2,10,20,169,10000,,yes,0.035,0.9111475905555232
7232,0.5058111630996713,1.0927785439121784,0.5869673808125071,"Hajek(recency=30.0,delta=0.20)",Hajek,30.0,0.2,10,20,169,10000,,yes,0.035,0.9111475905555232
7233,0.5273093632863087,1.1137806024578385,0.5864712391715298,"Hajek(recency=30.0,delta=0.20)",Hajek,30.0,0.2,10,20,169,10000,,yes,0.035,0.9111475905555232
7234,0.517833933007168,1.114891305403407,0.5970573723962391,"Hajek(recency=30.0,delta=0.20)",Hajek,30.0,0.2,10,20,169,10000,,yes,0.035,0.9111475905555232
7235,0.5187337868560422,1.1031410032626174,0.5844072164065752,"Hajek(recency=30.0,delta=0.20)",Hajek,30.0,0.2,10,20,169,10000,,yes,0.035,0.9111475905555232
7236,0.5194283661457199,1.0971872351667256,0.5777588690210057,"Hajek(recency=30.0,delta=0.20)",Hajek,30.0,0.2,10,20,169,10000,,yes,0.035,0.9111475905555232
7237,0.5154156055286648,1.1006080657196364,0.5851924601909716,"Hajek(recency=30.0,delta=0.20)",Hajek,30.0,0.2,10,20,169,10000,,yes,0.035,0.9111475905555232
7238,0.528870418438402,1.1230468435863648,0.5941764251479628,"Hajek(recency=30.0,delta=0.20)",Hajek,30.0,0.2,10,20,169,10000,,yes,0.035,0.9111475905555232
7239,0.5092023257037059,1.1217823514147531,0.6125800257110472,"Hajek(recency=30.0,delta=0.20)",Hajek,30.0,0.2,10,20,169,10000,,yes,0.035,0.9111475905555232
7240,0.5063437409126855,1.1100896892033973,0.6037459482907118,"Hajek(recency=30.0,delta=0.20)",Hajek,30.0,0.2,10,20,169,10000,,yes,0.035,0.9111475905555232
7241,0.5158434912368374,1.0964592738346834,0.5806157825978461,"Hajek(recency=30.0,delta=0.20)",Hajek,30.0,0.2,10,20,169,10000,,yes,0.035,0.9111475905555232
7242,0.5148680491317017,1.08751956113974,0.5726515120080382,"Hajek(recency=30.0,delta=0.20)",Hajek,30.0,0.2,10,20,169,10000,,yes,0.035,0.9111475905555232
7243,0.5156835394837098,1.1233980556306518,0.6077145161469419,"Hajek(recency=30.0,delta=0.20)",Hajek,30.0,0.2,10,20,169,10000,,yes,0.035,0.9111475905555232
7244,0.5222480223946605,1.1032170674368516,0.580969045042191,"Hajek(recency=30.0,delta=0.20)",Hajek,30.0,0.2,10,20,169,10000,,yes,0.035,0.9111475905555232
7245,0.5165813004504999,1.1063920779907375,0.5898107775402376,"Hajek(recency=30.0,delta=0.20)",Hajek,30.0,0.2,10,20,169,10000,,yes,0.035,0.9111475905555232
7246,0.49877738684472933,1.125121526323675,0.6263441394789455,"Hajek(recency=30.0,delta=0.20)",Hajek,30.0,0.2,10,20,169,10000,,yes,0.035,0.9111475905555232
7247,0.515374857075221,1.1192168670915514,0.6038420100163304,"Hajek(recency=30.0,delta=0.20)",Hajek,30.0,0.2,10,20,169,10000,,yes,0.035,0.9111475905555232
7248,0.5085515226789562,1.1284085710762282,0.619857048397272,"Hajek(recency=30.0,delta=0.20)",Hajek,30.0,0.2,10,20,169,10000,,yes,0.035,0.9111475905555232
7249,0.5268597289759884,1.0934828311265354,0.566623102150547,"Hajek(recency=30.0,delta=0.20)",Hajek,30.0,0.2,10,20,169,10000,,yes,0.035,0.9111475905555232
7250,0.5219861791576943,1.1034462844979824,0.5814601053402881,"Hajek(recency=30.0,delta=0.20)",Hajek,30.0,0.2,10,20,169,10000,,yes,0.035,0.9111475905555232
7251,0.5077118434521212,1.0992499319881015,0.5915380885359803,"Hajek(recency=30.0,delta=0.20)",Hajek,30.0,0.2,10,20,169,10000,,yes,0.035,0.9111475905555232
7252,0.5216911532350345,1.1092845800108506,0.5875934267758162,"Hajek(recency=30.0,delta=0.20)",Hajek,30.0,0.2,10,20,169,10000,,yes,0.035,0.9111475905555232
7253,0.5138900842037437,1.1135026829296677,0.599612598725924,"Hajek(recency=30.0,delta=0.20)",Hajek,30.0,0.2,10,20,169,10000,,yes,0.035,0.9111475905555232
7254,0.5048869900934755,1.1169194339389754,0.6120324438454999,"Hajek(recency=30.0,delta=0.20)",Hajek,30.0,0.2,10,20,169,10000,,yes,0.035,0.9111475905555232
7255,0.5110660544506493,1.0726566464302076,0.5615905919795583,"Hajek(recency=30.0,delta=0.20)",Hajek,30.0,0.2,10,20,169,10000,,yes,0.035,0.9111475905555232
7256,0.5259332912335115,1.0999329995652125,0.573999708331701,"Hajek(recency=30.0,delta=0.20)",Hajek,30.0,0.2,10,20,169,10000,,yes,0.035,0.9111475905555232
7257,0.505865356169922,1.1072717242517531,0.6014063680818311,"Hajek(recency=30.0,delta=0.20)",Hajek,30.0,0.2,10,20,169,10000,,yes,0.035,0.9111475905555232
7258,0.5139372201831149,1.1018033268262166,0.5878661066431017,"Hajek(recency=30.0,delta=0.20)",Hajek,30.0,0.2,10,20,169,10000,,yes,0.035,0.9111475905555232
7259,0.5086872125917584,1.1236721361508717,0.6149849235591133,"Hajek(recency=30.0,delta=0.20)",Hajek,30.0,0.2,10,20,169,10000,,yes,0.035,0.9111475905555232
7260,0.5107921588202939,1.0943101401780801,0.5835179813577862,"Hajek(recency=30.0,delta=0.20)",Hajek,30.0,0.2,10,20,169,10000,,yes,0.035,0.9111475905555232
7261,0.5191904129571266,1.1094491916398943,0.5902587786827677,"Hajek(recency=30.0,delta=0.20)",Hajek,30.0,0.2,10,20,169,10000,,yes,0.035,0.9111475905555232
7262,0.5158886266226433,1.0889386753612644,0.5730500487386211,"Hajek(recency=30.0,delta=0.20)",Hajek,30.0,0.2,10,20,169,10000,,yes,0.035,0.9111475905555232
7263,0.49964049656567183,1.115668450790586,0.6160279542249143,"Hajek(recency=30.0,delta=0.20)",Hajek,30.0,0.2,10,20,169,10000,,yes,0.035,0.9111475905555232
7264,0.5233101118294217,1.0996414408922137,0.576331329062792,"Hajek(recency=30.0,delta=0.20)",Hajek,30.0,0.2,10,20,169,10000,,yes,0.035,0.9111475905555232
7265,0.5053034089632528,1.11425849424802,0.6089550852847673,"Hajek(recency=30.0,delta=0.20)",Hajek,30.0,0.2,10,20,169,10000,,yes,0.035,0.9111475905555232
7266,0.5244340450586663,1.1084473127212644,0.5840132676625981,"Hajek(recency=30.0,delta=0.20)",Hajek,30.0,0.2,10,20,169,10000,,yes,0.035,0.9111475905555232
7267,0.5204541780769967,1.1158570761352726,0.595402898058276,"Hajek(recency=30.0,delta=0.20)",Hajek,30.0,0.2,10,20,169,10000,,yes,0.035,0.9111475905555232
7268,0.5147040087723519,1.096663988775109,0.5819599800027572,"Hajek(recency=30.0,delta=0.20)",Hajek,30.0,0.2,10,20,169,10000,,yes,0.035,0.9111475905555232
7269,0.5037372278210536,1.1044270141600891,0.6006897863390356,"Hajek(recency=30.0,delta=0.20)",Hajek,30.0,0.2,10,20,169,10000,,yes,0.035,0.9111475905555232
7270,0.507453481214643,1.1089753681109962,0.6015218868963532,"Hajek(recency=30.0,delta=0.20)",Hajek,30.0,0.2,10,20,169,10000,,yes,0.035,0.9111475905555232
7271,0.5197393974486679,1.1167841285951767,0.5970447311465088,"Hajek(recency=30.0,delta=0.20)",Hajek,30.0,0.2,10,20,169,10000,,yes,0.035,0.9111475905555232
7272,0.508716820516317,1.1253131651940902,0.6165963446777732,"Hajek(recency=30.0,delta=0.20)",Hajek,30.0,0.2,10,20,169,10000,,yes,0.035,0.9111475905555232
7273,0.5180345961285214,1.1161426896240743,0.5981080934955528,"Hajek(recency=30.0,delta=0.20)",Hajek,30.0,0.2,10,20,169,10000,,yes,0.035,0.9111475905555232
7274,0.517723250901996,1.1045552836933532,0.5868320327913572,"Hajek(recency=30.0,delta=0.20)",Hajek,30.0,0.2,10,20,169,10000,,yes,0.035,0.9111475905555232
7275,0.5197089689327933,1.0916675349920275,0.5719585660592342,"Hajek(recency=30.0,delta=0.20)",Hajek,30.0,0.2,10,20,169,10000,,yes,0.035,0.9111475905555232
7276,0.5129881999651417,1.103482926142889,0.5904947261777472,"Hajek(recency=30.0,delta=0.20)",Hajek,30.0,0.2,10,20,169,10000,,yes,0.035,0.9111475905555232
7277,0.5092415687038969,1.113040304405015,0.6037987357011181,"Hajek(recency=30.0,delta=0.20)",Hajek,30.0,0.2,10,20,169,10000,,yes,0.035,0.9111475905555232
7278,0.521526941603513,1.0903967341301666,0.5688697925266536,"Hajek(recency=30.0,delta=0.20)",Hajek,30.0,0.2,10,20,169,10000,,yes,0.035,0.9111475905555232
7279,0.5069866784624325,1.087229703837022,0.5802430253745895,"Hajek(recency=30.0,delta=0.20)",Hajek,30.0,0.2,10,20,169,10000,,yes,0.035,0.9111475905555232
7280,0.5085200586258214,1.0907949919419775,0.5822749333161561,"Hajek(recency=30.0,delta=0.20)",Hajek,30.0,0.2,10,20,169,10000,,yes,0.035,0.9111475905555232
7281,0.5214659376198274,1.0934620772821417,0.5719961396623143,"Hajek(recency=30.0,delta=0.20)",Hajek,30.0,0.2,10,20,169,10000,,yes,0.035,0.9111475905555232
7282,0.5092310104331894,1.1023660222119283,0.5931350117787388,"Hajek(recency=30.0,delta=0.20)",Hajek,30.0,0.2,10,20,169,10000,,yes,0.035,0.9111475905555232
7283,0.5246192697002715,1.0936062548903913,0.5689869851901198,"Hajek(recency=30.0,delta=0.20)",Hajek,30.0,0.2,10,20,169,10000,,yes,0.035,0.9111475905555232
7284,0.5149741255097764,1.113961129487017,0.5989870039772407,"Hajek(recency=30.0,delta=0.20)",Hajek,30.0,0.2,10,20,169,10000,,yes,0.035,0.9111475905555232
7285,0.5213866223130552,1.0907927061502187,0.5694060838371635,"Hajek(recency=30.0,delta=0.20)",Hajek,30.0,0.2,10,20,169,10000,,yes,0.035,0.9111475905555232
7286,0.5154164233865962,1.1183899101750385,0.6029734867884423,"Hajek(recency=30.0,delta=0.20)",Hajek,30.0,0.2,10,20,169,10000,,yes,0.035,0.9111475905555232
7287,0.5133679058472741,1.0914845354674192,0.5781166296201451,"Hajek(recency=30.0,delta=0.20)",Hajek,30.0,0.2,10,20,169,10000,,yes,0.035,0.9111475905555232
7288,0.5056125522107694,1.1051955410930805,0.5995829888823111,"Hajek(recency=30.0,delta=0.20)",Hajek,30.0,0.2,10,20,169,10000,,yes,0.035,0.9111475905555232
7289,0.5128225571230228,1.0970325770763356,0.5842100199533128,"Hajek(recency=30.0,delta=0.20)",Hajek,30.0,0.2,10,20,169,10000,,yes,0.035,0.9111475905555232
7290,0.5104349938987962,1.1067410995862683,0.5963061056874721,"Hajek(recency=30.0,delta=0.20)",Hajek,30.0,0.2,10,20,169,10000,,yes,0.035,0.9111475905555232
7291,0.514592888923768,1.1195454116655712,0.6049525227418032,"Hajek(recency=30.0,delta=0.20)",Hajek,30.0,0.2,10,20,169,10000,,yes,0.035,0.9111475905555232
7292,0.5144700964137053,1.0949298712383293,0.580459774824624,"Hajek(recency=30.0,delta=0.20)",Hajek,30.0,0.2,10,20,169,10000,,yes,0.035,0.9111475905555232
7293,0.5058689499373938,1.1010298488080588,0.5951608988706649,"Hajek(recency=30.0,delta=0.20)",Hajek,30.0,0.2,10,20,169,10000,,yes,0.035,0.9111475905555232
7294,0.5085568781999057,1.1038904109528727,0.595333532752967,"Hajek(recency=30.0,delta=0.20)",Hajek,30.0,0.2,10,20,169,10000,,yes,0.035,0.9111475905555232
7295,0.5038085274600399,1.1006352795708032,0.5968267521107633,"Hajek(recency=30.0,delta=0.20)",Hajek,30.0,0.2,10,20,169,10000,,yes,0.035,0.9111475905555232
7296,0.5094095019873597,1.1198647360165606,0.6104552340292009,"Hajek(recency=30.0,delta=0.20)",Hajek,30.0,0.2,10,20,169,10000,,yes,0.035,0.9111475905555232
7297,0.5204180377095297,1.1124159867322474,0.5919979490227177,"Hajek(recency=30.0,delta=0.20)",Hajek,30.0,0.2,10,20,169,10000,,yes,0.035,0.9111475905555232
7298,0.5151379057043328,1.102769505040947,0.5876315993366141,"Hajek(recency=30.0,delta=0.20)",Hajek,30.0,0.2,10,20,169,10000,,yes,0.035,0.9111475905555232
7299,0.5053393594705615,1.1059873079562546,0.600647948485693,"Hajek(recency=30.0,delta=0.20)",Hajek,30.0,0.2,10,20,169,10000,,yes,0.035,0.9111475905555232
7300,0.5076322995248918,1.107741758467544,0.6001094589426522,"Hajek(recency=30.0,delta=0.20)",Hajek,30.0,0.2,10,20,169,10000,,yes,0.035,0.9111475905555232
7301,0.5216665865671466,1.104039493786457,0.5823729072193105,"Hajek(recency=30.0,delta=0.20)",Hajek,30.0,0.2,10,20,169,10000,,yes,0.035,0.9111475905555232
7302,0.5083624465693428,1.1089432582431447,0.6005808116738018,"Hajek(recency=30.0,delta=0.20)",Hajek,30.0,0.2,10,20,169,10000,,yes,0.035,0.9111475905555232
7303,0.5259408874223115,1.124358356389031,0.5984174689667194,"Hajek(recency=30.0,delta=0.20)",Hajek,30.0,0.2,10,20,169,10000,,yes,0.035,0.9111475905555232
7304,0.5207937651167083,1.0835756690774685,0.5627819039607602,"Hajek(recency=30.0,delta=0.20)",Hajek,30.0,0.2,10,20,169,10000,,yes,0.035,0.9111475905555232
7305,0.5097488587151074,1.127238543677148,0.6174896849620405,"Hajek(recency=30.0,delta=0.20)",Hajek,30.0,0.2,10,20,169,10000,,yes,0.035,0.9111475905555232
7306,0.5035449676971172,1.1102755853625277,0.6067306176654105,"Hajek(recency=30.0,delta=0.20)",Hajek,30.0,0.2,10,20,169,10000,,yes,0.035,0.9111475905555232
7307,0.5157572228678095,1.1047221121317268,0.5889648892639173,"Hajek(recency=30.0,delta=0.20)",Hajek,30.0,0.2,10,20,169,10000,,yes,0.035,0.9111475905555232
7308,0.5289638017029838,1.0955301460336477,0.5665663443306639,"Hajek(recency=30.0,delta=0.20)",Hajek,30.0,0.2,10,20,169,10000,,yes,0.035,0.9111475905555232
7309,0.5327484288610095,1.0932087796354695,0.56046035077446,"Hajek(recency=30.0,delta=0.20)",Hajek,30.0,0.2,10,20,169,10000,,yes,0.035,0.9111475905555232
7310,0.5132233923389284,1.0985830066373834,0.585359614298455,"Hajek(recency=30.0,delta=0.20)",Hajek,30.0,0.2,10,20,169,10000,,yes,0.035,0.9111475905555232
7311,0.5099519350194585,1.1069391684063243,0.5969872333868659,"Hajek(recency=30.0,delta=0.20)",Hajek,30.0,0.2,10,20,169,10000,,yes,0.035,0.9111475905555232
7312,0.5071715533686607,1.0883600379113991,0.5811884845427384,"Hajek(recency=30.0,delta=0.20)",Hajek,30.0,0.2,10,20,169,10000,,yes,0.035,0.9111475905555232
7313,0.5255606205589697,1.1127413294988378,0.5871807089398681,"Hajek(recency=30.0,delta=0.20)",Hajek,30.0,0.2,10,20,169,10000,,yes,0.035,0.9111475905555232
7314,0.5146235056707665,1.0888342307792216,0.5742107251084551,"Hajek(recency=30.0,delta=0.20)",Hajek,30.0,0.2,10,20,169,10000,,yes,0.035,0.9111475905555232
7315,0.5043632723897624,1.1097698263903382,0.6054065540005757,"Hajek(recency=30.0,delta=0.20)",Hajek,30.0,0.2,10,20,169,10000,,yes,0.035,0.9111475905555232
7316,0.5146868502681035,1.1102483838915995,0.5955615336234961,"Hajek(recency=30.0,delta=0.20)",Hajek,30.0,0.2,10,20,169,10000,,yes,0.035,0.9111475905555232
7317,0.520343385044843,1.0929851519431992,0.5726417668983562,"Hajek(recency=30.0,delta=0.20)",Hajek,30.0,0.2,10,20,169,10000,,yes,0.035,0.9111475905555232
7318,0.5090874290884295,1.1164093479972996,0.6073219189088701,"Hajek(recency=30.0,delta=0.20)",Hajek,30.0,0.2,10,20,169,10000,,yes,0.035,0.9111475905555232
7319,0.500522996407936,1.1031947038071859,0.6026717073992499,"Hajek(recency=30.0,delta=0.20)",Hajek,30.0,0.2,10,20,169,10000,,yes,0.035,0.9111475905555232
7320,0.5004359067118666,1.1128445827591713,0.6124086760473048,"Hajek(recency=30.0,delta=0.20)",Hajek,30.0,0.2,10,20,169,10000,,yes,0.035,0.9111475905555232
7321,0.513227265512676,1.094479891997663,0.5812526264849871,"Hajek(recency=30.0,delta=0.20)",Hajek,30.0,0.2,10,20,169,10000,,yes,0.035,0.9111475905555232
7322,0.5129053498704819,1.0744911120182512,0.5615857621477693,"Hajek(recency=30.0,delta=0.20)",Hajek,30.0,0.2,10,20,169,10000,,yes,0.035,0.9111475905555232
7323,0.5194465074399353,1.106919379102295,0.5874728716623598,"Hajek(recency=30.0,delta=0.20)",Hajek,30.0,0.2,10,20,169,10000,,yes,0.035,0.9111475905555232
7324,0.5074611564991686,1.1097129652753577,0.6022518087761891,"Hajek(recency=30.0,delta=0.20)",Hajek,30.0,0.2,10,20,169,10000,,yes,0.035,0.9111475905555232
7325,0.510847431204169,1.0999218564243414,0.5890744252201724,"Hajek(recency=30.0,delta=0.20)",Hajek,30.0,0.2,10,20,169,10000,,yes,0.035,0.9111475905555232
7326,0.53036889727142,1.1093567602004768,0.5789878629290568,"Hajek(recency=30.0,delta=0.20)",Hajek,30.0,0.2,10,20,169,10000,,yes,0.035,0.9111475905555232
7327,0.510014532483989,1.1025173838771651,0.5925028513931762,"Hajek(recency=30.0,delta=0.20)",Hajek,30.0,0.2,10,20,169,10000,,yes,0.035,0.9111475905555232
7328,0.5070021675757758,1.0852656160901608,0.578263448514385,"Hajek(recency=30.0,delta=0.20)",Hajek,30.0,0.2,10,20,169,10000,,yes,0.035,0.9111475905555232
7329,0.5166929938123406,1.0916096126164971,0.5749166188041566,"Hajek(recency=30.0,delta=0.20)",Hajek,30.0,0.2,10,20,169,10000,,yes,0.035,0.9111475905555232
7330,0.51357796585809,1.106477575766392,0.592899609908302,"Hajek(recency=30.0,delta=0.20)",Hajek,30.0,0.2,10,20,169,10000,,yes,0.035,0.9111475905555232
7331,0.4972826634964662,1.0995856208829367,0.6023029573864704,"Hajek(recency=30.0,delta=0.20)",Hajek,30.0,0.2,10,20,169,10000,,yes,0.035,0.9111475905555232
7332,0.4889754507531936,1.0923822674428545,0.6034068166896609,"Hajek(recency=30.0,delta=0.20)",Hajek,30.0,0.2,10,20,169,10000,,yes,0.035,0.9111475905555232
7333,0.5126484903773478,1.100000326224477,0.5873518358471292,"Hajek(recency=30.0,delta=0.20)",Hajek,30.0,0.2,10,20,169,10000,,yes,0.035,0.9111475905555232
7334,0.5071826729997418,1.1042097531514357,0.5970270801516938,"Hajek(recency=30.0,delta=0.20)",Hajek,30.0,0.2,10,20,169,10000,,yes,0.035,0.9111475905555232
7335,0.5005185918120973,1.1111856711454173,0.61066707933332,"Hajek(recency=30.0,delta=0.20)",Hajek,30.0,0.2,10,20,169,10000,,yes,0.035,0.9111475905555232
7336,0.5153555238172288,1.130943384781451,0.6155878609642221,"Hajek(recency=30.0,delta=0.20)",Hajek,30.0,0.2,10,20,169,10000,,yes,0.035,0.9111475905555232
7337,0.5183566304661238,1.090603626671188,0.5722469962050643,"Hajek(recency=30.0,delta=0.20)",Hajek,30.0,0.2,10,20,169,10000,,yes,0.035,0.9111475905555232
7338,0.5172831605722731,1.1109600963128652,0.5936769357405921,"Hajek(recency=30.0,delta=0.20)",Hajek,30.0,0.2,10,20,169,10000,,yes,0.035,0.9111475905555232
7339,0.5160487292933013,1.107059638937115,0.5910109096438138,"Hajek(recency=30.0,delta=0.20)",Hajek,30.0,0.2,10,20,169,10000,,yes,0.035,0.9111475905555232
7340,0.5137515668972052,1.0901641404308684,0.5764125735336632,"Hajek(recency=30.0,delta=0.20)",Hajek,30.0,0.2,10,20,169,10000,,yes,0.035,0.9111475905555232
7341,0.5155927949521982,1.102943783391211,0.5873509884390128,"Hajek(recency=30.0,delta=0.20)",Hajek,30.0,0.2,10,20,169,10000,,yes,0.035,0.9111475905555232
7342,0.4989014276593606,1.1246380918205703,0.6257366641612097,"Hajek(recency=30.0,delta=0.20)",Hajek,30.0,0.2,10,20,169,10000,,yes,0.035,0.9111475905555232
7343,0.5068423037469587,1.1023238345168551,0.5954815307698964,"Hajek(recency=30.0,delta=0.20)",Hajek,30.0,0.2,10,20,169,10000,,yes,0.035,0.9111475905555232
7344,0.5204369215733123,1.096439482785821,0.5760025612125087,"Hajek(recency=30.0,delta=0.20)",Hajek,30.0,0.2,10,20,169,10000,,yes,0.035,0.9111475905555232
7345,0.5173953908511059,1.1334488129748341,0.6160534221237283,"Hajek(recency=30.0,delta=0.20)",Hajek,30.0,0.2,10,20,169,10000,,yes,0.035,0.9111475905555232
7346,0.5196355984755237,1.0923379675472655,0.5727023690717419,"Hajek(recency=30.0,delta=0.20)",Hajek,30.0,0.2,10,20,169,10000,,yes,0.035,0.9111475905555232
7347,0.5074947587036149,1.0989259658749608,0.5914312071713459,"Hajek(recency=30.0,delta=0.20)",Hajek,30.0,0.2,10,20,169,10000,,yes,0.035,0.9111475905555232
7348,0.5044444135059218,1.1018234999032106,0.5973790863972888,"Hajek(recency=30.0,delta=0.20)",Hajek,30.0,0.2,10,20,169,10000,,yes,0.035,0.9111475905555232
7349,0.5161198904695021,1.1067749786174466,0.5906550881479444,"Hajek(recency=30.0,delta=0.20)",Hajek,30.0,0.2,10,20,169,10000,,yes,0.035,0.9111475905555232
7350,0.5154087142816444,1.1028871074644602,0.5874783931828158,"Hajek(recency=30.0,delta=0.20)",Hajek,30.0,0.2,10,20,169,10000,,yes,0.035,0.9111475905555232
7351,0.5119503303900639,1.0788862004992035,0.5669358701091396,"Hajek(recency=30.0,delta=0.20)",Hajek,30.0,0.2,10,20,169,10000,,yes,0.035,0.9111475905555232
7352,0.509551840962447,1.1077922981997608,0.5982404572373138,"Hajek(recency=30.0,delta=0.20)",Hajek,30.0,0.2,10,20,169,10000,,yes,0.035,0.9111475905555232
7353,0.5046297307136635,1.09546622358517,0.5908364928715065,"Hajek(recency=30.0,delta=0.20)",Hajek,30.0,0.2,10,20,169,10000,,yes,0.035,0.9111475905555232
7354,0.49782380357144335,1.09938307875746,0.6015592751860168,"Hajek(recency=30.0,delta=0.20)",Hajek,30.0,0.2,10,20,169,10000,,yes,0.035,0.9111475905555232
7355,0.5208138893050858,1.1123734995657972,0.5915596102607115,"Hajek(recency=30.0,delta=0.20)",Hajek,30.0,0.2,10,20,169,10000,,yes,0.035,0.9111475905555232
7356,0.5176276284859367,1.1130617866007053,0.5954341581147686,"Hajek(recency=30.0,delta=0.20)",Hajek,30.0,0.2,10,20,169,10000,,yes,0.035,0.9111475905555232
7357,0.5276848555328275,1.0980320755293218,0.5703472199964943,"Hajek(recency=30.0,delta=0.20)",Hajek,30.0,0.2,10,20,169,10000,,yes,0.035,0.9111475905555232
7358,0.5131390251439101,1.1050882001962965,0.5919491750523864,"Hajek(recency=30.0,delta=0.20)",Hajek,30.0,0.2,10,20,169,10000,,yes,0.035,0.9111475905555232
7359,0.5185958248221726,1.1058470965744678,0.5872512717522952,"Hajek(recency=30.0,delta=0.20)",Hajek,30.0,0.2,10,20,169,10000,,yes,0.035,0.9111475905555232
7360,0.5231768481610559,1.0929700129704705,0.5697931648094146,"Hajek(recency=30.0,delta=0.20)",Hajek,30.0,0.2,10,20,169,10000,,yes,0.035,0.9111475905555232
7361,0.5234059068920243,1.0894740298503516,0.5660681229583273,"Hajek(recency=30.0,delta=0.20)",Hajek,30.0,0.2,10,20,169,10000,,yes,0.035,0.9111475905555232
7362,0.5097404341443823,1.1127927543522467,0.6030523202078644,"Hajek(recency=30.0,delta=0.20)",Hajek,30.0,0.2,10,20,169,10000,,yes,0.035,0.9111475905555232
7363,0.5085145375750266,1.1073972988739051,0.5988827612988785,"Hajek(recency=30.0,delta=0.20)",Hajek,30.0,0.2,10,20,169,10000,,yes,0.035,0.9111475905555232
7364,0.5293082715675567,1.1173173107057468,0.5880090391381901,"Hajek(recency=30.0,delta=0.20)",Hajek,30.0,0.2,10,20,169,10000,,yes,0.035,0.9111475905555232
7365,0.5013475566929491,1.1001381542494206,0.5987905975564716,"Hajek(recency=30.0,delta=0.20)",Hajek,30.0,0.2,10,20,169,10000,,yes,0.035,0.9111475905555232
7366,0.511928945932873,1.1372859404863256,0.6253569945534526,"Hajek(recency=30.0,delta=0.20)",Hajek,30.0,0.2,10,20,169,10000,,yes,0.035,0.9111475905555232
7367,0.4979592202849109,1.1162231313228153,0.6182639110379043,"Hajek(recency=30.0,delta=0.20)",Hajek,30.0,0.2,10,20,169,10000,,yes,0.035,0.9111475905555232
7368,0.5144648257956816,1.0893997889984954,0.5749349632028138,"Hajek(recency=30.0,delta=0.20)",Hajek,30.0,0.2,10,20,169,10000,,yes,0.035,0.9111475905555232
7369,0.5196633272560688,1.081573643025895,0.5619103157698263,"Hajek(recency=30.0,delta=0.20)",Hajek,30.0,0.2,10,20,169,10000,,yes,0.035,0.9111475905555232
7370,0.5278073561835249,1.1062556826354903,0.5784483264519654,"Hajek(recency=30.0,delta=0.20)",Hajek,30.0,0.2,10,20,169,10000,,yes,0.035,0.9111475905555232
7371,0.5149901838996306,1.1270552369858522,0.6120650530862216,"Hajek(recency=30.0,delta=0.20)",Hajek,30.0,0.2,10,20,169,10000,,yes,0.035,0.9111475905555232
7372,0.5183969797672657,1.1016492916084808,0.5832523118412151,"Hajek(recency=30.0,delta=0.20)",Hajek,30.0,0.2,10,20,169,10000,,yes,0.035,0.9111475905555232
7373,0.5106186966322964,1.1185267504056715,0.6079080537733751,"Hajek(recency=30.0,delta=0.20)",Hajek,30.0,0.2,10,20,169,10000,,yes,0.035,0.9111475905555232
7374,0.5278409378460912,1.098488237217743,0.5706472993716517,"Hajek(recency=30.0,delta=0.20)",Hajek,30.0,0.2,10,20,169,10000,,yes,0.035,0.9111475905555232
7375,0.5101131820763157,1.103134380704731,0.5930211986284152,"Hajek(recency=30.0,delta=0.20)",Hajek,30.0,0.2,10,20,169,10000,,yes,0.035,0.9111475905555232
7376,0.5127622740949338,1.0988146007344537,0.5860523266395199,"Hajek(recency=30.0,delta=0.20)",Hajek,30.0,0.2,10,20,169,10000,,yes,0.035,0.9111475905555232
7377,0.508004371290144,1.1199625774417645,0.6119582061516206,"Hajek(recency=30.0,delta=0.20)",Hajek,30.0,0.2,10,20,169,10000,,yes,0.035,0.9111475905555232
7378,0.5035942332599994,1.1040989530165384,0.600504719756539,"Hajek(recency=30.0,delta=0.20)",Hajek,30.0,0.2,10,20,169,10000,,yes,0.035,0.9111475905555232
7379,0.5208435846658546,1.1012264608293447,0.5803828761634902,"Hajek(recency=30.0,delta=0.20)",Hajek,30.0,0.2,10,20,169,10000,,yes,0.035,0.9111475905555232
7380,0.5029933165097294,1.1150802033945308,0.6120868868848014,"Hajek(recency=30.0,delta=0.20)",Hajek,30.0,0.2,10,20,169,10000,,yes,0.035,0.9111475905555232
7381,0.5143577556290009,1.105566226249963,0.5912084706209622,"Hajek(recency=30.0,delta=0.20)",Hajek,30.0,0.2,10,20,169,10000,,yes,0.035,0.9111475905555232
7382,0.5117332038588573,1.088195631322208,0.5764624274633507,"Hajek(recency=30.0,delta=0.20)",Hajek,30.0,0.2,10,20,169,10000,,yes,0.035,0.9111475905555232
7383,0.5174931196174858,1.116500397314018,0.5990072776965322,"Hajek(recency=30.0,delta=0.20)",Hajek,30.0,0.2,10,20,169,10000,,yes,0.035,0.9111475905555232
7384,0.5094442223560335,1.098387045573962,0.5889428232179285,"Hajek(recency=30.0,delta=0.20)",Hajek,30.0,0.2,10,20,169,10000,,yes,0.035,0.9111475905555232
7385,0.5208906427764589,1.1050764117911156,0.5841857690146567,"Hajek(recency=30.0,delta=0.20)",Hajek,30.0,0.2,10,20,169,10000,,yes,0.035,0.9111475905555232
7386,0.5076329562762828,1.1100514503966752,0.6024184941203924,"Hajek(recency=30.0,delta=0.20)",Hajek,30.0,0.2,10,20,169,10000,,yes,0.035,0.9111475905555232
7387,0.5103959468298227,1.1073603766076119,0.5969644297777892,"Hajek(recency=30.0,delta=0.20)",Hajek,30.0,0.2,10,20,169,10000,,yes,0.035,0.9111475905555232
7388,0.5064553543414584,1.0994083548883458,0.5929530005468874,"Hajek(recency=30.0,delta=0.20)",Hajek,30.0,0.2,10,20,169,10000,,yes,0.035,0.9111475905555232
7389,0.5202008950707804,1.095471954761386,0.5752710596906057,"Hajek(recency=30.0,delta=0.20)",Hajek,30.0,0.2,10,20,169,10000,,yes,0.035,0.9111475905555232
7390,0.5197507923295295,1.0915211674423626,0.5717703751128331,"Hajek(recency=30.0,delta=0.20)",Hajek,30.0,0.2,10,20,169,10000,,yes,0.035,0.9111475905555232
7391,0.5152764796753757,1.1030953286373548,0.5878188489619791,"Hajek(recency=30.0,delta=0.20)",Hajek,30.0,0.2,10,20,169,10000,,yes,0.035,0.9111475905555232
7392,0.5242597515072575,1.1085987384261757,0.5843389869189183,"Hajek(recency=30.0,delta=0.20)",Hajek,30.0,0.2,10,20,169,10000,,yes,0.035,0.9111475905555232
7393,0.528125573933869,1.1018465887551285,0.5737210148212595,"Hajek(recency=30.0,delta=0.20)",Hajek,30.0,0.2,10,20,169,10000,,yes,0.035,0.9111475905555232
7394,0.5197294844225592,1.1025405159614172,0.582811031538858,"Hajek(recency=30.0,delta=0.20)",Hajek,30.0,0.2,10,20,169,10000,,yes,0.035,0.9111475905555232
7395,0.5215890555324678,1.120486218021351,0.5988971624888833,"Hajek(recency=30.0,delta=0.20)",Hajek,30.0,0.2,10,20,169,10000,,yes,0.035,0.9111475905555232
7396,0.5108942824143075,1.1022912069563815,0.591396924542074,"Hajek(recency=30.0,delta=0.20)",Hajek,30.0,0.2,10,20,169,10000,,yes,0.035,0.9111475905555232
7397,0.5288033323572735,1.1080985729666142,0.5792952406093407,"Hajek(recency=30.0,delta=0.20)",Hajek,30.0,0.2,10,20,169,10000,,yes,0.035,0.9111475905555232
7398,0.5220670257789078,1.116722943195755,0.5946559174168472,"Hajek(recency=30.0,delta=0.20)",Hajek,30.0,0.2,10,20,169,10000,,yes,0.035,0.9111475905555232
7399,0.5141919012479845,1.1019669648633657,0.5877750636153811,"Hajek(recency=30.0,delta=0.20)",Hajek,30.0,0.2,10,20,169,10000,,yes,0.035,0.9111475905555232
7400,0.5294191405148596,1.1048110622024674,0.5753919216876078,"Hajek(recency=30.0,delta=0.20)",Hajek,30.0,0.2,10,20,169,10000,,yes,0.035,0.9111475905555232
7401,0.5167359304399444,1.1032541630376085,0.5865182325976641,"Hajek(recency=30.0,delta=0.20)",Hajek,30.0,0.2,10,20,169,10000,,yes,0.035,0.9111475905555232
7402,0.5144492938025543,1.1167896919738438,0.6023403981712895,"Hajek(recency=30.0,delta=0.20)",Hajek,30.0,0.2,10,20,169,10000,,yes,0.035,0.9111475905555232
7403,0.5208149806992102,1.1172093314989007,0.5963943507996905,"Hajek(recency=30.0,delta=0.20)",Hajek,30.0,0.2,10,20,169,10000,,yes,0.035,0.9111475905555232
7404,0.5043086456617593,1.0899214641692716,0.5856128185075123,"Hajek(recency=30.0,delta=0.20)",Hajek,30.0,0.2,10,20,169,10000,,yes,0.035,0.9111475905555232
7405,0.4993546909467812,1.1324324428259627,0.6330777518791815,"Hajek(recency=30.0,delta=0.20)",Hajek,30.0,0.2,10,20,169,10000,,yes,0.035,0.9111475905555232
7406,0.5140217587465393,1.1177351070265094,0.60371334827997,"Hajek(recency=30.0,delta=0.20)",Hajek,30.0,0.2,10,20,169,10000,,yes,0.035,0.9111475905555232
7407,0.5092169730350508,1.0997372673792225,0.5905202943441717,"Hajek(recency=30.0,delta=0.20)",Hajek,30.0,0.2,10,20,169,10000,,yes,0.035,0.9111475905555232
7408,0.5225156427612017,1.1016873649252348,0.5791717221640331,"Hajek(recency=30.0,delta=0.20)",Hajek,30.0,0.2,10,20,169,10000,,yes,0.035,0.9111475905555232
7409,0.5075686381369932,1.1111799886676574,0.6036113505306643,"Hajek(recency=30.0,delta=0.20)",Hajek,30.0,0.2,10,20,169,10000,,yes,0.035,0.9111475905555232
7410,0.5104324156173644,1.1164778788547436,0.6060454632373792,"Hajek(recency=30.0,delta=0.20)",Hajek,30.0,0.2,10,20,169,10000,,yes,0.035,0.9111475905555232
7411,0.5297751109458213,1.1114855411238713,0.58171043017805,"Hajek(recency=30.0,delta=0.20)",Hajek,30.0,0.2,10,20,169,10000,,yes,0.035,0.9111475905555232
7412,0.5060353474233377,1.0991129797257027,0.593077632302365,"Hajek(recency=30.0,delta=0.20)",Hajek,30.0,0.2,10,20,169,10000,,yes,0.035,0.9111475905555232
7413,0.5193701500582248,1.099160084473206,0.5797899344149811,"Hajek(recency=30.0,delta=0.20)",Hajek,30.0,0.2,10,20,169,10000,,yes,0.035,0.9111475905555232
7414,0.5305472073578473,1.1075827295339764,0.5770355221761291,"Hajek(recency=30.0,delta=0.20)",Hajek,30.0,0.2,10,20,169,10000,,yes,0.035,0.9111475905555232
7415,0.5225807648647605,1.0909266116685685,0.5683458468038081,"Hajek(recency=30.0,delta=0.20)",Hajek,30.0,0.2,10,20,169,10000,,yes,0.035,0.9111475905555232
7416,0.5081892631562773,1.113025753583934,0.6048364904276567,"Hajek(recency=30.0,delta=0.20)",Hajek,30.0,0.2,10,20,169,10000,,yes,0.035,0.9111475905555232
7417,0.5269586787872923,1.114265617815622,0.5873069390283298,"Hajek(recency=30.0,delta=0.20)",Hajek,30.0,0.2,10,20,169,10000,,yes,0.035,0.9111475905555232
7418,0.506897931981884,1.1156469885688665,0.6087490565869824,"Hajek(recency=30.0,delta=0.20)",Hajek,30.0,0.2,10,20,169,10000,,yes,0.035,0.9111475905555232
7419,0.5193457991000464,1.0987547738760701,0.5794089747760237,"Hajek(recency=30.0,delta=0.20)",Hajek,30.0,0.2,10,20,169,10000,,yes,0.035,0.9111475905555232
7420,0.4974336909625333,1.1171401970689694,0.6197065061064361,"Hajek(recency=30.0,delta=0.20)",Hajek,30.0,0.2,10,20,169,10000,,yes,0.035,0.9111475905555232
7421,0.506886646430216,1.1203336414025729,0.6134469949723569,"Hajek(recency=30.0,delta=0.20)",Hajek,30.0,0.2,10,20,169,10000,,yes,0.035,0.9111475905555232
7422,0.5085285138935126,1.0933900637125546,0.584861549819042,"Hajek(recency=30.0,delta=0.20)",Hajek,30.0,0.2,10,20,169,10000,,yes,0.035,0.9111475905555232
7423,0.5146169800586048,1.125913237993301,0.6112962579346962,"Hajek(recency=30.0,delta=0.20)",Hajek,30.0,0.2,10,20,169,10000,,yes,0.035,0.9111475905555232
7424,0.52253134486199,1.0981315991407326,0.5756002542787425,"Hajek(recency=30.0,delta=0.20)",Hajek,30.0,0.2,10,20,169,10000,,yes,0.035,0.9111475905555232
7425,0.5157989493080049,1.0995595391931445,0.5837605898851397,"Hajek(recency=30.0,delta=0.20)",Hajek,30.0,0.2,10,20,169,10000,,yes,0.035,0.9111475905555232
7426,0.5274034849139435,1.127908769992597,0.6005052850786534,"Hajek(recency=30.0,delta=0.20)",Hajek,30.0,0.2,10,20,169,10000,,yes,0.035,0.9111475905555232
7427,0.49725304446102686,1.0953501652582918,0.598097120797265,"Hajek(recency=30.0,delta=0.20)",Hajek,30.0,0.2,10,20,169,10000,,yes,0.035,0.9111475905555232
7428,0.5144012513227133,1.1122565650093679,0.5978553136866546,"Hajek(recency=30.0,delta=0.20)",Hajek,30.0,0.2,10,20,169,10000,,yes,0.035,0.9111475905555232
7429,0.5182555959843684,1.0902836305525387,0.5720280345681703,"Hajek(recency=30.0,delta=0.20)",Hajek,30.0,0.2,10,20,169,10000,,yes,0.035,0.9111475905555232
7430,0.5157952740196406,1.1079144710197726,0.5921191970001319,"Hajek(recency=30.0,delta=0.20)",Hajek,30.0,0.2,10,20,169,10000,,yes,0.035,0.9111475905555232
7431,0.5323362946439699,1.099615308588916,0.5672790139449461,"Hajek(recency=30.0,delta=0.20)",Hajek,30.0,0.2,10,20,169,10000,,yes,0.035,0.9111475905555232
7432,0.519371555857338,1.0945991092836431,0.5752275534263052,"Hajek(recency=30.0,delta=0.20)",Hajek,30.0,0.2,10,20,169,10000,,yes,0.035,0.9111475905555232
7433,0.5080207619046564,1.1045914685394722,0.5965707066348158,"Hajek(recency=30.0,delta=0.20)",Hajek,30.0,0.2,10,20,169,10000,,yes,0.035,0.9111475905555232
7434,0.5175701006661811,1.098212011313646,0.5806419106474648,"Hajek(recency=30.0,delta=0.20)",Hajek,30.0,0.2,10,20,169,10000,,yes,0.035,0.9111475905555232
7435,0.5204689800694623,1.102231655798181,0.5817626757287188,"Hajek(recency=30.0,delta=0.20)",Hajek,30.0,0.2,10,20,169,10000,,yes,0.035,0.9111475905555232
7436,0.5179114880292774,1.116223837438237,0.5983123494089595,"Hajek(recency=30.0,delta=0.20)",Hajek,30.0,0.2,10,20,169,10000,,yes,0.035,0.9111475905555232
7437,0.5094789817076409,1.107962185720551,0.5984832040129101,"Hajek(recency=30.0,delta=0.20)",Hajek,30.0,0.2,10,20,169,10000,,yes,0.035,0.9111475905555232
7438,0.5148056304740875,1.1239994066899621,0.6091937762158747,"Hajek(recency=30.0,delta=0.20)",Hajek,30.0,0.2,10,20,169,10000,,yes,0.035,0.9111475905555232
7439,0.5028163027831735,1.1141168890441135,0.6113005862609401,"Hajek(recency=30.0,delta=0.20)",Hajek,30.0,0.2,10,20,169,10000,,yes,0.035,0.9111475905555232
7440,0.5048415129449315,1.1156099825572796,0.6107684696123481,"Hajek(recency=30.0,delta=0.20)",Hajek,30.0,0.2,10,20,169,10000,,yes,0.035,0.9111475905555232
7441,0.5247791155492951,1.1131649244730268,0.5883858089237317,"Hajek(recency=30.0,delta=0.20)",Hajek,30.0,0.2,10,20,169,10000,,yes,0.035,0.9111475905555232
7442,0.5143566186424298,1.0958205018592708,0.5814638832168411,"Hajek(recency=30.0,delta=0.20)",Hajek,30.0,0.2,10,20,169,10000,,yes,0.035,0.9111475905555232
7443,0.5323200174100722,1.1020500972403853,0.5697300798303131,"Hajek(recency=30.0,delta=0.20)",Hajek,30.0,0.2,10,20,169,10000,,yes,0.035,0.9111475905555232
7444,0.5224397936641764,1.0860396926538987,0.5635998989897223,"Hajek(recency=30.0,delta=0.20)",Hajek,30.0,0.2,10,20,169,10000,,yes,0.035,0.9111475905555232
7445,0.5224065618226896,1.1014528360219191,0.5790462741992295,"Hajek(recency=30.0,delta=0.20)",Hajek,30.0,0.2,10,20,169,10000,,yes,0.035,0.9111475905555232
7446,0.5177165015322118,1.0951443601011872,0.5774278585689754,"Hajek(recency=30.0,delta=0.20)",Hajek,30.0,0.2,10,20,169,10000,,yes,0.035,0.9111475905555232
7447,0.5025373810961807,1.1237222323436764,0.6211848512474957,"Hajek(recency=30.0,delta=0.20)",Hajek,30.0,0.2,10,20,169,10000,,yes,0.035,0.9111475905555232
7448,0.4941923047725179,1.1120810022498877,0.6178886974773699,"Hajek(recency=30.0,delta=0.20)",Hajek,30.0,0.2,10,20,169,10000,,yes,0.035,0.9111475905555232
7449,0.5207839064689443,1.105565483675346,0.5847815772064016,"Hajek(recency=30.0,delta=0.20)",Hajek,30.0,0.2,10,20,169,10000,,yes,0.035,0.9111475905555232
7450,0.5143955015999244,1.0998480613014179,0.5854525597014935,"Hajek(recency=30.0,delta=0.20)",Hajek,30.0,0.2,10,20,169,10000,,yes,0.035,0.9111475905555232
7451,0.515776953949393,1.1082054887273791,0.5924285347779861,"Hajek(recency=30.0,delta=0.20)",Hajek,30.0,0.2,10,20,169,10000,,yes,0.035,0.9111475905555232
7452,0.5047308962498067,1.0956050833363942,0.5908741870865875,"Hajek(recency=30.0,delta=0.20)",Hajek,30.0,0.2,10,20,169,10000,,yes,0.035,0.9111475905555232
7453,0.5098811288339126,1.0957642997822687,0.5858831709483562,"Hajek(recency=30.0,delta=0.20)",Hajek,30.0,0.2,10,20,169,10000,,yes,0.035,0.9111475905555232
7454,0.5192319027949407,1.118247809339031,0.5990159065440902,"Hajek(recency=30.0,delta=0.20)",Hajek,30.0,0.2,10,20,169,10000,,yes,0.035,0.9111475905555232
7455,0.5277843549951078,1.103341855753037,0.5755575007579292,"Hajek(recency=30.0,delta=0.20)",Hajek,30.0,0.2,10,20,169,10000,,yes,0.035,0.9111475905555232
7456,0.5108741904300536,1.1031592699564432,0.5922850795263896,"Hajek(recency=30.0,delta=0.20)",Hajek,30.0,0.2,10,20,169,10000,,yes,0.035,0.9111475905555232
7457,0.5101780525511732,1.1085454005458568,0.5983673479946836,"Hajek(recency=30.0,delta=0.20)",Hajek,30.0,0.2,10,20,169,10000,,yes,0.035,0.9111475905555232
7458,0.512975770919909,1.0939446540971671,0.5809688831772581,"Hajek(recency=30.0,delta=0.20)",Hajek,30.0,0.2,10,20,169,10000,,yes,0.035,0.9111475905555232
7459,0.5174968833265505,1.1067908252246768,0.5892939418981262,"Hajek(recency=30.0,delta=0.20)",Hajek,30.0,0.2,10,20,169,10000,,yes,0.035,0.9111475905555232
7460,0.4983986647424912,1.1043572926852065,0.6059586279427154,"Hajek(recency=30.0,delta=0.20)",Hajek,30.0,0.2,10,20,169,10000,,yes,0.035,0.9111475905555232
7461,0.516313099793312,1.100923859600595,0.584610759807283,"Hajek(recency=30.0,delta=0.20)",Hajek,30.0,0.2,10,20,169,10000,,yes,0.035,0.9111475905555232
7462,0.5266265103396651,1.0916346282535832,0.565008117913918,"Hajek(recency=30.0,delta=0.20)",Hajek,30.0,0.2,10,20,169,10000,,yes,0.035,0.9111475905555232
7463,0.5167811026296215,1.1157916624416064,0.5990105598119849,"Hajek(recency=30.0,delta=0.20)",Hajek,30.0,0.2,10,20,169,10000,,yes,0.035,0.9111475905555232
7464,0.5253598063329163,1.1070331989612303,0.581673392628314,"Hajek(recency=30.0,delta=0.20)",Hajek,30.0,0.2,10,20,169,10000,,yes,0.035,0.9111475905555232
7465,0.5008085628760928,1.1060354624280027,0.6052268995519099,"Hajek(recency=30.0,delta=0.20)",Hajek,30.0,0.2,10,20,169,10000,,yes,0.035,0.9111475905555232
7466,0.5166555533107396,1.133845929023258,0.6171903757125184,"Hajek(recency=30.0,delta=0.20)",Hajek,30.0,0.2,10,20,169,10000,,yes,0.035,0.9111475905555232
7467,0.5138126725374806,1.1137593532694006,0.5999466807319199,"Hajek(recency=30.0,delta=0.20)",Hajek,30.0,0.2,10,20,169,10000,,yes,0.035,0.9111475905555232
7468,0.5119734526632315,1.1207440723597377,0.6087706196965063,"Hajek(recency=30.0,delta=0.20)",Hajek,30.0,0.2,10,20,169,10000,,yes,0.035,0.9111475905555232
7469,0.5270151908709697,1.1057846596515766,0.5787694687806069,"Hajek(recency=30.0,delta=0.20)",Hajek,30.0,0.2,10,20,169,10000,,yes,0.035,0.9111475905555232
7470,0.5063845090674179,1.1262195345571946,0.6198350254897766,"Hajek(recency=30.0,delta=0.20)",Hajek,30.0,0.2,10,20,169,10000,,yes,0.035,0.9111475905555232
7471,0.5077819136559515,1.1023977603339947,0.5946158466780432,"Hajek(recency=30.0,delta=0.20)",Hajek,30.0,0.2,10,20,169,10000,,yes,0.035,0.9111475905555232
7472,0.504209989116301,1.10062310191683,0.596413112800529,"Hajek(recency=30.0,delta=0.20)",Hajek,30.0,0.2,10,20,169,10000,,yes,0.035,0.9111475905555232
7473,0.5018733418694938,1.0965949904191112,0.5947216485496174,"Hajek(recency=30.0,delta=0.20)",Hajek,30.0,0.2,10,20,169,10000,,yes,0.035,0.9111475905555232
7474,0.5233552922433132,1.1119674426804644,0.5886121504371512,"Hajek(recency=30.0,delta=0.20)",Hajek,30.0,0.2,10,20,169,10000,,yes,0.035,0.9111475905555232
7475,0.5229099632861685,1.09947088213155,0.5765609188453815,"Hajek(recency=30.0,delta=0.20)",Hajek,30.0,0.2,10,20,169,10000,,yes,0.035,0.9111475905555232
7476,0.5136936994807196,1.120155077539768,0.6064613780590483,"Hajek(recency=30.0,delta=0.20)",Hajek,30.0,0.2,10,20,169,10000,,yes,0.035,0.9111475905555232
7477,0.5231785237037108,1.1025032815886366,0.5793247578849259,"Hajek(recency=30.0,delta=0.20)",Hajek,30.0,0.2,10,20,169,10000,,yes,0.035,0.9111475905555232
7478,0.5202055119327668,1.113858223263021,0.5936527113302542,"Hajek(recency=30.0,delta=0.20)",Hajek,30.0,0.2,10,20,169,10000,,yes,0.035,0.9111475905555232
7479,0.5120391337193017,1.1033209443163352,0.5912818105970336,"Hajek(recency=30.0,delta=0.20)",Hajek,30.0,0.2,10,20,169,10000,,yes,0.035,0.9111475905555232
7480,0.5131638418943596,1.1037192468139247,0.5905554049195652,"Hajek(recency=30.0,delta=0.20)",Hajek,30.0,0.2,10,20,169,10000,,yes,0.035,0.9111475905555232
7481,0.5166904306022883,1.0869387348079746,0.5702483042056864,"Hajek(recency=30.0,delta=0.20)",Hajek,30.0,0.2,10,20,169,10000,,yes,0.035,0.9111475905555232
7482,0.5089089158576089,1.0971251041593315,0.5882161883017226,"Hajek(recency=30.0,delta=0.20)",Hajek,30.0,0.2,10,20,169,10000,,yes,0.035,0.9111475905555232
7483,0.5227268790822654,1.125184881150584,0.6024580020683186,"Hajek(recency=30.0,delta=0.20)",Hajek,30.0,0.2,10,20,169,10000,,yes,0.035,0.9111475905555232
7484,0.5148937088855586,1.096243174162306,0.5813494652767474,"Hajek(recency=30.0,delta=0.20)",Hajek,30.0,0.2,10,20,169,10000,,yes,0.035,0.9111475905555232
7485,0.5233694612196493,1.108452584419092,0.5850831231994427,"Hajek(recency=30.0,delta=0.20)",Hajek,30.0,0.2,10,20,169,10000,,yes,0.035,0.9111475905555232
7486,0.5118558505627082,1.1182948854305008,0.6064390348677926,"Hajek(recency=30.0,delta=0.20)",Hajek,30.0,0.2,10,20,169,10000,,yes,0.035,0.9111475905555232
7487,0.5080578038337625,1.100536934948992,0.5924791311152294,"Hajek(recency=30.0,delta=0.20)",Hajek,30.0,0.2,10,20,169,10000,,yes,0.035,0.9111475905555232
7488,0.525847408064739,1.1133371586618916,0.5874897505971527,"Hajek(recency=30.0,delta=0.20)",Hajek,30.0,0.2,10,20,169,10000,,yes,0.035,0.9111475905555232
7489,0.5149974695808769,1.1182503729612345,0.6032529033803576,"Hajek(recency=30.0,delta=0.20)",Hajek,30.0,0.2,10,20,169,10000,,yes,0.035,0.9111475905555232
7490,0.49798559017956656,1.1141802183631213,0.6161946281835547,"Hajek(recency=30.0,delta=0.20)",Hajek,30.0,0.2,10,20,169,10000,,yes,0.035,0.9111475905555232
7491,0.5108338692856752,1.103107501393548,0.5922736321078729,"Hajek(recency=30.0,delta=0.20)",Hajek,30.0,0.2,10,20,169,10000,,yes,0.035,0.9111475905555232
7492,0.5098574597833977,1.0994463197569346,0.5895888599735369,"Hajek(recency=30.0,delta=0.20)",Hajek,30.0,0.2,10,20,169,10000,,yes,0.035,0.9111475905555232
7493,0.5037048845939527,1.1124999695179587,0.608795084924006,"Hajek(recency=30.0,delta=0.20)",Hajek,30.0,0.2,10,20,169,10000,,yes,0.035,0.9111475905555232
7494,0.5239151712542357,1.086973878530771,0.5630587072765353,"Hajek(recency=30.0,delta=0.20)",Hajek,30.0,0.2,10,20,169,10000,,yes,0.035,0.9111475905555232
7495,0.5225249656715537,1.1115092264500115,0.5889842607784578,"Hajek(recency=30.0,delta=0.20)",Hajek,30.0,0.2,10,20,169,10000,,yes,0.035,0.9111475905555232
7496,0.5111853817766243,1.0937573570531411,0.5825719752765168,"Hajek(recency=30.0,delta=0.20)",Hajek,30.0,0.2,10,20,169,10000,,yes,0.035,0.9111475905555232
7497,0.5163660501039389,1.0891590408753904,0.5727929907714515,"Hajek(recency=30.0,delta=0.20)",Hajek,30.0,0.2,10,20,169,10000,,yes,0.035,0.9111475905555232
7498,0.5053946000396087,1.0910502946629845,0.5856556946233759,"Hajek(recency=30.0,delta=0.20)",Hajek,30.0,0.2,10,20,169,10000,,yes,0.035,0.9111475905555232
7499,0.5134178858688628,1.0913994240212177,0.5779815381523549,"Hajek(recency=30.0,delta=0.20)",Hajek,30.0,0.2,10,20,169,10000,,yes,0.035,0.9111475905555232
7500,0.5118972601303394,1.089673555963,0.5777762958326605,"Hajek(recency=30.0,delta=0.20)",Hajek,30.0,0.2,10,20,169,10000,,yes,0.035,0.9111475905555232
7501,0.5039914698462025,1.1273197666191563,0.6233282967729539,"Hajek(recency=30.0,delta=0.20)",Hajek,30.0,0.2,10,20,169,10000,,yes,0.035,0.9111475905555232
7502,0.5091370223244029,1.1086980104942548,0.5995609881698518,"Hajek(recency=30.0,delta=0.20)",Hajek,30.0,0.2,10,20,169,10000,,yes,0.035,0.9111475905555232
7503,0.5039892858460004,1.127066493448968,0.6230772076029676,"Hajek(recency=30.0,delta=0.20)",Hajek,30.0,0.2,10,20,169,10000,,yes,0.035,0.9111475905555232
7504,0.5066563260280499,1.095177632664405,0.588521306636355,"Hajek(recency=30.0,delta=0.20)",Hajek,30.0,0.2,10,20,169,10000,,yes,0.035,0.9111475905555232
7505,0.5368141291237829,1.1057725673014023,0.5689584381776194,"Hajek(recency=30.0,delta=0.20)",Hajek,30.0,0.2,10,20,169,10000,,yes,0.035,0.9111475905555232
7506,0.5136730424705707,1.111450239735083,0.5977771972645123,"Hajek(recency=30.0,delta=0.20)",Hajek,30.0,0.2,10,20,169,10000,,yes,0.035,0.9111475905555232
7507,0.5099205334766085,1.109834897048173,0.5999143635715646,"Hajek(recency=30.0,delta=0.20)",Hajek,30.0,0.2,10,20,169,10000,,yes,0.035,0.9111475905555232
7508,0.525215987377453,1.0870042092507568,0.5617882218733038,"Hajek(recency=30.0,delta=0.20)",Hajek,30.0,0.2,10,20,169,10000,,yes,0.035,0.9111475905555232
7509,0.5094967869170737,1.0963334559120936,0.58683666899502,"Hajek(recency=30.0,delta=0.20)",Hajek,30.0,0.2,10,20,169,10000,,yes,0.035,0.9111475905555232
7510,0.5113260033132867,1.1019724312555719,0.5906464279422852,"Hajek(recency=30.0,delta=0.20)",Hajek,30.0,0.2,10,20,169,10000,,yes,0.035,0.9111475905555232
7511,0.5155766310393286,1.1023854794257029,0.5868088483863743,"Hajek(recency=30.0,delta=0.20)",Hajek,30.0,0.2,10,20,169,10000,,yes,0.035,0.9111475905555232
7512,0.5083894706207142,1.119961124588541,0.6115716539678269,"Hajek(recency=30.0,delta=0.20)",Hajek,30.0,0.2,10,20,169,10000,,yes,0.035,0.9111475905555232
7513,0.5176454200686401,1.1050297301876317,0.5873843101189916,"Hajek(recency=30.0,delta=0.20)",Hajek,30.0,0.2,10,20,169,10000,,yes,0.035,0.9111475905555232
7514,0.5200192748189016,1.1194284483769503,0.5994091735580487,"Hajek(recency=30.0,delta=0.20)",Hajek,30.0,0.2,10,20,169,10000,,yes,0.035,0.9111475905555232
7515,0.510063526924569,1.114534595225189,0.60447106830062,"Hajek(recency=30.0,delta=0.20)",Hajek,30.0,0.2,10,20,169,10000,,yes,0.035,0.9111475905555232
7516,0.5134733834494565,1.1098463052106136,0.5963729217611571,"Hajek(recency=30.0,delta=0.20)",Hajek,30.0,0.2,10,20,169,10000,,yes,0.035,0.9111475905555232
7517,0.5126778574083266,1.0913587309372168,0.5786808735288902,"Hajek(recency=30.0,delta=0.20)",Hajek,30.0,0.2,10,20,169,10000,,yes,0.035,0.9111475905555232
7518,0.523092306327163,1.1069616710853214,0.5838693647581584,"Hajek(recency=30.0,delta=0.20)",Hajek,30.0,0.2,10,20,169,10000,,yes,0.035,0.9111475905555232
7519,0.5176702035543288,1.1314756547905802,0.6138054512362514,"Hajek(recency=30.0,delta=0.20)",Hajek,30.0,0.2,10,20,169,10000,,yes,0.035,0.9111475905555232
7520,0.516164097824516,1.1058098397522749,0.5896457419277589,"Hajek(recency=30.0,delta=0.20)",Hajek,30.0,0.2,10,20,169,10000,,yes,0.035,0.9111475905555232
7521,0.5270573068481545,1.0926848557803353,0.5656275489321807,"Hajek(recency=30.0,delta=0.20)",Hajek,30.0,0.2,10,20,169,10000,,yes,0.035,0.9111475905555232
7522,0.5205561660785563,1.1163562030883347,0.5958000370097785,"Hajek(recency=30.0,delta=0.20)",Hajek,30.0,0.2,10,20,169,10000,,yes,0.035,0.9111475905555232
7523,0.5075471181230139,1.0930327917693885,0.5854856736463746,"Hajek(recency=30.0,delta=0.20)",Hajek,30.0,0.2,10,20,169,10000,,yes,0.035,0.9111475905555232
7524,0.5131394227059412,1.103747610682682,0.5906081879767409,"Hajek(recency=30.0,delta=0.20)",Hajek,30.0,0.2,10,20,169,10000,,yes,0.035,0.9111475905555232
7525,0.49446934776042556,1.124710626754811,0.6302412789943854,"Hajek(recency=30.0,delta=0.20)",Hajek,30.0,0.2,10,20,169,10000,,yes,0.035,0.9111475905555232
7526,0.5205110941331269,1.1325532075320943,0.6120421133989674,"Hajek(recency=30.0,delta=0.20)",Hajek,30.0,0.2,10,20,169,10000,,yes,0.035,0.9111475905555232
7527,0.5243827942683004,1.1006093891661421,0.5762265948978418,"Hajek(recency=30.0,delta=0.20)",Hajek,30.0,0.2,10,20,169,10000,,yes,0.035,0.9111475905555232
7528,0.52601583097518,1.106668477552522,0.580652646577342,"Hajek(recency=30.0,delta=0.20)",Hajek,30.0,0.2,10,20,169,10000,,yes,0.035,0.9111475905555232
7529,0.49667406833822275,1.1173962062543312,0.6207221379161085,"Hajek(recency=30.0,delta=0.20)",Hajek,30.0,0.2,10,20,169,10000,,yes,0.035,0.9111475905555232
7530,0.5164798086119864,1.1100210717226295,0.5935412631106431,"Hajek(recency=30.0,delta=0.20)",Hajek,30.0,0.2,10,20,169,10000,,yes,0.035,0.9111475905555232
7531,0.5171742431087086,1.1052015693873611,0.5880273262786525,"Hajek(recency=30.0,delta=0.20)",Hajek,30.0,0.2,10,20,169,10000,,yes,0.035,0.9111475905555232
7532,0.5208281753920226,1.1025585806257252,0.5817304052337026,"Hajek(recency=30.0,delta=0.20)",Hajek,30.0,0.2,10,20,169,10000,,yes,0.035,0.9111475905555232
7533,0.5101297642645221,1.1074609838600613,0.5973312195955393,"Hajek(recency=30.0,delta=0.20)",Hajek,30.0,0.2,10,20,169,10000,,yes,0.035,0.9111475905555232
7534,0.5000734067177063,1.097937160857575,0.5978637541398687,"Hajek(recency=30.0,delta=0.20)",Hajek,30.0,0.2,10,20,169,10000,,yes,0.035,0.9111475905555232
7535,0.5173827426985388,1.0887307875052328,0.571348044806694,"Hajek(recency=30.0,delta=0.20)",Hajek,30.0,0.2,10,20,169,10000,,yes,0.035,0.9111475905555232
7536,0.5359901717264339,1.1034279243548875,0.5674377526284535,"Hajek(recency=30.0,delta=0.20)",Hajek,30.0,0.2,10,20,169,10000,,yes,0.035,0.9111475905555232
7537,0.5089157448320483,1.104805383334355,0.5958896385023067,"Hajek(recency=30.0,delta=0.20)",Hajek,30.0,0.2,10,20,169,10000,,yes,0.035,0.9111475905555232
7538,0.4994022168134618,1.0991074717298113,0.5997052549163495,"Hajek(recency=30.0,delta=0.20)",Hajek,30.0,0.2,10,20,169,10000,,yes,0.035,0.9111475905555232
7539,0.5093358205176178,1.0970718201990437,0.5877359996814259,"Hajek(recency=30.0,delta=0.20)",Hajek,30.0,0.2,10,20,169,10000,,yes,0.035,0.9111475905555232
7540,0.5079364136091543,1.0923873841577003,0.584450970548546,"Hajek(recency=30.0,delta=0.20)",Hajek,30.0,0.2,10,20,169,10000,,yes,0.035,0.9111475905555232
7541,0.5252705441191123,1.0855348322318399,0.5602642881127275,"Hajek(recency=30.0,delta=0.20)",Hajek,30.0,0.2,10,20,169,10000,,yes,0.035,0.9111475905555232
7542,0.527687111034711,1.1186887262062946,0.5910016151715836,"Hajek(recency=30.0,delta=0.20)",Hajek,30.0,0.2,10,20,169,10000,,yes,0.035,0.9111475905555232
7543,0.5081685389864257,1.0954682799902125,0.5872997410037868,"Hajek(recency=30.0,delta=0.20)",Hajek,30.0,0.2,10,20,169,10000,,yes,0.035,0.9111475905555232
7544,0.48970696235366323,1.0904976017852872,0.600790639431624,"Hajek(recency=30.0,delta=0.20)",Hajek,30.0,0.2,10,20,169,10000,,yes,0.035,0.9111475905555232
7545,0.5170374591927838,1.1137877890004602,0.5967503298076764,"Hajek(recency=30.0,delta=0.20)",Hajek,30.0,0.2,10,20,169,10000,,yes,0.035,0.9111475905555232
7546,0.5036334546224618,1.0834813424182395,0.5798478877957777,"Hajek(recency=30.0,delta=0.20)",Hajek,30.0,0.2,10,20,169,10000,,yes,0.035,0.9111475905555232
7547,0.520218920456558,1.1014780790848238,0.5812591586282657,"Hajek(recency=30.0,delta=0.20)",Hajek,30.0,0.2,10,20,169,10000,,yes,0.035,0.9111475905555232
7548,0.5245443756698454,1.1109905900901695,0.5864462144203242,"Hajek(recency=30.0,delta=0.20)",Hajek,30.0,0.2,10,20,169,10000,,yes,0.035,0.9111475905555232
7549,0.513744287330323,1.1026005990396024,0.5888563117092794,"Hajek(recency=30.0,delta=0.20)",Hajek,30.0,0.2,10,20,169,10000,,yes,0.035,0.9111475905555232
7550,0.5111198516600639,1.1168360154729418,0.6057161638128779,"Hajek(recency=30.0,delta=0.20)",Hajek,30.0,0.2,10,20,169,10000,,yes,0.035,0.9111475905555232
7551,0.5161723842716741,1.1208973538806692,0.6047249696089951,"Hajek(recency=30.0,delta=0.20)",Hajek,30.0,0.2,10,20,169,10000,,yes,0.035,0.9111475905555232
7552,0.5137359495994881,1.104478131433885,0.5907421818343969,"Hajek(recency=30.0,delta=0.20)",Hajek,30.0,0.2,10,20,169,10000,,yes,0.035,0.9111475905555232
7553,0.5312801143759777,1.101089673162365,0.5698095587863873,"Hajek(recency=30.0,delta=0.20)",Hajek,30.0,0.2,10,20,169,10000,,yes,0.035,0.9111475905555232
7554,0.5094296901695423,1.123701822084615,0.6142721319150728,"Hajek(recency=30.0,delta=0.20)",Hajek,30.0,0.2,10,20,169,10000,,yes,0.035,0.9111475905555232
7555,0.5055062399973961,1.125363739331293,0.6198574993338969,"Hajek(recency=30.0,delta=0.20)",Hajek,30.0,0.2,10,20,169,10000,,yes,0.035,0.9111475905555232
7556,0.5170549340328866,1.0923365729391898,0.5752816389063032,"Hajek(recency=30.0,delta=0.20)",Hajek,30.0,0.2,10,20,169,10000,,yes,0.035,0.9111475905555232
7557,0.5058794003150986,1.116438840970608,0.6105594406555095,"Hajek(recency=30.0,delta=0.20)",Hajek,30.0,0.2,10,20,169,10000,,yes,0.035,0.9111475905555232
7558,0.5143924911861528,1.120256513317493,0.6058640221313403,"Hajek(recency=30.0,delta=0.20)",Hajek,30.0,0.2,10,20,169,10000,,yes,0.035,0.9111475905555232
7559,0.517876365068463,1.1100151342985158,0.5921387692300528,"Hajek(recency=30.0,delta=0.20)",Hajek,30.0,0.2,10,20,169,10000,,yes,0.035,0.9111475905555232
7560,0.5192478513898268,1.1071105487853876,0.5878626973955609,"Hajek(recency=30.0,delta=0.20)",Hajek,30.0,0.2,10,20,169,10000,,yes,0.035,0.9111475905555232
7561,0.5292054211525339,1.0847922677870465,0.5555868466345126,"Hajek(recency=30.0,delta=0.20)",Hajek,30.0,0.2,10,20,169,10000,,yes,0.035,0.9111475905555232
7562,0.5228305184049864,1.1080034430209746,0.5851729246159882,"Hajek(recency=30.0,delta=0.20)",Hajek,30.0,0.2,10,20,169,10000,,yes,0.035,0.9111475905555232
7563,0.5279268845324677,1.1220722956785814,0.5941454111461136,"Hajek(recency=30.0,delta=0.20)",Hajek,30.0,0.2,10,20,169,10000,,yes,0.035,0.9111475905555232
7564,0.515369307202739,1.1011930192896138,0.5858237120868748,"Hajek(recency=30.0,delta=0.20)",Hajek,30.0,0.2,10,20,169,10000,,yes,0.035,0.9111475905555232
7565,0.508167586415383,1.1296887438147958,0.6215211573994128,"Hajek(recency=30.0,delta=0.20)",Hajek,30.0,0.2,10,20,169,10000,,yes,0.035,0.9111475905555232
7566,0.510933568511825,1.0919666090165354,0.5810330405047104,"Hajek(recency=30.0,delta=0.20)",Hajek,30.0,0.2,10,20,169,10000,,yes,0.035,0.9111475905555232
7567,0.5132055248079662,1.0987069285961302,0.585501403788164,"Hajek(recency=30.0,delta=0.20)",Hajek,30.0,0.2,10,20,169,10000,,yes,0.035,0.9111475905555232
7568,0.5282576626918657,1.1048615432096693,0.5766038805178036,"Hajek(recency=30.0,delta=0.20)",Hajek,30.0,0.2,10,20,169,10000,,yes,0.035,0.9111475905555232
7569,0.515157670925712,1.120825949931783,0.605668279006071,"Hajek(recency=30.0,delta=0.20)",Hajek,30.0,0.2,10,20,169,10000,,yes,0.035,0.9111475905555232
7570,0.5111558389028356,1.1040765039203229,0.5929206650174873,"Hajek(recency=30.0,delta=0.20)",Hajek,30.0,0.2,10,20,169,10000,,yes,0.035,0.9111475905555232
7571,0.5206509626660731,1.1193162211933183,0.5986652585272452,"Hajek(recency=30.0,delta=0.20)",Hajek,30.0,0.2,10,20,169,10000,,yes,0.035,0.9111475905555232
7572,0.530370705295158,1.1047202798806202,0.5743495745854622,"Hajek(recency=30.0,delta=0.20)",Hajek,30.0,0.2,10,20,169,10000,,yes,0.035,0.9111475905555232
7573,0.5136683777553616,1.090584258532715,0.5769158807773535,"Hajek(recency=30.0,delta=0.20)",Hajek,30.0,0.2,10,20,169,10000,,yes,0.035,0.9111475905555232
7574,0.5212140143284346,1.073247836159088,0.5520338218306534,"Hajek(recency=30.0,delta=0.20)",Hajek,30.0,0.2,10,20,169,10000,,yes,0.035,0.9111475905555232
7575,0.5166398876497861,1.1068004023465947,0.5901605146968086,"Hajek(recency=30.0,delta=0.20)",Hajek,30.0,0.2,10,20,169,10000,,yes,0.035,0.9111475905555232
7576,0.5025325762427528,1.1009920656971361,0.5984594894543833,"Hajek(recency=30.0,delta=0.20)",Hajek,30.0,0.2,10,20,169,10000,,yes,0.035,0.9111475905555232
7577,0.5238559668103883,1.1017394684666053,0.577883501656217,"Hajek(recency=30.0,delta=0.20)",Hajek,30.0,0.2,10,20,169,10000,,yes,0.035,0.9111475905555232
7578,0.5169613892645677,1.1121689451531858,0.5952075558886181,"Hajek(recency=30.0,delta=0.20)",Hajek,30.0,0.2,10,20,169,10000,,yes,0.035,0.9111475905555232
7579,0.5074650472803192,1.0958123838484388,0.5883473365681197,"Hajek(recency=30.0,delta=0.20)",Hajek,30.0,0.2,10,20,169,10000,,yes,0.035,0.9111475905555232
7580,0.5030667897210028,1.099357630413658,0.5962908406926553,"Hajek(recency=30.0,delta=0.20)",Hajek,30.0,0.2,10,20,169,10000,,yes,0.035,0.9111475905555232
7581,0.5020832873501294,1.096522902889645,0.5944396155395156,"Hajek(recency=30.0,delta=0.20)",Hajek,30.0,0.2,10,20,169,10000,,yes,0.035,0.9111475905555232
7582,0.49842041934759634,1.0881036607153145,0.5896832413677182,"Hajek(recency=30.0,delta=0.20)",Hajek,30.0,0.2,10,20,169,10000,,yes,0.035,0.9111475905555232
7583,0.503640652601851,1.0947811555399796,0.5911405029381286,"Hajek(recency=30.0,delta=0.20)",Hajek,30.0,0.2,10,20,169,10000,,yes,0.035,0.9111475905555232
7584,0.5206624047418451,1.130602533665773,0.6099401289239279,"Hajek(recency=30.0,delta=0.20)",Hajek,30.0,0.2,10,20,169,10000,,yes,0.035,0.9111475905555232
7585,0.5186465294302013,1.109456398561369,0.5908098691311677,"Hajek(recency=30.0,delta=0.20)",Hajek,30.0,0.2,10,20,169,10000,,yes,0.035,0.9111475905555232
7586,0.5207639492017188,1.1111979680702,0.5904340188684812,"Hajek(recency=30.0,delta=0.20)",Hajek,30.0,0.2,10,20,169,10000,,yes,0.035,0.9111475905555232
7587,0.5220788481202578,1.1086708347868894,0.5865919866666316,"Hajek(recency=30.0,delta=0.20)",Hajek,30.0,0.2,10,20,169,10000,,yes,0.035,0.9111475905555232
7588,0.5074134473166161,1.1212054093799184,0.6137919620633023,"Hajek(recency=30.0,delta=0.20)",Hajek,30.0,0.2,10,20,169,10000,,yes,0.035,0.9111475905555232
7589,0.508999900234304,1.1175987419025761,0.6085988416682722,"Hajek(recency=30.0,delta=0.20)",Hajek,30.0,0.2,10,20,169,10000,,yes,0.035,0.9111475905555232
7590,0.5182111672042142,1.0995008327530131,0.5812896655487989,"Hajek(recency=30.0,delta=0.20)",Hajek,30.0,0.2,10,20,169,10000,,yes,0.035,0.9111475905555232
7591,0.5147038343031981,1.1295201565091393,0.6148163222059412,"Hajek(recency=30.0,delta=0.20)",Hajek,30.0,0.2,10,20,169,10000,,yes,0.035,0.9111475905555232
7592,0.5053205752385818,1.1176905197279479,0.6123699444893661,"Hajek(recency=30.0,delta=0.20)",Hajek,30.0,0.2,10,20,169,10000,,yes,0.035,0.9111475905555232
7593,0.5099715916678454,1.1186319275737782,0.6086603359059327,"Hajek(recency=30.0,delta=0.20)",Hajek,30.0,0.2,10,20,169,10000,,yes,0.035,0.9111475905555232
7594,0.5133275602923377,1.1047335460418204,0.5914059857494827,"Hajek(recency=30.0,delta=0.20)",Hajek,30.0,0.2,10,20,169,10000,,yes,0.035,0.9111475905555232
7595,0.5165565030779052,1.119352803214756,0.6027963001368507,"Hajek(recency=30.0,delta=0.20)",Hajek,30.0,0.2,10,20,169,10000,,yes,0.035,0.9111475905555232
7596,0.5244652850791958,1.0834906713309351,0.5590253862517394,"Hajek(recency=30.0,delta=0.20)",Hajek,30.0,0.2,10,20,169,10000,,yes,0.035,0.9111475905555232
7597,0.5125222944460869,1.1182481970248468,0.6057259025787599,"Hajek(recency=30.0,delta=0.20)",Hajek,30.0,0.2,10,20,169,10000,,yes,0.035,0.9111475905555232
7598,0.5160004415332891,1.1241204132306124,0.6081199716973233,"Hajek(recency=30.0,delta=0.20)",Hajek,30.0,0.2,10,20,169,10000,,yes,0.035,0.9111475905555232
7599,0.5211120418517231,1.115500741596277,0.5943886997445539,"Hajek(recency=30.0,delta=0.20)",Hajek,30.0,0.2,10,20,169,10000,,yes,0.035,0.9111475905555232
7600,0.5140212367980368,1.0905991418866698,0.576577905088633,"Hajek(recency=30.0,delta=0.20)",Hajek,30.0,0.2,10,20,169,10000,,yes,0.035,0.9111475905555232
7601,0.512070073787057,1.126740096844706,0.6146700230576491,"Hajek(recency=30.0,delta=0.20)",Hajek,30.0,0.2,10,20,169,10000,,yes,0.035,0.9111475905555232
7602,0.5153034003418411,1.1141766402961901,0.598873239954349,"Hajek(recency=30.0,delta=0.20)",Hajek,30.0,0.2,10,20,169,10000,,yes,0.035,0.9111475905555232
7603,0.48733555065669376,1.1084902591643697,0.621154708507676,"Hajek(recency=30.0,delta=0.20)",Hajek,30.0,0.2,10,20,169,10000,,yes,0.035,0.9111475905555232
7604,0.49756164799433306,1.112972755897545,0.6154111079032121,"Hajek(recency=30.0,delta=0.20)",Hajek,30.0,0.2,10,20,169,10000,,yes,0.035,0.9111475905555232
7605,0.5170677867969595,1.101767022611649,0.5846992358146894,"Hajek(recency=30.0,delta=0.20)",Hajek,30.0,0.2,10,20,169,10000,,yes,0.035,0.9111475905555232
7606,0.5220503420360196,1.0842957804246356,0.562245438388616,"Hajek(recency=30.0,delta=0.20)",Hajek,30.0,0.2,10,20,169,10000,,yes,0.035,0.9111475905555232
7607,0.5264849210944217,1.1312199660025637,0.604735044908142,"Hajek(recency=30.0,delta=0.20)",Hajek,30.0,0.2,10,20,169,10000,,yes,0.035,0.9111475905555232
7608,0.5300052103928462,1.1158002001382765,0.5857949897454303,"Hajek(recency=30.0,delta=0.20)",Hajek,30.0,0.2,10,20,169,10000,,yes,0.035,0.9111475905555232
7609,0.5239992988165811,1.098003237684001,0.5740039388674198,"Hajek(recency=30.0,delta=0.20)",Hajek,30.0,0.2,10,20,169,10000,,yes,0.035,0.9111475905555232
7610,0.4967999320275262,1.0990209290971937,0.6022209970696675,"Hajek(recency=30.0,delta=0.20)",Hajek,30.0,0.2,10,20,169,10000,,yes,0.035,0.9111475905555232
7611,0.5012476897227853,1.1130020765237811,0.6117543868009958,"Hajek(recency=30.0,delta=0.20)",Hajek,30.0,0.2,10,20,169,10000,,yes,0.035,0.9111475905555232
7612,0.5225174827557876,1.1228129725731824,0.6002954898173948,"Hajek(recency=30.0,delta=0.20)",Hajek,30.0,0.2,10,20,169,10000,,yes,0.035,0.9111475905555232
7613,0.5270490980726246,1.1300198383000226,0.602970740227398,"Hajek(recency=30.0,delta=0.20)",Hajek,30.0,0.2,10,20,169,10000,,yes,0.035,0.9111475905555232
7614,0.5140315125136481,1.1225212279566867,0.6084897154430386,"Hajek(recency=30.0,delta=0.20)",Hajek,30.0,0.2,10,20,169,10000,,yes,0.035,0.9111475905555232
7615,0.5120853813951302,1.1281137239319705,0.6160283425368404,"Hajek(recency=30.0,delta=0.20)",Hajek,30.0,0.2,10,20,169,10000,,yes,0.035,0.9111475905555232
7616,0.5093753028057442,1.1096234883254332,0.6002481855196891,"Hajek(recency=30.0,delta=0.20)",Hajek,30.0,0.2,10,20,169,10000,,yes,0.035,0.9111475905555232
7617,0.5217085039348922,1.1031238026676755,0.5814152987327833,"Hajek(recency=30.0,delta=0.20)",Hajek,30.0,0.2,10,20,169,10000,,yes,0.035,0.9111475905555232
7618,0.5109003046331811,1.116668465641478,0.6057681610082969,"Hajek(recency=30.0,delta=0.20)",Hajek,30.0,0.2,10,20,169,10000,,yes,0.035,0.9111475905555232
7619,0.5241399057545203,1.107309998690303,0.5831700929357827,"Hajek(recency=30.0,delta=0.20)",Hajek,30.0,0.2,10,20,169,10000,,yes,0.035,0.9111475905555232
7620,0.5074572686725458,1.1060802308921118,0.598622962219566,"Hajek(recency=30.0,delta=0.20)",Hajek,30.0,0.2,10,20,169,10000,,yes,0.035,0.9111475905555232
7621,0.514258656588013,1.1119299086586767,0.5976712520706637,"Hajek(recency=30.0,delta=0.20)",Hajek,30.0,0.2,10,20,169,10000,,yes,0.035,0.9111475905555232
7622,0.5010119472198121,1.0964239877142763,0.5954120404944642,"Hajek(recency=30.0,delta=0.20)",Hajek,30.0,0.2,10,20,169,10000,,yes,0.035,0.9111475905555232
7623,0.508780436012135,1.114381328789682,0.605600892777547,"Hajek(recency=30.0,delta=0.20)",Hajek,30.0,0.2,10,20,169,10000,,yes,0.035,0.9111475905555232
7624,0.524123393202361,1.1021634980759043,0.5780401048735433,"Hajek(recency=30.0,delta=0.20)",Hajek,30.0,0.2,10,20,169,10000,,yes,0.035,0.9111475905555232
7625,0.5042359856123998,1.100592834385175,0.5963568487727752,"Hajek(recency=30.0,delta=0.20)",Hajek,30.0,0.2,10,20,169,10000,,yes,0.035,0.9111475905555232
7626,0.5043445835555666,1.0955693646622873,0.5912247811067207,"Hajek(recency=30.0,delta=0.20)",Hajek,30.0,0.2,10,20,169,10000,,yes,0.035,0.9111475905555232
7627,0.503536006858222,1.1119737478295202,0.6084377409712982,"Hajek(recency=30.0,delta=0.20)",Hajek,30.0,0.2,10,20,169,10000,,yes,0.035,0.9111475905555232
7628,0.4999945068845337,1.094107950524592,0.5941134436400584,"Hajek(recency=30.0,delta=0.20)",Hajek,30.0,0.2,10,20,169,10000,,yes,0.035,0.9111475905555232
7629,0.5076418134934809,1.0962841632622125,0.5886423497687315,"Hajek(recency=30.0,delta=0.20)",Hajek,30.0,0.2,10,20,169,10000,,yes,0.035,0.9111475905555232
7630,0.5107128097300868,1.129179346649765,0.6184665369196782,"Hajek(recency=30.0,delta=0.20)",Hajek,30.0,0.2,10,20,169,10000,,yes,0.035,0.9111475905555232
7631,0.5073553443549704,1.1040370911415602,0.5966817467865898,"Hajek(recency=30.0,delta=0.20)",Hajek,30.0,0.2,10,20,169,10000,,yes,0.035,0.9111475905555232
7632,0.5265258593104567,1.0790121170149443,0.5524862577044876,"Hajek(recency=30.0,delta=0.20)",Hajek,30.0,0.2,10,20,169,10000,,yes,0.035,0.9111475905555232
7633,0.5178190806392445,1.1110676387534046,0.5932485581141601,"Hajek(recency=30.0,delta=0.20)",Hajek,30.0,0.2,10,20,169,10000,,yes,0.035,0.9111475905555232
7634,0.5068216453908744,1.1074117533421097,0.6005901079512354,"Hajek(recency=30.0,delta=0.20)",Hajek,30.0,0.2,10,20,169,10000,,yes,0.035,0.9111475905555232
7635,0.5240124342887741,1.1053830990439801,0.581370664755206,"Hajek(recency=30.0,delta=0.20)",Hajek,30.0,0.2,10,20,169,10000,,yes,0.035,0.9111475905555232
7636,0.5228735143705012,1.11012465115981,0.5872511367893087,"Hajek(recency=30.0,delta=0.20)",Hajek,30.0,0.2,10,20,169,10000,,yes,0.035,0.9111475905555232
7637,0.5147975970741602,1.1139799505112264,0.5991823534370663,"Hajek(recency=30.0,delta=0.20)",Hajek,30.0,0.2,10,20,169,10000,,yes,0.035,0.9111475905555232
7638,0.5056051856058769,1.1114238247852062,0.6058186391793293,"Hajek(recency=30.0,delta=0.20)",Hajek,30.0,0.2,10,20,169,10000,,yes,0.035,0.9111475905555232
7639,0.5053464145150361,1.0880185796297566,0.5826721651147204,"Hajek(recency=30.0,delta=0.20)",Hajek,30.0,0.2,10,20,169,10000,,yes,0.035,0.9111475905555232
7640,0.5126816675955398,1.1136219003029892,0.6009402327074495,"Hajek(recency=30.0,delta=0.20)",Hajek,30.0,0.2,10,20,169,10000,,yes,0.035,0.9111475905555232
7641,0.512350000670263,1.0954576220827394,0.5831076214124764,"Hajek(recency=30.0,delta=0.20)",Hajek,30.0,0.2,10,20,169,10000,,yes,0.035,0.9111475905555232
7642,0.5078571543251045,1.1123710414185275,0.604513887093423,"Hajek(recency=30.0,delta=0.20)",Hajek,30.0,0.2,10,20,169,10000,,yes,0.035,0.9111475905555232
7643,0.5188009335180747,1.111207083012997,0.5924061494949223,"Hajek(recency=30.0,delta=0.20)",Hajek,30.0,0.2,10,20,169,10000,,yes,0.035,0.9111475905555232
7644,0.5119471302694233,1.1116271180569177,0.5996799877874944,"Hajek(recency=30.0,delta=0.20)",Hajek,30.0,0.2,10,20,169,10000,,yes,0.035,0.9111475905555232
7645,0.5047473589111363,1.10393988512501,0.5991925262138736,"Hajek(recency=30.0,delta=0.20)",Hajek,30.0,0.2,10,20,169,10000,,yes,0.035,0.9111475905555232
7646,0.5043294379798874,1.1142216491783543,0.6098922111984669,"Hajek(recency=30.0,delta=0.20)",Hajek,30.0,0.2,10,20,169,10000,,yes,0.035,0.9111475905555232
7647,0.5089644432463544,1.0962209875510944,0.5872565443047401,"Hajek(recency=30.0,delta=0.20)",Hajek,30.0,0.2,10,20,169,10000,,yes,0.035,0.9111475905555232
7648,0.5128743119821827,1.1150950731715281,0.6022207611893454,"Hajek(recency=30.0,delta=0.20)",Hajek,30.0,0.2,10,20,169,10000,,yes,0.035,0.9111475905555232
7649,0.5198958401145164,1.1216494400012171,0.6017535998867007,"Hajek(recency=30.0,delta=0.20)",Hajek,30.0,0.2,10,20,169,10000,,yes,0.035,0.9111475905555232
7650,0.5172630146869344,1.1055566920688282,0.5882936773818939,"Hajek(recency=30.0,delta=0.20)",Hajek,30.0,0.2,10,20,169,10000,,yes,0.035,0.9111475905555232
7651,0.5248508579659621,1.095747566236147,0.570896708270185,"Hajek(recency=30.0,delta=0.20)",Hajek,30.0,0.2,10,20,169,10000,,yes,0.035,0.9111475905555232
7652,0.505164732821957,1.1065099722464335,0.6013452394244766,"Hajek(recency=30.0,delta=0.20)",Hajek,30.0,0.2,10,20,169,10000,,yes,0.035,0.9111475905555232
7653,0.5110529040184746,1.0820303274977674,0.5709774234792928,"Hajek(recency=30.0,delta=0.20)",Hajek,30.0,0.2,10,20,169,10000,,yes,0.035,0.9111475905555232
7654,0.5122792283840536,1.1083750048239829,0.5960957764399293,"Hajek(recency=30.0,delta=0.20)",Hajek,30.0,0.2,10,20,169,10000,,yes,0.035,0.9111475905555232
7655,0.504681066371287,1.0838712948480342,0.5791902284767473,"Hajek(recency=30.0,delta=0.20)",Hajek,30.0,0.2,10,20,169,10000,,yes,0.035,0.9111475905555232
7656,0.5163775070339155,1.0924393341953411,0.5760618271614256,"Hajek(recency=30.0,delta=0.20)",Hajek,30.0,0.2,10,20,169,10000,,yes,0.035,0.9111475905555232
7657,0.5257995865220051,1.092597200255556,0.5667976137335509,"Hajek(recency=30.0,delta=0.20)",Hajek,30.0,0.2,10,20,169,10000,,yes,0.035,0.9111475905555232
7658,0.5202566273084234,1.1261958519167783,0.6059392246083549,"Hajek(recency=30.0,delta=0.20)",Hajek,30.0,0.2,10,20,169,10000,,yes,0.035,0.9111475905555232
7659,0.5042826212121103,1.1087380086257428,0.6044553874136325,"Hajek(recency=30.0,delta=0.20)",Hajek,30.0,0.2,10,20,169,10000,,yes,0.035,0.9111475905555232
7660,0.5248893194459987,1.110867776069757,0.5859784566237582,"Hajek(recency=30.0,delta=0.20)",Hajek,30.0,0.2,10,20,169,10000,,yes,0.035,0.9111475905555232
7661,0.5111458154378855,1.1080459146325239,0.5969000991946384,"Hajek(recency=30.0,delta=0.20)",Hajek,30.0,0.2,10,20,169,10000,,yes,0.035,0.9111475905555232
7662,0.5123867684598999,1.087539471634956,0.5751527031750561,"Hajek(recency=30.0,delta=0.20)",Hajek,30.0,0.2,10,20,169,10000,,yes,0.035,0.9111475905555232
7663,0.5050050825110628,1.1016246678705655,0.5966195853595027,"Hajek(recency=30.0,delta=0.20)",Hajek,30.0,0.2,10,20,169,10000,,yes,0.035,0.9111475905555232
7664,0.5150493297393738,1.0928336152116382,0.5777842854722645,"Hajek(recency=30.0,delta=0.20)",Hajek,30.0,0.2,10,20,169,10000,,yes,0.035,0.9111475905555232
7665,0.5142174609131663,1.1111603774008527,0.5969429164876864,"Hajek(recency=30.0,delta=0.20)",Hajek,30.0,0.2,10,20,169,10000,,yes,0.035,0.9111475905555232
7666,0.5036153652177439,1.0981908282896067,0.5945754630718628,"Hajek(recency=30.0,delta=0.20)",Hajek,30.0,0.2,10,20,169,10000,,yes,0.035,0.9111475905555232
7667,0.5171703477468607,1.112813130172278,0.5956427824254172,"Hajek(recency=30.0,delta=0.20)",Hajek,30.0,0.2,10,20,169,10000,,yes,0.035,0.9111475905555232
7668,0.5025458867666661,1.0886281582203015,0.5860822714536353,"Hajek(recency=30.0,delta=0.20)",Hajek,30.0,0.2,10,20,169,10000,,yes,0.035,0.9111475905555232
7669,0.5087912561930775,1.101319226387313,0.5925279701942355,"Hajek(recency=30.0,delta=0.20)",Hajek,30.0,0.2,10,20,169,10000,,yes,0.035,0.9111475905555232
7670,0.4937204959781767,1.0972031497632986,0.6034826537851219,"Hajek(recency=30.0,delta=0.20)",Hajek,30.0,0.2,10,20,169,10000,,yes,0.035,0.9111475905555232
7671,0.526040208351905,1.121105563842607,0.595065355490702,"Hajek(recency=30.0,delta=0.20)",Hajek,30.0,0.2,10,20,169,10000,,yes,0.035,0.9111475905555232
7672,0.5190589177383891,1.119680539209519,0.60062162147113,"Hajek(recency=30.0,delta=0.20)",Hajek,30.0,0.2,10,20,169,10000,,yes,0.035,0.9111475905555232
7673,0.513905633443719,1.1073278234574866,0.5934221900137676,"Hajek(recency=30.0,delta=0.20)",Hajek,30.0,0.2,10,20,169,10000,,yes,0.035,0.9111475905555232
7674,0.5215170576705868,1.1185911962484425,0.5970741385778557,"Hajek(recency=30.0,delta=0.20)",Hajek,30.0,0.2,10,20,169,10000,,yes,0.035,0.9111475905555232
7675,0.5212859166892093,1.131945785535887,0.6106598688466777,"Hajek(recency=30.0,delta=0.20)",Hajek,30.0,0.2,10,20,169,10000,,yes,0.035,0.9111475905555232
7676,0.48900264355514733,1.0934935097495178,0.6044908661943704,"Hajek(recency=30.0,delta=0.20)",Hajek,30.0,0.2,10,20,169,10000,,yes,0.035,0.9111475905555232
7677,0.5102784144296237,1.0974135070225675,0.5871350925929437,"Hajek(recency=30.0,delta=0.20)",Hajek,30.0,0.2,10,20,169,10000,,yes,0.035,0.9111475905555232
7678,0.5207474863840265,1.0916862348416276,0.5709387484576012,"Hajek(recency=30.0,delta=0.20)",Hajek,30.0,0.2,10,20,169,10000,,yes,0.035,0.9111475905555232
7679,0.5160735436024277,1.1084571114642034,0.5923835678617757,"Hajek(recency=30.0,delta=0.20)",Hajek,30.0,0.2,10,20,169,10000,,yes,0.035,0.9111475905555232
7680,0.5288340939223823,1.0928929774395866,0.5640588835172042,"Hajek(recency=30.0,delta=0.20)",Hajek,30.0,0.2,10,20,169,10000,,yes,0.035,0.9111475905555232
7681,0.5199310200149821,1.1165173534085657,0.5965863333935836,"Hajek(recency=30.0,delta=0.20)",Hajek,30.0,0.2,10,20,169,10000,,yes,0.035,0.9111475905555232
7682,0.5077593739825985,1.117934643669663,0.6101752696870646,"Hajek(recency=30.0,delta=0.20)",Hajek,30.0,0.2,10,20,169,10000,,yes,0.035,0.9111475905555232
7683,0.5262443561469481,1.1069888931470477,0.5807445370000996,"Hajek(recency=30.0,delta=0.20)",Hajek,30.0,0.2,10,20,169,10000,,yes,0.035,0.9111475905555232
7684,0.5100147450905332,1.1213635159430129,0.6113487708524796,"Hajek(recency=30.0,delta=0.20)",Hajek,30.0,0.2,10,20,169,10000,,yes,0.035,0.9111475905555232
7685,0.5223999783368348,1.107121245560718,0.5847212672238832,"Hajek(recency=30.0,delta=0.20)",Hajek,30.0,0.2,10,20,169,10000,,yes,0.035,0.9111475905555232
7686,0.5162623114477259,1.0968886284191446,0.5806263169714186,"Hajek(recency=30.0,delta=0.20)",Hajek,30.0,0.2,10,20,169,10000,,yes,0.035,0.9111475905555232
7687,0.5189199700861187,1.1121717519027285,0.5932517818166099,"Hajek(recency=30.0,delta=0.20)",Hajek,30.0,0.2,10,20,169,10000,,yes,0.035,0.9111475905555232
7688,0.5230628288694891,1.118208106227566,0.5951452773580769,"Hajek(recency=30.0,delta=0.20)",Hajek,30.0,0.2,10,20,169,10000,,yes,0.035,0.9111475905555232
7689,0.5078574335468183,1.1100488598575813,0.602191426310763,"Hajek(recency=30.0,delta=0.20)",Hajek,30.0,0.2,10,20,169,10000,,yes,0.035,0.9111475905555232
7690,0.4977061293392558,1.135910452261365,0.6382043229221093,"Hajek(recency=30.0,delta=0.20)",Hajek,30.0,0.2,10,20,169,10000,,yes,0.035,0.9111475905555232
7691,0.5164538288297184,1.0944875085594234,0.5780336797297051,"Hajek(recency=30.0,delta=0.20)",Hajek,30.0,0.2,10,20,169,10000,,yes,0.035,0.9111475905555232
7692,0.5296044576735511,1.1114929510958418,0.5818884934222907,"Hajek(recency=30.0,delta=0.20)",Hajek,30.0,0.2,10,20,169,10000,,yes,0.035,0.9111475905555232
7693,0.5201874655436612,1.108426578766576,0.5882391132229147,"Hajek(recency=30.0,delta=0.20)",Hajek,30.0,0.2,10,20,169,10000,,yes,0.035,0.9111475905555232
7694,0.5016107591179712,1.1084180682685738,0.6068073091506027,"Hajek(recency=30.0,delta=0.20)",Hajek,30.0,0.2,10,20,169,10000,,yes,0.035,0.9111475905555232
7695,0.5253890653456664,1.1003308267660956,0.5749417614204292,"Hajek(recency=30.0,delta=0.20)",Hajek,30.0,0.2,10,20,169,10000,,yes,0.035,0.9111475905555232
7696,0.5137236003431057,1.0957970896042815,0.5820734892611757,"Hajek(recency=30.0,delta=0.20)",Hajek,30.0,0.2,10,20,169,10000,,yes,0.035,0.9111475905555232
7697,0.5007071551890433,1.0974087367783947,0.5967015815893514,"Hajek(recency=30.0,delta=0.20)",Hajek,30.0,0.2,10,20,169,10000,,yes,0.035,0.9111475905555232
7698,0.5167273813003685,1.0970307393746612,0.5803033580742927,"Hajek(recency=30.0,delta=0.20)",Hajek,30.0,0.2,10,20,169,10000,,yes,0.035,0.9111475905555232
7699,0.511543288581677,1.1119556624145481,0.6004123738328712,"Hajek(recency=30.0,delta=0.20)",Hajek,30.0,0.2,10,20,169,10000,,yes,0.035,0.9111475905555232
7700,0.5024492474110568,1.1031644108346077,0.6007151634235509,"Hajek(recency=30.0,delta=0.20)",Hajek,30.0,0.2,10,20,169,10000,,yes,0.035,0.9111475905555232
7701,0.5088726208379892,1.0927311579274737,0.5838585370894844,"Hajek(recency=30.0,delta=0.20)",Hajek,30.0,0.2,10,20,169,10000,,yes,0.035,0.9111475905555232
7702,0.5125791953053555,1.0957226016394792,0.5831434063341238,"Hajek(recency=30.0,delta=0.20)",Hajek,30.0,0.2,10,20,169,10000,,yes,0.035,0.9111475905555232
7703,0.5219379675724352,1.1143390256330703,0.5924010580606351,"Hajek(recency=30.0,delta=0.20)",Hajek,30.0,0.2,10,20,169,10000,,yes,0.035,0.9111475905555232
7704,0.5186684379740321,1.1026682604195492,0.5839998224455172,"Hajek(recency=30.0,delta=0.20)",Hajek,30.0,0.2,10,20,169,10000,,yes,0.035,0.9111475905555232
7705,0.5150340261309512,1.1040709226511543,0.5890368965202031,"Hajek(recency=30.0,delta=0.20)",Hajek,30.0,0.2,10,20,169,10000,,yes,0.035,0.9111475905555232
7706,0.5097048098512119,1.1113635651861566,0.6016587553349447,"Hajek(recency=30.0,delta=0.20)",Hajek,30.0,0.2,10,20,169,10000,,yes,0.035,0.9111475905555232
7707,0.5161892073078427,1.0983285683312929,0.5821393610234502,"Hajek(recency=30.0,delta=0.20)",Hajek,30.0,0.2,10,20,169,10000,,yes,0.035,0.9111475905555232
7708,0.519675307468958,1.0914891051191238,0.5718137976501658,"Hajek(recency=30.0,delta=0.20)",Hajek,30.0,0.2,10,20,169,10000,,yes,0.035,0.9111475905555232
7709,0.5263846165241418,1.1037850663808635,0.5774004498567217,"Hajek(recency=30.0,delta=0.20)",Hajek,30.0,0.2,10,20,169,10000,,yes,0.035,0.9111475905555232
7710,0.5080516169175389,1.099989552363992,0.5919379354464531,"Hajek(recency=30.0,delta=0.20)",Hajek,30.0,0.2,10,20,169,10000,,yes,0.035,0.9111475905555232
7711,0.521157250460678,1.111706984448149,0.5905497339874711,"Hajek(recency=30.0,delta=0.20)",Hajek,30.0,0.2,10,20,169,10000,,yes,0.035,0.9111475905555232
7712,0.5139255206193434,1.1134196650512065,0.5994941444318631,"Hajek(recency=30.0,delta=0.20)",Hajek,30.0,0.2,10,20,169,10000,,yes,0.035,0.9111475905555232
7713,0.5127256946224654,1.0938888028297624,0.581163108207297,"Hajek(recency=30.0,delta=0.20)",Hajek,30.0,0.2,10,20,169,10000,,yes,0.035,0.9111475905555232
7714,0.5167019032384146,1.1073173527007767,0.5906154494623621,"Hajek(recency=30.0,delta=0.20)",Hajek,30.0,0.2,10,20,169,10000,,yes,0.035,0.9111475905555232
7715,0.5142687257770587,1.113706875582344,0.5994381498052853,"Hajek(recency=30.0,delta=0.20)",Hajek,30.0,0.2,10,20,169,10000,,yes,0.035,0.9111475905555232
7716,0.505656879564134,1.110800471536967,0.6051435919728331,"Hajek(recency=30.0,delta=0.20)",Hajek,30.0,0.2,10,20,169,10000,,yes,0.035,0.9111475905555232
7717,0.5095752179170616,1.0832099856298891,0.5736347677128275,"Hajek(recency=30.0,delta=0.20)",Hajek,30.0,0.2,10,20,169,10000,,yes,0.035,0.9111475905555232
7718,0.5120337645657096,1.0920295492325598,0.5799957846668502,"Hajek(recency=30.0,delta=0.20)",Hajek,30.0,0.2,10,20,169,10000,,yes,0.035,0.9111475905555232
7719,0.5256569661520801,1.0951051832956626,0.5694482171435825,"Hajek(recency=30.0,delta=0.20)",Hajek,30.0,0.2,10,20,169,10000,,yes,0.035,0.9111475905555232
7720,0.5028493817096457,1.1267181097540135,0.6238687280443679,"Hajek(recency=30.0,delta=0.20)",Hajek,30.0,0.2,10,20,169,10000,,yes,0.035,0.9111475905555232
7721,0.5110916784314828,1.0970621922674775,0.5859705138359946,"Hajek(recency=30.0,delta=0.20)",Hajek,30.0,0.2,10,20,169,10000,,yes,0.035,0.9111475905555232
7722,0.5206890834865823,1.1023528146976054,0.5816637312110231,"Hajek(recency=30.0,delta=0.20)",Hajek,30.0,0.2,10,20,169,10000,,yes,0.035,0.9111475905555232
7723,0.5229550241137977,1.1068283514946524,0.5838733273808547,"Hajek(recency=30.0,delta=0.20)",Hajek,30.0,0.2,10,20,169,10000,,yes,0.035,0.9111475905555232
7724,0.515982076341829,1.102967693830427,0.5869856174885979,"Hajek(recency=30.0,delta=0.20)",Hajek,30.0,0.2,10,20,169,10000,,yes,0.035,0.9111475905555232
7725,0.5155392998293568,1.1092269443293317,0.5936876444999749,"Hajek(recency=30.0,delta=0.20)",Hajek,30.0,0.2,10,20,169,10000,,yes,0.035,0.9111475905555232
7726,0.5077385056681447,1.1120066245008275,0.6042681188326828,"Hajek(recency=30.0,delta=0.20)",Hajek,30.0,0.2,10,20,169,10000,,yes,0.035,0.9111475905555232
7727,0.5193602190733322,1.1188448683171774,0.5994846492438453,"Hajek(recency=30.0,delta=0.20)",Hajek,30.0,0.2,10,20,169,10000,,yes,0.035,0.9111475905555232
7728,0.5198592445404169,1.1190187691235047,0.5991595245830879,"Hajek(recency=30.0,delta=0.20)",Hajek,30.0,0.2,10,20,169,10000,,yes,0.035,0.9111475905555232
7729,0.5099351279197817,1.1138594779395246,0.6039243500197429,"Hajek(recency=30.0,delta=0.20)",Hajek,30.0,0.2,10,20,169,10000,,yes,0.035,0.9111475905555232
7730,0.5100727457325199,1.1065368075286024,0.5964640617960825,"Hajek(recency=30.0,delta=0.20)",Hajek,30.0,0.2,10,20,169,10000,,yes,0.035,0.9111475905555232
7731,0.5164202413635322,1.1120159023073923,0.5955956609438602,"Hajek(recency=30.0,delta=0.20)",Hajek,30.0,0.2,10,20,169,10000,,yes,0.035,0.9111475905555232
7732,0.517787830704404,1.0903836301636998,0.5725957994592957,"Hajek(recency=30.0,delta=0.20)",Hajek,30.0,0.2,10,20,169,10000,,yes,0.035,0.9111475905555232
7733,0.508983986864509,1.0994957670650205,0.5905117802005115,"Hajek(recency=30.0,delta=0.20)",Hajek,30.0,0.2,10,20,169,10000,,yes,0.035,0.9111475905555232
7734,0.5087880069192589,1.1152144995914701,0.6064264926722113,"Hajek(recency=30.0,delta=0.20)",Hajek,30.0,0.2,10,20,169,10000,,yes,0.035,0.9111475905555232
7735,0.5277347478977225,1.1042782548992742,0.5765435070015518,"Hajek(recency=30.0,delta=0.20)",Hajek,30.0,0.2,10,20,169,10000,,yes,0.035,0.9111475905555232
7736,0.5315680866895778,1.0913417506293666,0.5597736639397888,"Hajek(recency=30.0,delta=0.20)",Hajek,30.0,0.2,10,20,169,10000,,yes,0.035,0.9111475905555232
7737,0.5105351890645261,1.1050566943347118,0.5945215052701857,"Hajek(recency=30.0,delta=0.20)",Hajek,30.0,0.2,10,20,169,10000,,yes,0.035,0.9111475905555232
7738,0.5020881594817378,1.1082168782715462,0.6061287187898085,"Hajek(recency=30.0,delta=0.20)",Hajek,30.0,0.2,10,20,169,10000,,yes,0.035,0.9111475905555232
7739,0.4878159329949601,1.087133787296966,0.5993178543020059,"Hajek(recency=30.0,delta=0.20)",Hajek,30.0,0.2,10,20,169,10000,,yes,0.035,0.9111475905555232
7740,0.525527474130495,1.1197967134634677,0.5942692393329726,"Hajek(recency=30.0,delta=0.20)",Hajek,30.0,0.2,10,20,169,10000,,yes,0.035,0.9111475905555232
7741,0.5053555948918579,1.0975769481608124,0.5922213532689545,"Hajek(recency=30.0,delta=0.20)",Hajek,30.0,0.2,10,20,169,10000,,yes,0.035,0.9111475905555232
7742,0.5103356961208062,1.0853918341378812,0.575056138017075,"Hajek(recency=30.0,delta=0.20)",Hajek,30.0,0.2,10,20,169,10000,,yes,0.035,0.9111475905555232
7743,0.507490743191066,1.1135875720237465,0.6060968288326805,"Hajek(recency=30.0,delta=0.20)",Hajek,30.0,0.2,10,20,169,10000,,yes,0.035,0.9111475905555232
7744,0.5076599418724528,1.0996088035173601,0.5919488616449073,"Hajek(recency=30.0,delta=0.20)",Hajek,30.0,0.2,10,20,169,10000,,yes,0.035,0.9111475905555232
7745,0.5115603067940352,1.093727292615173,0.5821669858211379,"Hajek(recency=30.0,delta=0.20)",Hajek,30.0,0.2,10,20,169,10000,,yes,0.035,0.9111475905555232
7746,0.5005531356741819,1.0880499609877041,0.5874968253135222,"Hajek(recency=30.0,delta=0.20)",Hajek,30.0,0.2,10,20,169,10000,,yes,0.035,0.9111475905555232
7747,0.5175623600157496,1.1271609451442264,0.6095985851284768,"Hajek(recency=30.0,delta=0.20)",Hajek,30.0,0.2,10,20,169,10000,,yes,0.035,0.9111475905555232
7748,0.5204379592244379,1.1011891513283825,0.5807511921039445,"Hajek(recency=30.0,delta=0.20)",Hajek,30.0,0.2,10,20,169,10000,,yes,0.035,0.9111475905555232
7749,0.5080197678471611,1.1070891157492875,0.5990693479021264,"Hajek(recency=30.0,delta=0.20)",Hajek,30.0,0.2,10,20,169,10000,,yes,0.035,0.9111475905555232
7750,0.5082344736196495,1.0976444515708592,0.5894099779512098,"Hajek(recency=30.0,delta=0.20)",Hajek,30.0,0.2,10,20,169,10000,,yes,0.035,0.9111475905555232
7751,0.5094765634282408,1.0861799085476072,0.5767033451193664,"Hajek(recency=30.0,delta=0.20)",Hajek,30.0,0.2,10,20,169,10000,,yes,0.035,0.9111475905555232
7752,0.5066828720084696,1.1289824191307694,0.6222995471222997,"Hajek(recency=30.0,delta=0.20)",Hajek,30.0,0.2,10,20,169,10000,,yes,0.035,0.9111475905555232
7753,0.5088102816069638,1.107166548565678,0.5983562669587142,"Hajek(recency=30.0,delta=0.20)",Hajek,30.0,0.2,10,20,169,10000,,yes,0.035,0.9111475905555232
7754,0.513858975530813,1.1316411027988391,0.6177821272680262,"Hajek(recency=30.0,delta=0.20)",Hajek,30.0,0.2,10,20,169,10000,,yes,0.035,0.9111475905555232
7755,0.5271762217548406,1.0943198578958744,0.5671436361410338,"Hajek(recency=30.0,delta=0.20)",Hajek,30.0,0.2,10,20,169,10000,,yes,0.035,0.9111475905555232
7756,0.5199582156420554,1.1045160385094184,0.584557822867363,"Hajek(recency=30.0,delta=0.20)",Hajek,30.0,0.2,10,20,169,10000,,yes,0.035,0.9111475905555232
7757,0.5162965678202501,1.0918142411228344,0.5755176733025843,"Hajek(recency=30.0,delta=0.20)",Hajek,30.0,0.2,10,20,169,10000,,yes,0.035,0.9111475905555232
7758,0.5007390200346028,1.1103249266695152,0.6095859066349124,"Hajek(recency=30.0,delta=0.20)",Hajek,30.0,0.2,10,20,169,10000,,yes,0.035,0.9111475905555232
7759,0.5104482886429642,1.0902487965679484,0.5798005079249842,"Hajek(recency=30.0,delta=0.20)",Hajek,30.0,0.2,10,20,169,10000,,yes,0.035,0.9111475905555232
7760,0.52015398333179,1.122017573144564,0.6018635898127741,"Hajek(recency=30.0,delta=0.20)",Hajek,30.0,0.2,10,20,169,10000,,yes,0.035,0.9111475905555232
7761,0.514290444176981,1.1010403371418311,0.5867498929648501,"Hajek(recency=30.0,delta=0.20)",Hajek,30.0,0.2,10,20,169,10000,,yes,0.035,0.9111475905555232
7762,0.5173508099160059,1.1149308937073492,0.5975800837913433,"Hajek(recency=30.0,delta=0.20)",Hajek,30.0,0.2,10,20,169,10000,,yes,0.035,0.9111475905555232
7763,0.5039750749988198,1.084393105591637,0.5804180305928172,"Hajek(recency=30.0,delta=0.20)",Hajek,30.0,0.2,10,20,169,10000,,yes,0.035,0.9111475905555232
7764,0.5176103859769671,1.0995582545657587,0.5819478685887917,"Hajek(recency=30.0,delta=0.20)",Hajek,30.0,0.2,10,20,169,10000,,yes,0.035,0.9111475905555232
7765,0.5193272598796833,1.095824830682187,0.5764975708025036,"Hajek(recency=30.0,delta=0.20)",Hajek,30.0,0.2,10,20,169,10000,,yes,0.035,0.9111475905555232
7766,0.49088202194204916,1.0860696428018486,0.5951876208597995,"Hajek(recency=30.0,delta=0.20)",Hajek,30.0,0.2,10,20,169,10000,,yes,0.035,0.9111475905555232
7767,0.5051272437682753,1.105599755445681,0.6004725116774056,"Hajek(recency=30.0,delta=0.20)",Hajek,30.0,0.2,10,20,169,10000,,yes,0.035,0.9111475905555232
7768,0.5039174324148795,1.079988123953956,0.5760706915390764,"Hajek(recency=30.0,delta=0.20)",Hajek,30.0,0.2,10,20,169,10000,,yes,0.035,0.9111475905555232
7769,0.5224730574838836,1.0940597655379443,0.5715867080540606,"Hajek(recency=30.0,delta=0.20)",Hajek,30.0,0.2,10,20,169,10000,,yes,0.035,0.9111475905555232
7770,0.5263646737158563,1.1082814116151065,0.5819167378992502,"Hajek(recency=30.0,delta=0.20)",Hajek,30.0,0.2,10,20,169,10000,,yes,0.035,0.9111475905555232
7771,0.5163561409942932,1.0998561368695838,0.5834999958752907,"Hajek(recency=30.0,delta=0.20)",Hajek,30.0,0.2,10,20,169,10000,,yes,0.035,0.9111475905555232
7772,0.5014454581363601,1.0971142925966795,0.5956688344603194,"Hajek(recency=30.0,delta=0.20)",Hajek,30.0,0.2,10,20,169,10000,,yes,0.035,0.9111475905555232
7773,0.5248162016348028,1.1096787411659945,0.5848625395311917,"Hajek(recency=30.0,delta=0.20)",Hajek,30.0,0.2,10,20,169,10000,,yes,0.035,0.9111475905555232
7774,0.5114885524870265,1.0847126537515681,0.5732241012645416,"Hajek(recency=30.0,delta=0.20)",Hajek,30.0,0.2,10,20,169,10000,,yes,0.035,0.9111475905555232
7775,0.5056837531914274,1.0868835327352113,0.5811997795437839,"Hajek(recency=30.0,delta=0.20)",Hajek,30.0,0.2,10,20,169,10000,,yes,0.035,0.9111475905555232
7776,0.5176427721481841,1.1210755911316639,0.6034328189834798,"Hajek(recency=30.0,delta=0.20)",Hajek,30.0,0.2,10,20,169,10000,,yes,0.035,0.9111475905555232
7777,0.5100525729050506,1.1401227797856777,0.6300702068806271,"Hajek(recency=30.0,delta=0.20)",Hajek,30.0,0.2,10,20,169,10000,,yes,0.035,0.9111475905555232
7778,0.5130366960878834,1.1041367943098592,0.5911000982219758,"Hajek(recency=30.0,delta=0.20)",Hajek,30.0,0.2,10,20,169,10000,,yes,0.035,0.9111475905555232
7779,0.5216316467092361,1.1096708294424715,0.5880391827332354,"Hajek(recency=30.0,delta=0.20)",Hajek,30.0,0.2,10,20,169,10000,,yes,0.035,0.9111475905555232
7780,0.5211514075954643,1.1074331505474824,0.5862817429520181,"Hajek(recency=30.0,delta=0.20)",Hajek,30.0,0.2,10,20,169,10000,,yes,0.035,0.9111475905555232
7781,0.5099527798934641,1.09362468662012,0.5836719067266559,"Hajek(recency=30.0,delta=0.20)",Hajek,30.0,0.2,10,20,169,10000,,yes,0.035,0.9111475905555232
7782,0.5274948618358193,1.0791361413665739,0.5516412795307546,"Hajek(recency=30.0,delta=0.20)",Hajek,30.0,0.2,10,20,169,10000,,yes,0.035,0.9111475905555232
7783,0.5220510774855356,1.108748149694127,0.5866970722085914,"Hajek(recency=30.0,delta=0.20)",Hajek,30.0,0.2,10,20,169,10000,,yes,0.035,0.9111475905555232
7784,0.5090906816781486,1.1101095176880642,0.6010188360099156,"Hajek(recency=30.0,delta=0.20)",Hajek,30.0,0.2,10,20,169,10000,,yes,0.035,0.9111475905555232
7785,0.5177333307102046,1.1223172965422725,0.604583965832068,"Hajek(recency=30.0,delta=0.20)",Hajek,30.0,0.2,10,20,169,10000,,yes,0.035,0.9111475905555232
7786,0.5247875305783033,1.1279806768264415,0.6031931462481382,"Hajek(recency=30.0,delta=0.20)",Hajek,30.0,0.2,10,20,169,10000,,yes,0.035,0.9111475905555232
7787,0.5076640697097716,1.1176661425286656,0.610002072818894,"Hajek(recency=30.0,delta=0.20)",Hajek,30.0,0.2,10,20,169,10000,,yes,0.035,0.9111475905555232
7788,0.5166864869012326,1.1236806748808243,0.6069941879795917,"Hajek(recency=30.0,delta=0.20)",Hajek,30.0,0.2,10,20,169,10000,,yes,0.035,0.9111475905555232
7789,0.5106075777667939,1.1120168521430616,0.6014092743762677,"Hajek(recency=30.0,delta=0.20)",Hajek,30.0,0.2,10,20,169,10000,,yes,0.035,0.9111475905555232
7790,0.5033567153356636,1.1074010299512838,0.6040443146156201,"Hajek(recency=30.0,delta=0.20)",Hajek,30.0,0.2,10,20,169,10000,,yes,0.035,0.9111475905555232
7791,0.5081153612213869,1.0919062157565032,0.5837908545351163,"Hajek(recency=30.0,delta=0.20)",Hajek,30.0,0.2,10,20,169,10000,,yes,0.035,0.9111475905555232
7792,0.5061096734414992,1.1359649603453523,0.6298552869038532,"Hajek(recency=30.0,delta=0.20)",Hajek,30.0,0.2,10,20,169,10000,,yes,0.035,0.9111475905555232
7793,0.5220447049508771,1.133661766758433,0.6116170618075559,"Hajek(recency=30.0,delta=0.20)",Hajek,30.0,0.2,10,20,169,10000,,yes,0.035,0.9111475905555232
7794,0.5242824758661656,1.0969314554436054,0.5726489795774398,"Hajek(recency=30.0,delta=0.20)",Hajek,30.0,0.2,10,20,169,10000,,yes,0.035,0.9111475905555232
7795,0.508211780064995,1.095463471011798,0.5872516909468031,"Hajek(recency=30.0,delta=0.20)",Hajek,30.0,0.2,10,20,169,10000,,yes,0.035,0.9111475905555232
7796,0.5141099741517585,1.1065879482784826,0.5924779741267241,"Hajek(recency=30.0,delta=0.20)",Hajek,30.0,0.2,10,20,169,10000,,yes,0.035,0.9111475905555232
7797,0.5185042308584948,1.1000499168725895,0.5815456860140946,"Hajek(recency=30.0,delta=0.20)",Hajek,30.0,0.2,10,20,169,10000,,yes,0.035,0.9111475905555232
7798,0.5191930797701233,1.101477021386717,0.5822839416165938,"Hajek(recency=30.0,delta=0.20)",Hajek,30.0,0.2,10,20,169,10000,,yes,0.035,0.9111475905555232
7799,0.5138767831003331,1.1237483269127608,0.6098715438124277,"Hajek(recency=30.0,delta=0.20)",Hajek,30.0,0.2,10,20,169,10000,,yes,0.035,0.9111475905555232
7800,0.5133127224991423,1.1086578564147707,0.5953451339156284,"Hajek(recency=30.0,delta=0.20)",Hajek,30.0,0.2,10,20,169,10000,,yes,0.035,0.9111475905555232
7801,0.5075113253652082,1.1023513634811597,0.5948400381159515,"Hajek(recency=30.0,delta=0.20)",Hajek,30.0,0.2,10,20,169,10000,,yes,0.035,0.9111475905555232
7802,0.5039938671729116,1.10721168064892,0.6032178134760084,"Hajek(recency=30.0,delta=0.20)",Hajek,30.0,0.2,10,20,169,10000,,yes,0.035,0.9111475905555232
7803,0.5179366032457555,1.111450100058725,0.5935134968129694,"Hajek(recency=30.0,delta=0.20)",Hajek,30.0,0.2,10,20,169,10000,,yes,0.035,0.9111475905555232
7804,0.5092926079977217,1.090901582157766,0.5816089741600442,"Hajek(recency=30.0,delta=0.20)",Hajek,30.0,0.2,10,20,169,10000,,yes,0.035,0.9111475905555232
7805,0.5080889985392978,1.114338394242998,0.6062493957037003,"Hajek(recency=30.0,delta=0.20)",Hajek,30.0,0.2,10,20,169,10000,,yes,0.035,0.9111475905555232
7806,0.5281149986785143,1.1032039766219677,0.5750889779434534,"Hajek(recency=30.0,delta=0.20)",Hajek,30.0,0.2,10,20,169,10000,,yes,0.035,0.9111475905555232
7807,0.5316335733154687,1.102807565002575,0.5711739916871064,"Hajek(recency=30.0,delta=0.20)",Hajek,30.0,0.2,10,20,169,10000,,yes,0.035,0.9111475905555232
7808,0.5105871731563498,1.1178969176110103,0.6073097444546605,"Hajek(recency=30.0,delta=0.20)",Hajek,30.0,0.2,10,20,169,10000,,yes,0.035,0.9111475905555232
7809,0.519325190145677,1.087309640737487,0.5679844505918099,"Hajek(recency=30.0,delta=0.20)",Hajek,30.0,0.2,10,20,169,10000,,yes,0.035,0.9111475905555232
7810,0.4996444625994405,1.1043269768056034,0.6046825142061629,"Hajek(recency=30.0,delta=0.20)",Hajek,30.0,0.2,10,20,169,10000,,yes,0.035,0.9111475905555232
7811,0.5151715556077894,1.1131844298001787,0.5980128741923894,"Hajek(recency=30.0,delta=0.20)",Hajek,30.0,0.2,10,20,169,10000,,yes,0.035,0.9111475905555232
7812,0.5019805979459465,1.101292673634393,0.5993120756884466,"Hajek(recency=30.0,delta=0.20)",Hajek,30.0,0.2,10,20,169,10000,,yes,0.035,0.9111475905555232
7813,0.526258121145791,1.109159285209789,0.582901164063998,"Hajek(recency=30.0,delta=0.20)",Hajek,30.0,0.2,10,20,169,10000,,yes,0.035,0.9111475905555232
7814,0.5036394566097776,1.1168248637501235,0.6131854071403459,"Hajek(recency=30.0,delta=0.20)",Hajek,30.0,0.2,10,20,169,10000,,yes,0.035,0.9111475905555232
7815,0.5191705230765811,1.1115265406760162,0.5923560175994351,"Hajek(recency=30.0,delta=0.20)",Hajek,30.0,0.2,10,20,169,10000,,yes,0.035,0.9111475905555232
7816,0.4974526538738806,1.085467537865854,0.5880148839919734,"Hajek(recency=30.0,delta=0.20)",Hajek,30.0,0.2,10,20,169,10000,,yes,0.035,0.9111475905555232
7817,0.514790432175501,1.1045816358398368,0.5897912036643358,"Hajek(recency=30.0,delta=0.20)",Hajek,30.0,0.2,10,20,169,10000,,yes,0.035,0.9111475905555232
7818,0.5050569712787706,1.116644717259964,0.6115877459811935,"Hajek(recency=30.0,delta=0.20)",Hajek,30.0,0.2,10,20,169,10000,,yes,0.035,0.9111475905555232
7819,0.5183571975779493,1.0840669289788363,0.565709731400887,"Hajek(recency=30.0,delta=0.20)",Hajek,30.0,0.2,10,20,169,10000,,yes,0.035,0.9111475905555232
7820,0.5277718351208461,1.1151604104439217,0.5873885753230755,"Hajek(recency=30.0,delta=0.20)",Hajek,30.0,0.2,10,20,169,10000,,yes,0.035,0.9111475905555232
7821,0.5128379905156499,1.1070972886364043,0.5942592981207544,"Hajek(recency=30.0,delta=0.20)",Hajek,30.0,0.2,10,20,169,10000,,yes,0.035,0.9111475905555232
7822,0.5079488427850635,1.0934268095934585,0.585477966808395,"Hajek(recency=30.0,delta=0.20)",Hajek,30.0,0.2,10,20,169,10000,,yes,0.035,0.9111475905555232
7823,0.5124552803125044,1.128745332076329,0.6162900517638246,"Hajek(recency=30.0,delta=0.20)",Hajek,30.0,0.2,10,20,169,10000,,yes,0.035,0.9111475905555232
7824,0.5235223135294579,1.108812453064597,0.5852901395351392,"Hajek(recency=30.0,delta=0.20)",Hajek,30.0,0.2,10,20,169,10000,,yes,0.035,0.9111475905555232
7825,0.5108074522602744,1.0998822937207426,0.5890748414604683,"Hajek(recency=30.0,delta=0.20)",Hajek,30.0,0.2,10,20,169,10000,,yes,0.035,0.9111475905555232
7826,0.515786471961779,1.102386239234656,0.586599767272877,"Hajek(recency=30.0,delta=0.20)",Hajek,30.0,0.2,10,20,169,10000,,yes,0.035,0.9111475905555232
7827,0.5317581421900263,1.0919992573649977,0.5602411151749714,"Hajek(recency=30.0,delta=0.20)",Hajek,30.0,0.2,10,20,169,10000,,yes,0.035,0.9111475905555232
7828,0.5130527742885411,1.1156492537411626,0.6025964794526215,"Hajek(recency=30.0,delta=0.20)",Hajek,30.0,0.2,10,20,169,10000,,yes,0.035,0.9111475905555232
7829,0.5039585992799053,1.0980411440083209,0.5940825447284156,"Hajek(recency=30.0,delta=0.20)",Hajek,30.0,0.2,10,20,169,10000,,yes,0.035,0.9111475905555232
7830,0.5124039250299941,1.0946663489351247,0.5822624239051306,"Hajek(recency=30.0,delta=0.20)",Hajek,30.0,0.2,10,20,169,10000,,yes,0.035,0.9111475905555232
7831,0.507591347057595,1.101374462626585,0.5937831155689899,"Hajek(recency=30.0,delta=0.20)",Hajek,30.0,0.2,10,20,169,10000,,yes,0.035,0.9111475905555232
7832,0.5122386718837129,1.1041606896511957,0.5919220177674829,"Hajek(recency=30.0,delta=0.20)",Hajek,30.0,0.2,10,20,169,10000,,yes,0.035,0.9111475905555232
7833,0.5052747029884812,1.101101615857743,0.5958269128692617,"Hajek(recency=30.0,delta=0.20)",Hajek,30.0,0.2,10,20,169,10000,,yes,0.035,0.9111475905555232
7834,0.5198494655733384,1.1111790976577034,0.591329632084365,"Hajek(recency=30.0,delta=0.20)",Hajek,30.0,0.2,10,20,169,10000,,yes,0.035,0.9111475905555232
7835,0.5171471975026963,1.133680823244773,0.6165336257420767,"Hajek(recency=30.0,delta=0.20)",Hajek,30.0,0.2,10,20,169,10000,,yes,0.035,0.9111475905555232
7836,0.5211869649791738,1.0889805175295073,0.5677935525503335,"Hajek(recency=30.0,delta=0.20)",Hajek,30.0,0.2,10,20,169,10000,,yes,0.035,0.9111475905555232
7837,0.5185942081011715,1.113728306535716,0.5951340984345445,"Hajek(recency=30.0,delta=0.20)",Hajek,30.0,0.2,10,20,169,10000,,yes,0.035,0.9111475905555232
7838,0.513082659404371,1.1098742949225515,0.5967916355181805,"Hajek(recency=30.0,delta=0.20)",Hajek,30.0,0.2,10,20,169,10000,,yes,0.035,0.9111475905555232
7839,0.5123451106573924,1.103308160264769,0.5909630496073766,"Hajek(recency=30.0,delta=0.20)",Hajek,30.0,0.2,10,20,169,10000,,yes,0.035,0.9111475905555232
7840,0.5150777597186116,1.1259041971878003,0.6108264374691887,"Hajek(recency=30.0,delta=0.20)",Hajek,30.0,0.2,10,20,169,10000,,yes,0.035,0.9111475905555232
7841,0.5171403643065865,1.0985890651652759,0.5814487008586894,"Hajek(recency=30.0,delta=0.20)",Hajek,30.0,0.2,10,20,169,10000,,yes,0.035,0.9111475905555232
7842,0.5168649216373125,1.109264539507793,0.5923996178704805,"Hajek(recency=30.0,delta=0.20)",Hajek,30.0,0.2,10,20,169,10000,,yes,0.035,0.9111475905555232
7843,0.524179667279303,1.102745347630757,0.578565680351454,"Hajek(recency=30.0,delta=0.20)",Hajek,30.0,0.2,10,20,169,10000,,yes,0.035,0.9111475905555232
7844,0.5234899961704028,1.1235127012655197,0.6000227050951169,"Hajek(recency=30.0,delta=0.20)",Hajek,30.0,0.2,10,20,169,10000,,yes,0.035,0.9111475905555232
7845,0.5263701109336943,1.083439301463616,0.5570691905299215,"Hajek(recency=30.0,delta=0.20)",Hajek,30.0,0.2,10,20,169,10000,,yes,0.035,0.9111475905555232
7846,0.49913301177513253,1.0832350931260817,0.5841020813509492,"Hajek(recency=30.0,delta=0.20)",Hajek,30.0,0.2,10,20,169,10000,,yes,0.035,0.9111475905555232
7847,0.5060247312098265,1.1117551788295192,0.6057304476196927,"Hajek(recency=30.0,delta=0.20)",Hajek,30.0,0.2,10,20,169,10000,,yes,0.035,0.9111475905555232
7848,0.5095245054773266,1.1024920490303494,0.5929675435530227,"Hajek(recency=30.0,delta=0.20)",Hajek,30.0,0.2,10,20,169,10000,,yes,0.035,0.9111475905555232
7849,0.5222054043503715,1.1042455305075496,0.582040126157178,"Hajek(recency=30.0,delta=0.20)",Hajek,30.0,0.2,10,20,169,10000,,yes,0.035,0.9111475905555232
7850,0.5105418743574156,1.1056636580410366,0.595121783683621,"Hajek(recency=30.0,delta=0.20)",Hajek,30.0,0.2,10,20,169,10000,,yes,0.035,0.9111475905555232
7851,0.516182728478241,1.1089896116720346,0.5928068831937936,"Hajek(recency=30.0,delta=0.20)",Hajek,30.0,0.2,10,20,169,10000,,yes,0.035,0.9111475905555232
7852,0.5074781923185644,1.0992868027109841,0.5918086103924197,"Hajek(recency=30.0,delta=0.20)",Hajek,30.0,0.2,10,20,169,10000,,yes,0.035,0.9111475905555232
7853,0.5151287322213293,1.1198307770193832,0.6047020447980539,"Hajek(recency=30.0,delta=0.20)",Hajek,30.0,0.2,10,20,169,10000,,yes,0.035,0.9111475905555232
7854,0.5204177052760139,1.0873004220837208,0.5668827168077069,"Hajek(recency=30.0,delta=0.20)",Hajek,30.0,0.2,10,20,169,10000,,yes,0.035,0.9111475905555232
7855,0.5185406667769161,1.1012420093140638,0.5827013425371477,"Hajek(recency=30.0,delta=0.20)",Hajek,30.0,0.2,10,20,169,10000,,yes,0.035,0.9111475905555232
7856,0.5040555644231998,1.1402809913412189,0.6362254269180191,"Hajek(recency=30.0,delta=0.20)",Hajek,30.0,0.2,10,20,169,10000,,yes,0.035,0.9111475905555232
7857,0.5172587744502486,1.1057521066469187,0.5884933321966701,"Hajek(recency=30.0,delta=0.20)",Hajek,30.0,0.2,10,20,169,10000,,yes,0.035,0.9111475905555232
7858,0.5044071643477278,1.1008903221330224,0.5964831577852946,"Hajek(recency=30.0,delta=0.20)",Hajek,30.0,0.2,10,20,169,10000,,yes,0.035,0.9111475905555232
7859,0.5140797165223938,1.0947116295301351,0.5806319130077413,"Hajek(recency=30.0,delta=0.20)",Hajek,30.0,0.2,10,20,169,10000,,yes,0.035,0.9111475905555232
7860,0.5086560984141263,1.09836129873269,0.5897052003185638,"Hajek(recency=30.0,delta=0.20)",Hajek,30.0,0.2,10,20,169,10000,,yes,0.035,0.9111475905555232
7861,0.5053551650221165,1.122351215446354,0.6169960504242374,"Hajek(recency=30.0,delta=0.20)",Hajek,30.0,0.2,10,20,169,10000,,yes,0.035,0.9111475905555232
7862,0.49828362558954925,1.1235364455457055,0.6252528199561562,"Hajek(recency=30.0,delta=0.20)",Hajek,30.0,0.2,10,20,169,10000,,yes,0.035,0.9111475905555232
7863,0.5176276967374204,1.099906858725419,0.5822791619879987,"Hajek(recency=30.0,delta=0.20)",Hajek,30.0,0.2,10,20,169,10000,,yes,0.035,0.9111475905555232
7864,0.5217125604722126,1.1172095341838155,0.5954969737116029,"Hajek(recency=30.0,delta=0.20)",Hajek,30.0,0.2,10,20,169,10000,,yes,0.035,0.9111475905555232
7865,0.5153169650937233,1.1093068194648914,0.5939898543711681,"Hajek(recency=30.0,delta=0.20)",Hajek,30.0,0.2,10,20,169,10000,,yes,0.035,0.9111475905555232
7866,0.5142548737512175,1.1047957700299167,0.5905408962786992,"Hajek(recency=30.0,delta=0.20)",Hajek,30.0,0.2,10,20,169,10000,,yes,0.035,0.9111475905555232
7867,0.513081600946855,1.0751865314612286,0.5621049305143736,"Hajek(recency=30.0,delta=0.20)",Hajek,30.0,0.2,10,20,169,10000,,yes,0.035,0.9111475905555232
7868,0.5090152086499041,1.1016666115228253,0.5926514028729212,"Hajek(recency=30.0,delta=0.20)",Hajek,30.0,0.2,10,20,169,10000,,yes,0.035,0.9111475905555232
7869,0.5141960682387497,1.104536407077514,0.5903403388387644,"Hajek(recency=30.0,delta=0.20)",Hajek,30.0,0.2,10,20,169,10000,,yes,0.035,0.9111475905555232
7870,0.49842372386097733,1.1060546505329454,0.607630926671968,"Hajek(recency=30.0,delta=0.20)",Hajek,30.0,0.2,10,20,169,10000,,yes,0.035,0.9111475905555232
7871,0.5165215401253154,1.0993380479246073,0.582816507799292,"Hajek(recency=30.0,delta=0.20)",Hajek,30.0,0.2,10,20,169,10000,,yes,0.035,0.9111475905555232
7872,0.5036710829180127,1.1229155414279175,0.6192444585099048,"Hajek(recency=30.0,delta=0.20)",Hajek,30.0,0.2,10,20,169,10000,,yes,0.035,0.9111475905555232
7873,0.5200802120543773,1.0999489881241002,0.579868776069723,"Hajek(recency=30.0,delta=0.20)",Hajek,30.0,0.2,10,20,169,10000,,yes,0.035,0.9111475905555232
7874,0.5154050515635763,1.1182813559656917,0.6028763044021154,"Hajek(recency=30.0,delta=0.20)",Hajek,30.0,0.2,10,20,169,10000,,yes,0.035,0.9111475905555232
7875,0.5102117913116949,1.1061414083188892,0.5959296170071943,"Hajek(recency=30.0,delta=0.20)",Hajek,30.0,0.2,10,20,169,10000,,yes,0.035,0.9111475905555232
7876,0.5163257615037454,1.0845039067804507,0.5681781452767053,"Hajek(recency=30.0,delta=0.20)",Hajek,30.0,0.2,10,20,169,10000,,yes,0.035,0.9111475905555232
7877,0.4902646148068982,1.1190969826640351,0.6288323678571369,"Hajek(recency=30.0,delta=0.20)",Hajek,30.0,0.2,10,20,169,10000,,yes,0.035,0.9111475905555232
7878,0.5045167021750562,1.0917205875631075,0.5872038853880513,"Hajek(recency=30.0,delta=0.20)",Hajek,30.0,0.2,10,20,169,10000,,yes,0.035,0.9111475905555232
7879,0.5043349048474352,1.0824782955224352,0.5781433906750001,"Hajek(recency=30.0,delta=0.20)",Hajek,30.0,0.2,10,20,169,10000,,yes,0.035,0.9111475905555232
7880,0.5303425999449783,1.10120990427978,0.5708673043348017,"Hajek(recency=30.0,delta=0.20)",Hajek,30.0,0.2,10,20,169,10000,,yes,0.035,0.9111475905555232
7881,0.5135971886766811,1.1039375863077638,0.5903403976310827,"Hajek(recency=30.0,delta=0.20)",Hajek,30.0,0.2,10,20,169,10000,,yes,0.035,0.9111475905555232
7882,0.50550465882292,1.106873666059564,0.601369007236644,"Hajek(recency=30.0,delta=0.20)",Hajek,30.0,0.2,10,20,169,10000,,yes,0.035,0.9111475905555232
7883,0.5083682981274751,1.1228312237049083,0.6144629255774332,"Hajek(recency=30.0,delta=0.20)",Hajek,30.0,0.2,10,20,169,10000,,yes,0.035,0.9111475905555232
7884,0.5227701017684939,1.1385332660474674,0.6157631642789735,"Hajek(recency=30.0,delta=0.20)",Hajek,30.0,0.2,10,20,169,10000,,yes,0.035,0.9111475905555232
7885,0.5127327744664725,1.0951706507685255,0.582437876302053,"Hajek(recency=30.0,delta=0.20)",Hajek,30.0,0.2,10,20,169,10000,,yes,0.035,0.9111475905555232
7886,0.5069800157522183,1.1102416612663497,0.6032616455141314,"Hajek(recency=30.0,delta=0.20)",Hajek,30.0,0.2,10,20,169,10000,,yes,0.035,0.9111475905555232
7887,0.4959953346190551,1.108472208889191,0.6124768742701359,"Hajek(recency=30.0,delta=0.20)",Hajek,30.0,0.2,10,20,169,10000,,yes,0.035,0.9111475905555232
7888,0.5181186566900173,1.1122876172632088,0.5941689605731915,"Hajek(recency=30.0,delta=0.20)",Hajek,30.0,0.2,10,20,169,10000,,yes,0.035,0.9111475905555232
7889,0.5261131794648342,1.1061031627082134,0.5799899832433792,"Hajek(recency=30.0,delta=0.20)",Hajek,30.0,0.2,10,20,169,10000,,yes,0.035,0.9111475905555232
7890,0.5056919497738414,1.097076616597628,0.5913846668237867,"Hajek(recency=30.0,delta=0.20)",Hajek,30.0,0.2,10,20,169,10000,,yes,0.035,0.9111475905555232
7891,0.5136443034067287,1.1020482588488003,0.5884039554420716,"Hajek(recency=30.0,delta=0.20)",Hajek,30.0,0.2,10,20,169,10000,,yes,0.035,0.9111475905555232
7892,0.49491315012966836,1.1300327104845775,0.6351195603549091,"Hajek(recency=30.0,delta=0.20)",Hajek,30.0,0.2,10,20,169,10000,,yes,0.035,0.9111475905555232
7893,0.5199988032677582,1.1104525608424347,0.5904537575746766,"Hajek(recency=30.0,delta=0.20)",Hajek,30.0,0.2,10,20,169,10000,,yes,0.035,0.9111475905555232
7894,0.5202887554952488,1.117007969749202,0.5967192142539531,"Hajek(recency=30.0,delta=0.20)",Hajek,30.0,0.2,10,20,169,10000,,yes,0.035,0.9111475905555232
7895,0.5138124436765227,1.1129440261692134,0.5991315824926907,"Hajek(recency=30.0,delta=0.20)",Hajek,30.0,0.2,10,20,169,10000,,yes,0.035,0.9111475905555232
7896,0.4990065159802655,1.107891404825674,0.6088848888454086,"Hajek(recency=30.0,delta=0.20)",Hajek,30.0,0.2,10,20,169,10000,,yes,0.035,0.9111475905555232
7897,0.5093497937877275,1.100987009770278,0.5916372159825506,"Hajek(recency=30.0,delta=0.20)",Hajek,30.0,0.2,10,20,169,10000,,yes,0.035,0.9111475905555232
7898,0.49781243477764764,1.1135442083264553,0.6157317735488077,"Hajek(recency=30.0,delta=0.20)",Hajek,30.0,0.2,10,20,169,10000,,yes,0.035,0.9111475905555232
7899,0.5041205612860591,1.1067111463180244,0.6025905850319653,"Hajek(recency=30.0,delta=0.20)",Hajek,30.0,0.2,10,20,169,10000,,yes,0.035,0.9111475905555232
7900,0.5118909378146487,1.113577899118969,0.6016869613043204,"Hajek(recency=30.0,delta=0.20)",Hajek,30.0,0.2,10,20,169,10000,,yes,0.035,0.9111475905555232
7901,0.5015922645698236,1.1128807101671438,0.6112884455973202,"Hajek(recency=30.0,delta=0.20)",Hajek,30.0,0.2,10,20,169,10000,,yes,0.035,0.9111475905555232
7902,0.5157817064887763,1.1057469355623473,0.589965229073571,"Hajek(recency=30.0,delta=0.20)",Hajek,30.0,0.2,10,20,169,10000,,yes,0.035,0.9111475905555232
7903,0.5144746382210876,1.113538678332605,0.5990640401115173,"Hajek(recency=30.0,delta=0.20)",Hajek,30.0,0.2,10,20,169,10000,,yes,0.035,0.9111475905555232
7904,0.5050748153998684,1.1116704740853651,0.6065956586854967,"Hajek(recency=30.0,delta=0.20)",Hajek,30.0,0.2,10,20,169,10000,,yes,0.035,0.9111475905555232
7905,0.5160985141504998,1.1096331823087993,0.5935346681582995,"Hajek(recency=30.0,delta=0.20)",Hajek,30.0,0.2,10,20,169,10000,,yes,0.035,0.9111475905555232
7906,0.52097381711437,1.093955251189728,0.572981434075358,"Hajek(recency=30.0,delta=0.20)",Hajek,30.0,0.2,10,20,169,10000,,yes,0.035,0.9111475905555232
7907,0.5254835723562339,1.1168015683509018,0.5913179959946679,"Hajek(recency=30.0,delta=0.20)",Hajek,30.0,0.2,10,20,169,10000,,yes,0.035,0.9111475905555232
7908,0.49939227986042733,1.093825481053073,0.5944332011926456,"Hajek(recency=30.0,delta=0.20)",Hajek,30.0,0.2,10,20,169,10000,,yes,0.035,0.9111475905555232
7909,0.4966268005648503,1.1003411376834635,0.6037143371186132,"Hajek(recency=30.0,delta=0.20)",Hajek,30.0,0.2,10,20,169,10000,,yes,0.035,0.9111475905555232
7910,0.4978324420783628,1.094091547820991,0.5962591057426281,"Hajek(recency=30.0,delta=0.20)",Hajek,30.0,0.2,10,20,169,10000,,yes,0.035,0.9111475905555232
7911,0.5209154591098981,1.1181008689021863,0.5971854097922882,"Hajek(recency=30.0,delta=0.20)",Hajek,30.0,0.2,10,20,169,10000,,yes,0.035,0.9111475905555232
7912,0.5229076816824602,1.0975193014668696,0.5746116197844094,"Hajek(recency=30.0,delta=0.20)",Hajek,30.0,0.2,10,20,169,10000,,yes,0.035,0.9111475905555232
7913,0.5162831654159679,1.1062812057793932,0.5899980403634253,"Hajek(recency=30.0,delta=0.20)",Hajek,30.0,0.2,10,20,169,10000,,yes,0.035,0.9111475905555232
7914,0.509562756338277,1.0967135761721618,0.5871508198338848,"Hajek(recency=30.0,delta=0.20)",Hajek,30.0,0.2,10,20,169,10000,,yes,0.035,0.9111475905555232
7915,0.510366179282409,1.096967467372534,0.586601288090125,"Hajek(recency=30.0,delta=0.20)",Hajek,30.0,0.2,10,20,169,10000,,yes,0.035,0.9111475905555232
7916,0.5232752295299117,1.1312929301178776,0.6080177005879659,"Hajek(recency=30.0,delta=0.20)",Hajek,30.0,0.2,10,20,169,10000,,yes,0.035,0.9111475905555232
7917,0.5097686480328162,1.0939559452048928,0.5841872971720766,"Hajek(recency=30.0,delta=0.20)",Hajek,30.0,0.2,10,20,169,10000,,yes,0.035,0.9111475905555232
7918,0.511070103053272,1.091566083953634,0.580495980900362,"Hajek(recency=30.0,delta=0.20)",Hajek,30.0,0.2,10,20,169,10000,,yes,0.035,0.9111475905555232
7919,0.5174198296027973,1.112159044624097,0.5947392150212997,"Hajek(recency=30.0,delta=0.20)",Hajek,30.0,0.2,10,20,169,10000,,yes,0.035,0.9111475905555232
7920,0.5067033941857648,1.1174412362125432,0.6107378420267784,"Hajek(recency=30.0,delta=0.20)",Hajek,30.0,0.2,10,20,169,10000,,yes,0.035,0.9111475905555232
7921,0.5150654575363058,1.0843231767512491,0.5692577192149433,"Hajek(recency=30.0,delta=0.20)",Hajek,30.0,0.2,10,20,169,10000,,yes,0.035,0.9111475905555232
7922,0.5128176619687309,1.1029855166639149,0.590167854695184,"Hajek(recency=30.0,delta=0.20)",Hajek,30.0,0.2,10,20,169,10000,,yes,0.035,0.9111475905555232
7923,0.5227173959753285,1.1050283924056312,0.5823109964303027,"Hajek(recency=30.0,delta=0.20)",Hajek,30.0,0.2,10,20,169,10000,,yes,0.035,0.9111475905555232
7924,0.5206595490425693,1.1195492612638882,0.5988897122213189,"Hajek(recency=30.0,delta=0.20)",Hajek,30.0,0.2,10,20,169,10000,,yes,0.035,0.9111475905555232
7925,0.5136396502800359,1.0956364872435818,0.5819968369635459,"Hajek(recency=30.0,delta=0.20)",Hajek,30.0,0.2,10,20,169,10000,,yes,0.035,0.9111475905555232
7926,0.5170805949550724,1.111548580022081,0.5944679850670086,"Hajek(recency=30.0,delta=0.20)",Hajek,30.0,0.2,10,20,169,10000,,yes,0.035,0.9111475905555232
7927,0.5178937134223486,1.0975786477160085,0.57968493429366,"Hajek(recency=30.0,delta=0.20)",Hajek,30.0,0.2,10,20,169,10000,,yes,0.035,0.9111475905555232
7928,0.5252681097894862,1.0975011720730405,0.5722330622835543,"Hajek(recency=30.0,delta=0.20)",Hajek,30.0,0.2,10,20,169,10000,,yes,0.035,0.9111475905555232
7929,0.5158162604400073,1.1130388700250873,0.59722260958508,"Hajek(recency=30.0,delta=0.20)",Hajek,30.0,0.2,10,20,169,10000,,yes,0.035,0.9111475905555232
7930,0.5193432896407242,1.1109587161092023,0.5916154264684781,"Hajek(recency=30.0,delta=0.20)",Hajek,30.0,0.2,10,20,169,10000,,yes,0.035,0.9111475905555232
7931,0.5184584004118907,1.118813299697192,0.6003548992853013,"Hajek(recency=30.0,delta=0.20)",Hajek,30.0,0.2,10,20,169,10000,,yes,0.035,0.9111475905555232
7932,0.5258193064388146,1.088655409493989,0.5628361030551745,"Hajek(recency=30.0,delta=0.20)",Hajek,30.0,0.2,10,20,169,10000,,yes,0.035,0.9111475905555232
7933,0.511755841764538,1.1095646542552733,0.5978088124907353,"Hajek(recency=30.0,delta=0.20)",Hajek,30.0,0.2,10,20,169,10000,,yes,0.035,0.9111475905555232
7934,0.512379890883437,1.1069815765962527,0.5946016857128157,"Hajek(recency=30.0,delta=0.20)",Hajek,30.0,0.2,10,20,169,10000,,yes,0.035,0.9111475905555232
7935,0.5101299919080118,1.1216094921331319,0.6114795002251201,"Hajek(recency=30.0,delta=0.20)",Hajek,30.0,0.2,10,20,169,10000,,yes,0.035,0.9111475905555232
7936,0.506207895814238,1.0962452210162545,0.5900373252020166,"Hajek(recency=30.0,delta=0.20)",Hajek,30.0,0.2,10,20,169,10000,,yes,0.035,0.9111475905555232
7937,0.5107372061492019,1.1088423953801463,0.5981051892309444,"Hajek(recency=30.0,delta=0.20)",Hajek,30.0,0.2,10,20,169,10000,,yes,0.035,0.9111475905555232
7938,0.515144106988659,1.1201027708291267,0.6049586638404677,"Hajek(recency=30.0,delta=0.20)",Hajek,30.0,0.2,10,20,169,10000,,yes,0.035,0.9111475905555232
7939,0.5311205331806467,1.0920644583182648,0.5609439251376181,"Hajek(recency=30.0,delta=0.20)",Hajek,30.0,0.2,10,20,169,10000,,yes,0.035,0.9111475905555232
7940,0.5058316624244662,1.0944116040009855,0.5885799415765193,"Hajek(recency=30.0,delta=0.20)",Hajek,30.0,0.2,10,20,169,10000,,yes,0.035,0.9111475905555232
7941,0.5094605920997135,1.1102602924271892,0.6007997003274756,"Hajek(recency=30.0,delta=0.20)",Hajek,30.0,0.2,10,20,169,10000,,yes,0.035,0.9111475905555232
7942,0.5161050904365583,1.1083165411637168,0.5922114507271585,"Hajek(recency=30.0,delta=0.20)",Hajek,30.0,0.2,10,20,169,10000,,yes,0.035,0.9111475905555232
7943,0.5188210012167142,1.102232461267593,0.5834114600508787,"Hajek(recency=30.0,delta=0.20)",Hajek,30.0,0.2,10,20,169,10000,,yes,0.035,0.9111475905555232
7944,0.519667760515108,1.1118045442870628,0.5921367837719548,"Hajek(recency=30.0,delta=0.20)",Hajek,30.0,0.2,10,20,169,10000,,yes,0.035,0.9111475905555232
7945,0.5155808017836995,1.0916655343022785,0.5760847325185791,"Hajek(recency=30.0,delta=0.20)",Hajek,30.0,0.2,10,20,169,10000,,yes,0.035,0.9111475905555232
7946,0.5030021895257912,1.1054226876471618,0.6024204981213706,"Hajek(recency=30.0,delta=0.20)",Hajek,30.0,0.2,10,20,169,10000,,yes,0.035,0.9111475905555232
7947,0.5214982301126746,1.1107603188249409,0.5892620887122663,"Hajek(recency=30.0,delta=0.20)",Hajek,30.0,0.2,10,20,169,10000,,yes,0.035,0.9111475905555232
7948,0.5050998100198318,1.1211916331669043,0.6160918231470724,"Hajek(recency=30.0,delta=0.20)",Hajek,30.0,0.2,10,20,169,10000,,yes,0.035,0.9111475905555232
7949,0.5177454272140416,1.1012384847927064,0.5834930575786648,"Hajek(recency=30.0,delta=0.20)",Hajek,30.0,0.2,10,20,169,10000,,yes,0.035,0.9111475905555232
7950,0.5132169804113772,1.1266107847603153,0.6133938043489381,"Hajek(recency=30.0,delta=0.20)",Hajek,30.0,0.2,10,20,169,10000,,yes,0.035,0.9111475905555232
7951,0.5079375304722038,1.1033198521741057,0.5953823217019019,"Hajek(recency=30.0,delta=0.20)",Hajek,30.0,0.2,10,20,169,10000,,yes,0.035,0.9111475905555232
7952,0.5160464214809043,1.0889981510311992,0.5729517295502949,"Hajek(recency=30.0,delta=0.20)",Hajek,30.0,0.2,10,20,169,10000,,yes,0.035,0.9111475905555232
7953,0.5195779897789269,1.1041185999143461,0.5845406101354192,"Hajek(recency=30.0,delta=0.20)",Hajek,30.0,0.2,10,20,169,10000,,yes,0.035,0.9111475905555232
7954,0.521768895343205,1.105273567627652,0.5835046722844469,"Hajek(recency=30.0,delta=0.20)",Hajek,30.0,0.2,10,20,169,10000,,yes,0.035,0.9111475905555232
7955,0.5142988587776873,1.0909939671603253,0.5766951083826379,"Hajek(recency=30.0,delta=0.20)",Hajek,30.0,0.2,10,20,169,10000,,yes,0.035,0.9111475905555232
7956,0.5013543129634975,1.1038184429835978,0.6024641300201002,"Hajek(recency=30.0,delta=0.20)",Hajek,30.0,0.2,10,20,169,10000,,yes,0.035,0.9111475905555232
7957,0.5344825892174242,1.100662204481867,0.5661796152644428,"Hajek(recency=30.0,delta=0.20)",Hajek,30.0,0.2,10,20,169,10000,,yes,0.035,0.9111475905555232
7958,0.5104355289547385,1.107820606168365,0.5973850772136265,"Hajek(recency=30.0,delta=0.20)",Hajek,30.0,0.2,10,20,169,10000,,yes,0.035,0.9111475905555232
7959,0.511348806306652,1.105013590238555,0.5936647839319029,"Hajek(recency=30.0,delta=0.20)",Hajek,30.0,0.2,10,20,169,10000,,yes,0.035,0.9111475905555232
7960,0.5171502191554542,1.099169664743511,0.5820194455880567,"Hajek(recency=30.0,delta=0.20)",Hajek,30.0,0.2,10,20,169,10000,,yes,0.035,0.9111475905555232
7961,0.5113070257138299,1.112793826129379,0.6014868004155491,"Hajek(recency=30.0,delta=0.20)",Hajek,30.0,0.2,10,20,169,10000,,yes,0.035,0.9111475905555232
7962,0.5136187111091515,1.0985679169105345,0.584949205801383,"Hajek(recency=30.0,delta=0.20)",Hajek,30.0,0.2,10,20,169,10000,,yes,0.035,0.9111475905555232
7963,0.5111392296060606,1.0908769917489536,0.579737762142893,"Hajek(recency=30.0,delta=0.20)",Hajek,30.0,0.2,10,20,169,10000,,yes,0.035,0.9111475905555232
7964,0.5012550939998253,1.1020992787034516,0.6008441847036263,"Hajek(recency=30.0,delta=0.20)",Hajek,30.0,0.2,10,20,169,10000,,yes,0.035,0.9111475905555232
7965,0.48104719062865675,1.1064243726192393,0.6253771819905826,"Hajek(recency=30.0,delta=0.20)",Hajek,30.0,0.2,10,20,169,10000,,yes,0.035,0.9111475905555232
7966,0.5168968869096425,1.0951859308546843,0.5782890439450418,"Hajek(recency=30.0,delta=0.20)",Hajek,30.0,0.2,10,20,169,10000,,yes,0.035,0.9111475905555232
7967,0.5025764429682616,1.1276335473689734,0.6250571044007117,"Hajek(recency=30.0,delta=0.20)",Hajek,30.0,0.2,10,20,169,10000,,yes,0.035,0.9111475905555232
7968,0.5192569725724222,1.098274067960546,0.5790170953881238,"Hajek(recency=30.0,delta=0.20)",Hajek,30.0,0.2,10,20,169,10000,,yes,0.035,0.9111475905555232
7969,0.5056534343458126,1.0978691830851925,0.59221574873938,"Hajek(recency=30.0,delta=0.20)",Hajek,30.0,0.2,10,20,169,10000,,yes,0.035,0.9111475905555232
7970,0.5106614429287755,1.098245293741484,0.5875838508127085,"Hajek(recency=30.0,delta=0.20)",Hajek,30.0,0.2,10,20,169,10000,,yes,0.035,0.9111475905555232
7971,0.5213359611353183,1.0955159469377067,0.5741799858023884,"Hajek(recency=30.0,delta=0.20)",Hajek,30.0,0.2,10,20,169,10000,,yes,0.035,0.9111475905555232
7972,0.5231442169640359,1.101974962245547,0.5788307452815111,"Hajek(recency=30.0,delta=0.20)",Hajek,30.0,0.2,10,20,169,10000,,yes,0.035,0.9111475905555232
7973,0.5163878172371661,1.10773342351172,0.5913456062745539,"Hajek(recency=30.0,delta=0.20)",Hajek,30.0,0.2,10,20,169,10000,,yes,0.035,0.9111475905555232
7974,0.5194801548570149,1.0978692655828193,0.5783891107258043,"Hajek(recency=30.0,delta=0.20)",Hajek,30.0,0.2,10,20,169,10000,,yes,0.035,0.9111475905555232
7975,0.5197038765175142,1.1077345822546218,0.5880307057371077,"Hajek(recency=30.0,delta=0.20)",Hajek,30.0,0.2,10,20,169,10000,,yes,0.035,0.9111475905555232
7976,0.5216096837166022,1.1105255362701079,0.5889158525535056,"Hajek(recency=30.0,delta=0.20)",Hajek,30.0,0.2,10,20,169,10000,,yes,0.035,0.9111475905555232
7977,0.5055835422928961,1.0965642057303682,0.590980663437472,"Hajek(recency=30.0,delta=0.20)",Hajek,30.0,0.2,10,20,169,10000,,yes,0.035,0.9111475905555232
7978,0.5131252826299945,1.103528688008355,0.5904034053783606,"Hajek(recency=30.0,delta=0.20)",Hajek,30.0,0.2,10,20,169,10000,,yes,0.035,0.9111475905555232
7979,0.5081234470224845,1.1033227266443164,0.595199279621832,"Hajek(recency=30.0,delta=0.20)",Hajek,30.0,0.2,10,20,169,10000,,yes,0.035,0.9111475905555232
7980,0.5057764612305853,1.107880575806571,0.6021041145759858,"Hajek(recency=30.0,delta=0.20)",Hajek,30.0,0.2,10,20,169,10000,,yes,0.035,0.9111475905555232
7981,0.5147984338641877,1.1046692623495995,0.5898708284854118,"Hajek(recency=30.0,delta=0.20)",Hajek,30.0,0.2,10,20,169,10000,,yes,0.035,0.9111475905555232
7982,0.5154155571481104,1.1121507762158163,0.5967352190677059,"Hajek(recency=30.0,delta=0.20)",Hajek,30.0,0.2,10,20,169,10000,,yes,0.035,0.9111475905555232
7983,0.5015217176820517,1.0968656554481544,0.5953439377661027,"Hajek(recency=30.0,delta=0.20)",Hajek,30.0,0.2,10,20,169,10000,,yes,0.035,0.9111475905555232
7984,0.5121228942879678,1.0987357635662616,0.5866128692782938,"Hajek(recency=30.0,delta=0.20)",Hajek,30.0,0.2,10,20,169,10000,,yes,0.035,0.9111475905555232
7985,0.5216891925286468,1.0939063611417537,0.5722171686131069,"Hajek(recency=30.0,delta=0.20)",Hajek,30.0,0.2,10,20,169,10000,,yes,0.035,0.9111475905555232
7986,0.5167629406737957,1.1124589407912244,0.5956960001174287,"Hajek(recency=30.0,delta=0.20)",Hajek,30.0,0.2,10,20,169,10000,,yes,0.035,0.9111475905555232
7987,0.5051010115502597,1.110617795735438,0.6055167841851783,"Hajek(recency=30.0,delta=0.20)",Hajek,30.0,0.2,10,20,169,10000,,yes,0.035,0.9111475905555232
7988,0.5234306190210479,1.114887816289058,0.5914571972680102,"Hajek(recency=30.0,delta=0.20)",Hajek,30.0,0.2,10,20,169,10000,,yes,0.035,0.9111475905555232
7989,0.5217740086154125,1.0998711771213197,0.5780971685059072,"Hajek(recency=30.0,delta=0.20)",Hajek,30.0,0.2,10,20,169,10000,,yes,0.035,0.9111475905555232
7990,0.5132756116000993,1.0988030192876592,0.58552740768756,"Hajek(recency=30.0,delta=0.20)",Hajek,30.0,0.2,10,20,169,10000,,yes,0.035,0.9111475905555232
7991,0.5190213783465459,1.1219203863598772,0.6028990080133313,"Hajek(recency=30.0,delta=0.20)",Hajek,30.0,0.2,10,20,169,10000,,yes,0.035,0.9111475905555232
7992,0.5085750934230939,1.0873776751893574,0.5788025817662634,"Hajek(recency=30.0,delta=0.20)",Hajek,30.0,0.2,10,20,169,10000,,yes,0.035,0.9111475905555232
7993,0.5149619754241633,1.1120609718329266,0.5970989964087633,"Hajek(recency=30.0,delta=0.20)",Hajek,30.0,0.2,10,20,169,10000,,yes,0.035,0.9111475905555232
7994,0.5156451985140008,1.0822783375662532,0.5666331390522524,"Hajek(recency=30.0,delta=0.20)",Hajek,30.0,0.2,10,20,169,10000,,yes,0.035,0.9111475905555232
7995,0.5202993095755136,1.1016188744443651,0.5813195648688515,"Hajek(recency=30.0,delta=0.20)",Hajek,30.0,0.2,10,20,169,10000,,yes,0.035,0.9111475905555232
7996,0.5042856002533432,1.1070748347870338,0.6027892345336906,"Hajek(recency=30.0,delta=0.20)",Hajek,30.0,0.2,10,20,169,10000,,yes,0.035,0.9111475905555232
7997,0.5065537050076795,1.1012543754189987,0.5947006704113192,"Hajek(recency=30.0,delta=0.20)",Hajek,30.0,0.2,10,20,169,10000,,yes,0.035,0.9111475905555232
7998,0.5042640290415784,1.1094584682120894,0.605194439170511,"Hajek(recency=30.0,delta=0.20)",Hajek,30.0,0.2,10,20,169,10000,,yes,0.035,0.9111475905555232
7999,0.51488681848944,1.099793300235612,0.584906481746172,"Hajek(recency=30.0,delta=0.20)",Hajek,30.0,0.2,10,20,169,10000,,yes,0.035,0.9111475905555232
8000,0.5234470887442527,1.049349497126733,0.5259024083824803,"Horvitz-Thompson(recency=40.0,delta=0.20)",HT,40.0,0.2,10,20,169,10000,,yes,0.035,0.9111475905555232
8001,0.5022133706687906,1.2987092582273838,0.7964958875585932,"Horvitz-Thompson(recency=40.0,delta=0.20)",HT,40.0,0.2,10,20,169,10000,,yes,0.035,0.9111475905555232
8002,0.5833005142415237,1.247701184651732,0.6644006704102083,"Horvitz-Thompson(recency=40.0,delta=0.20)",HT,40.0,0.2,10,20,169,10000,,yes,0.035,0.9111475905555232
8003,0.46433928422898596,1.1468654879153999,0.6825262036864139,"Horvitz-Thompson(recency=40.0,delta=0.20)",HT,40.0,0.2,10,20,169,10000,,yes,0.035,0.9111475905555232
8004,0.4866404506288101,1.3948335599835868,0.9081931093547767,"Horvitz-Thompson(recency=40.0,delta=0.20)",HT,40.0,0.2,10,20,169,10000,,yes,0.035,0.9111475905555232
8005,0.5684673643667554,1.3677636874481935,0.7992963230814382,"Horvitz-Thompson(recency=40.0,delta=0.20)",HT,40.0,0.2,10,20,169,10000,,yes,0.035,0.9111475905555232
8006,0.6315625263225979,1.0796983409258132,0.4481358146032153,"Horvitz-Thompson(recency=40.0,delta=0.20)",HT,40.0,0.2,10,20,169,10000,,yes,0.035,0.9111475905555232
8007,0.5059943479688647,1.2512472358941418,0.7452528879252771,"Horvitz-Thompson(recency=40.0,delta=0.20)",HT,40.0,0.2,10,20,169,10000,,yes,0.035,0.9111475905555232
8008,0.5063796693056276,1.1940633769519746,0.687683707646347,"Horvitz-Thompson(recency=40.0,delta=0.20)",HT,40.0,0.2,10,20,169,10000,,yes,0.035,0.9111475905555232
8009,0.547995029314768,1.076708590420563,0.5287135611057951,"Horvitz-Thompson(recency=40.0,delta=0.20)",HT,40.0,0.2,10,20,169,10000,,yes,0.035,0.9111475905555232
8010,0.5846845996214983,1.1365257793392498,0.5518411797177515,"Horvitz-Thompson(recency=40.0,delta=0.20)",HT,40.0,0.2,10,20,169,10000,,yes,0.035,0.9111475905555232
8011,0.46219816637085076,1.2445502317386186,0.7823520653677678,"Horvitz-Thompson(recency=40.0,delta=0.20)",HT,40.0,0.2,10,20,169,10000,,yes,0.035,0.9111475905555232
8012,0.4938753984395395,0.9756716673353376,0.48179626889579813,"Horvitz-Thompson(recency=40.0,delta=0.20)",HT,40.0,0.2,10,20,169,10000,,yes,0.035,0.9111475905555232
8013,0.4524076177090123,1.332325288254879,0.8799176705458668,"Horvitz-Thompson(recency=40.0,delta=0.20)",HT,40.0,0.2,10,20,169,10000,,yes,0.035,0.9111475905555232
8014,0.581962636386086,1.1447867246564558,0.5628240882703698,"Horvitz-Thompson(recency=40.0,delta=0.20)",HT,40.0,0.2,10,20,169,10000,,yes,0.035,0.9111475905555232
8015,0.6506713009968831,1.1411589928955725,0.49048769189868946,"Horvitz-Thompson(recency=40.0,delta=0.20)",HT,40.0,0.2,10,20,169,10000,,yes,0.035,0.9111475905555232
8016,0.6176615072771292,0.9432906330447121,0.32562912576758285,"Horvitz-Thompson(recency=40.0,delta=0.20)",HT,40.0,0.2,10,20,169,10000,,yes,0.035,0.9111475905555232
8017,0.544161450220226,0.996071700370552,0.45191025015032604,"Horvitz-Thompson(recency=40.0,delta=0.20)",HT,40.0,0.2,10,20,169,10000,,yes,0.035,0.9111475905555232
8018,0.43311755105301364,1.1328989572507426,0.699781406197729,"Horvitz-Thompson(recency=40.0,delta=0.20)",HT,40.0,0.2,10,20,169,10000,,yes,0.035,0.9111475905555232
8019,0.4466710186662412,1.1788408620916908,0.7321698434254496,"Horvitz-Thompson(recency=40.0,delta=0.20)",HT,40.0,0.2,10,20,169,10000,,yes,0.035,0.9111475905555232
8020,0.503347139500177,1.2762457614326268,0.7728986219324498,"Horvitz-Thompson(recency=40.0,delta=0.20)",HT,40.0,0.2,10,20,169,10000,,yes,0.035,0.9111475905555232
8021,0.6020472477926113,1.0429911697867573,0.440943921994146,"Horvitz-Thompson(recency=40.0,delta=0.20)",HT,40.0,0.2,10,20,169,10000,,yes,0.035,0.9111475905555232
8022,0.5257685472583115,1.036244528283269,0.5104759810249576,"Horvitz-Thompson(recency=40.0,delta=0.20)",HT,40.0,0.2,10,20,169,10000,,yes,0.035,0.9111475905555232
8023,0.45657631066633103,1.1633064656009222,0.7067301549345912,"Horvitz-Thompson(recency=40.0,delta=0.20)",HT,40.0,0.2,10,20,169,10000,,yes,0.035,0.9111475905555232
8024,0.5254281190904991,0.8434137814039078,0.31798566231340863,"Horvitz-Thompson(recency=40.0,delta=0.20)",HT,40.0,0.2,10,20,169,10000,,yes,0.035,0.9111475905555232
8025,0.6597684766049333,1.1683577673152612,0.5085892907103279,"Horvitz-Thompson(recency=40.0,delta=0.20)",HT,40.0,0.2,10,20,169,10000,,yes,0.035,0.9111475905555232
8026,0.48018568987243293,1.0749181306887172,0.5947324408162843,"Horvitz-Thompson(recency=40.0,delta=0.20)",HT,40.0,0.2,10,20,169,10000,,yes,0.035,0.9111475905555232
8027,0.6119109199383452,1.0081036579913707,0.39619273805302546,"Horvitz-Thompson(recency=40.0,delta=0.20)",HT,40.0,0.2,10,20,169,10000,,yes,0.035,0.9111475905555232
8028,0.5355569275129576,0.9793970973327984,0.44384016981984087,"Horvitz-Thompson(recency=40.0,delta=0.20)",HT,40.0,0.2,10,20,169,10000,,yes,0.035,0.9111475905555232
8029,0.4257535250258466,1.1046817546452254,0.6789282296193788,"Horvitz-Thompson(recency=40.0,delta=0.20)",HT,40.0,0.2,10,20,169,10000,,yes,0.035,0.9111475905555232
8030,0.48318914200739677,0.8819608489737374,0.3987717069663406,"Horvitz-Thompson(recency=40.0,delta=0.20)",HT,40.0,0.2,10,20,169,10000,,yes,0.035,0.9111475905555232
8031,0.4720542818325428,1.1681142490992356,0.6960599672666927,"Horvitz-Thompson(recency=40.0,delta=0.20)",HT,40.0,0.2,10,20,169,10000,,yes,0.035,0.9111475905555232
8032,0.5611564892175418,1.3754994321984932,0.8143429429809514,"Horvitz-Thompson(recency=40.0,delta=0.20)",HT,40.0,0.2,10,20,169,10000,,yes,0.035,0.9111475905555232
8033,0.4202361175620073,1.1662539492620412,0.7460178317000339,"Horvitz-Thompson(recency=40.0,delta=0.20)",HT,40.0,0.2,10,20,169,10000,,yes,0.035,0.9111475905555232
8034,0.5096495751583606,1.2437948778805954,0.7341453027222348,"Horvitz-Thompson(recency=40.0,delta=0.20)",HT,40.0,0.2,10,20,169,10000,,yes,0.035,0.9111475905555232
8035,0.5196881004103162,1.2323595950441333,0.7126714946338171,"Horvitz-Thompson(recency=40.0,delta=0.20)",HT,40.0,0.2,10,20,169,10000,,yes,0.035,0.9111475905555232
8036,0.4650004884877023,1.4359399688986658,0.9709394804109635,"Horvitz-Thompson(recency=40.0,delta=0.20)",HT,40.0,0.2,10,20,169,10000,,yes,0.035,0.9111475905555232
8037,0.49413718971694476,1.0763716448760814,0.5822344551591366,"Horvitz-Thompson(recency=40.0,delta=0.20)",HT,40.0,0.2,10,20,169,10000,,yes,0.035,0.9111475905555232
8038,0.5577596783005235,1.1045597627277106,0.5468000844271871,"Horvitz-Thompson(recency=40.0,delta=0.20)",HT,40.0,0.2,10,20,169,10000,,yes,0.035,0.9111475905555232
8039,0.490135235966702,1.0412213215250565,0.5510860855583546,"Horvitz-Thompson(recency=40.0,delta=0.20)",HT,40.0,0.2,10,20,169,10000,,yes,0.035,0.9111475905555232
8040,0.48463669028301287,1.1242593790136717,0.6396226887306589,"Horvitz-Thompson(recency=40.0,delta=0.20)",HT,40.0,0.2,10,20,169,10000,,yes,0.035,0.9111475905555232
8041,0.4900629911187826,1.190529289579456,0.7004662984606733,"Horvitz-Thompson(recency=40.0,delta=0.20)",HT,40.0,0.2,10,20,169,10000,,yes,0.035,0.9111475905555232
8042,0.5923369817744735,1.3570593056585274,0.7647223238840539,"Horvitz-Thompson(recency=40.0,delta=0.20)",HT,40.0,0.2,10,20,169,10000,,yes,0.035,0.9111475905555232
8043,0.47797431202755714,1.3830508321514794,0.9050765201239223,"Horvitz-Thompson(recency=40.0,delta=0.20)",HT,40.0,0.2,10,20,169,10000,,yes,0.035,0.9111475905555232
8044,0.3858163469723457,1.1561273292376268,0.7703109822652812,"Horvitz-Thompson(recency=40.0,delta=0.20)",HT,40.0,0.2,10,20,169,10000,,yes,0.035,0.9111475905555232
8045,0.5687137826850365,1.4556162051522414,0.886902422467205,"Horvitz-Thompson(recency=40.0,delta=0.20)",HT,40.0,0.2,10,20,169,10000,,yes,0.035,0.9111475905555232
8046,0.5129925588087149,1.216094391198908,0.7031018323901931,"Horvitz-Thompson(recency=40.0,delta=0.20)",HT,40.0,0.2,10,20,169,10000,,yes,0.035,0.9111475905555232
8047,0.5240645342841127,1.2009919224845018,0.6769273882003891,"Horvitz-Thompson(recency=40.0,delta=0.20)",HT,40.0,0.2,10,20,169,10000,,yes,0.035,0.9111475905555232
8048,0.447456554546936,1.3466054721100458,0.8991489175631098,"Horvitz-Thompson(recency=40.0,delta=0.20)",HT,40.0,0.2,10,20,169,10000,,yes,0.035,0.9111475905555232
8049,0.42917503538255664,1.037736403706778,0.6085613683242214,"Horvitz-Thompson(recency=40.0,delta=0.20)",HT,40.0,0.2,10,20,169,10000,,yes,0.035,0.9111475905555232
8050,0.5254215145232757,1.289187878994819,0.7637663644715433,"Horvitz-Thompson(recency=40.0,delta=0.20)",HT,40.0,0.2,10,20,169,10000,,yes,0.035,0.9111475905555232
8051,0.4908579687767998,1.161357581771972,0.6704996129951721,"Horvitz-Thompson(recency=40.0,delta=0.20)",HT,40.0,0.2,10,20,169,10000,,yes,0.035,0.9111475905555232
8052,0.590749627220526,1.1754672160802848,0.5847175888597588,"Horvitz-Thompson(recency=40.0,delta=0.20)",HT,40.0,0.2,10,20,169,10000,,yes,0.035,0.9111475905555232
8053,0.5869932921195885,0.9405914887624867,0.35359819664289815,"Horvitz-Thompson(recency=40.0,delta=0.20)",HT,40.0,0.2,10,20,169,10000,,yes,0.035,0.9111475905555232
8054,0.4456259160995348,1.0534981286921936,0.6078722125926588,"Horvitz-Thompson(recency=40.0,delta=0.20)",HT,40.0,0.2,10,20,169,10000,,yes,0.035,0.9111475905555232
8055,0.4945298543041604,1.1472689067852786,0.6527390524811182,"Horvitz-Thompson(recency=40.0,delta=0.20)",HT,40.0,0.2,10,20,169,10000,,yes,0.035,0.9111475905555232
8056,0.5151060821009004,0.9315215698134148,0.41641548771251446,"Horvitz-Thompson(recency=40.0,delta=0.20)",HT,40.0,0.2,10,20,169,10000,,yes,0.035,0.9111475905555232
8057,0.5431424353676344,0.9878177760105955,0.4446753406429611,"Horvitz-Thompson(recency=40.0,delta=0.20)",HT,40.0,0.2,10,20,169,10000,,yes,0.035,0.9111475905555232
8058,0.5160057070535069,1.047665661454589,0.531659954401082,"Horvitz-Thompson(recency=40.0,delta=0.20)",HT,40.0,0.2,10,20,169,10000,,yes,0.035,0.9111475905555232
8059,0.5690322310289138,0.948201191414771,0.37916896038585723,"Horvitz-Thompson(recency=40.0,delta=0.20)",HT,40.0,0.2,10,20,169,10000,,yes,0.035,0.9111475905555232
8060,0.4952834770140489,1.2702667356113684,0.7749832585973195,"Horvitz-Thompson(recency=40.0,delta=0.20)",HT,40.0,0.2,10,20,169,10000,,yes,0.035,0.9111475905555232
8061,0.43775098613441615,1.0042206505350826,0.5664696644006664,"Horvitz-Thompson(recency=40.0,delta=0.20)",HT,40.0,0.2,10,20,169,10000,,yes,0.035,0.9111475905555232
8062,0.5272482065738044,1.0461922282309604,0.5189440216571559,"Horvitz-Thompson(recency=40.0,delta=0.20)",HT,40.0,0.2,10,20,169,10000,,yes,0.035,0.9111475905555232
8063,0.524645613393557,1.142722424565833,0.618076811172276,"Horvitz-Thompson(recency=40.0,delta=0.20)",HT,40.0,0.2,10,20,169,10000,,yes,0.035,0.9111475905555232
8064,0.5249187038201042,1.2947737682952565,0.7698550644751523,"Horvitz-Thompson(recency=40.0,delta=0.20)",HT,40.0,0.2,10,20,169,10000,,yes,0.035,0.9111475905555232
8065,0.5656464541368763,1.1752325030168562,0.6095860488799799,"Horvitz-Thompson(recency=40.0,delta=0.20)",HT,40.0,0.2,10,20,169,10000,,yes,0.035,0.9111475905555232
8066,0.4823989606656081,1.3599578998551691,0.8775589391895611,"Horvitz-Thompson(recency=40.0,delta=0.20)",HT,40.0,0.2,10,20,169,10000,,yes,0.035,0.9111475905555232
8067,0.47993805096881903,1.2228941296830724,0.7429560787142534,"Horvitz-Thompson(recency=40.0,delta=0.20)",HT,40.0,0.2,10,20,169,10000,,yes,0.035,0.9111475905555232
8068,0.5819434930991786,0.9847440417911199,0.40280054869194126,"Horvitz-Thompson(recency=40.0,delta=0.20)",HT,40.0,0.2,10,20,169,10000,,yes,0.035,0.9111475905555232
8069,0.6263449365423648,1.2838746269473782,0.6575296904050134,"Horvitz-Thompson(recency=40.0,delta=0.20)",HT,40.0,0.2,10,20,169,10000,,yes,0.035,0.9111475905555232
8070,0.6266591981661772,1.183381238095546,0.5567220399293688,"Horvitz-Thompson(recency=40.0,delta=0.20)",HT,40.0,0.2,10,20,169,10000,,yes,0.035,0.9111475905555232
8071,0.47199164915425174,1.2161225642361462,0.7441309150818944,"Horvitz-Thompson(recency=40.0,delta=0.20)",HT,40.0,0.2,10,20,169,10000,,yes,0.035,0.9111475905555232
8072,0.4796957657409643,1.4138404241271105,0.9341446583861462,"Horvitz-Thompson(recency=40.0,delta=0.20)",HT,40.0,0.2,10,20,169,10000,,yes,0.035,0.9111475905555232
8073,0.513533814209802,1.4328458615582365,0.9193120473484344,"Horvitz-Thompson(recency=40.0,delta=0.20)",HT,40.0,0.2,10,20,169,10000,,yes,0.035,0.9111475905555232
8074,0.46220266867221854,1.1802800893538152,0.7180774206815967,"Horvitz-Thompson(recency=40.0,delta=0.20)",HT,40.0,0.2,10,20,169,10000,,yes,0.035,0.9111475905555232
8075,0.4492632194329299,1.2583728568411354,0.8091096374082055,"Horvitz-Thompson(recency=40.0,delta=0.20)",HT,40.0,0.2,10,20,169,10000,,yes,0.035,0.9111475905555232
8076,0.6610338865680572,1.1792975130375785,0.5182636264695213,"Horvitz-Thompson(recency=40.0,delta=0.20)",HT,40.0,0.2,10,20,169,10000,,yes,0.035,0.9111475905555232
8077,0.6629451457955196,1.0925629038453475,0.42961775804982794,"Horvitz-Thompson(recency=40.0,delta=0.20)",HT,40.0,0.2,10,20,169,10000,,yes,0.035,0.9111475905555232
8078,0.480960802296885,1.1903664752369316,0.7094056729400466,"Horvitz-Thompson(recency=40.0,delta=0.20)",HT,40.0,0.2,10,20,169,10000,,yes,0.035,0.9111475905555232
8079,0.4801983299990072,0.9785047870190436,0.49830645702003645,"Horvitz-Thompson(recency=40.0,delta=0.20)",HT,40.0,0.2,10,20,169,10000,,yes,0.035,0.9111475905555232
8080,0.53975291131108,1.405111146373011,0.865358235061931,"Horvitz-Thompson(recency=40.0,delta=0.20)",HT,40.0,0.2,10,20,169,10000,,yes,0.035,0.9111475905555232
8081,0.5057938772948883,1.0398989750137748,0.5341050977188865,"Horvitz-Thompson(recency=40.0,delta=0.20)",HT,40.0,0.2,10,20,169,10000,,yes,0.035,0.9111475905555232
8082,0.6066920395091693,1.3404520204955173,0.733759980986348,"Horvitz-Thompson(recency=40.0,delta=0.20)",HT,40.0,0.2,10,20,169,10000,,yes,0.035,0.9111475905555232
8083,0.4622596675355159,1.1576621081227625,0.6954024405872465,"Horvitz-Thompson(recency=40.0,delta=0.20)",HT,40.0,0.2,10,20,169,10000,,yes,0.035,0.9111475905555232
8084,0.4781805369552463,1.0529484719338746,0.5747679349786283,"Horvitz-Thompson(recency=40.0,delta=0.20)",HT,40.0,0.2,10,20,169,10000,,yes,0.035,0.9111475905555232
8085,0.4810791258784672,1.219581888128274,0.7385027622498068,"Horvitz-Thompson(recency=40.0,delta=0.20)",HT,40.0,0.2,10,20,169,10000,,yes,0.035,0.9111475905555232
8086,0.5198912023232548,1.039115142642949,0.5192239403196942,"Horvitz-Thompson(recency=40.0,delta=0.20)",HT,40.0,0.2,10,20,169,10000,,yes,0.035,0.9111475905555232
8087,0.5289667740957217,1.3209665201750793,0.7919997460793576,"Horvitz-Thompson(recency=40.0,delta=0.20)",HT,40.0,0.2,10,20,169,10000,,yes,0.035,0.9111475905555232
8088,0.4488627760705155,1.1499842341949706,0.7011214581244551,"Horvitz-Thompson(recency=40.0,delta=0.20)",HT,40.0,0.2,10,20,169,10000,,yes,0.035,0.9111475905555232
8089,0.4948306952961472,0.9954514931208616,0.5006207978247144,"Horvitz-Thompson(recency=40.0,delta=0.20)",HT,40.0,0.2,10,20,169,10000,,yes,0.035,0.9111475905555232
8090,0.5944925267728902,1.0350646047527365,0.4405720779798463,"Horvitz-Thompson(recency=40.0,delta=0.20)",HT,40.0,0.2,10,20,169,10000,,yes,0.035,0.9111475905555232
8091,0.3625792198956226,1.3756285308930352,1.0130493109974126,"Horvitz-Thompson(recency=40.0,delta=0.20)",HT,40.0,0.2,10,20,169,10000,,yes,0.035,0.9111475905555232
8092,0.5032166703079101,0.9955895419625276,0.4923728716546175,"Horvitz-Thompson(recency=40.0,delta=0.20)",HT,40.0,0.2,10,20,169,10000,,yes,0.035,0.9111475905555232
8093,0.5317976791283211,1.2113415964277525,0.6795439172994314,"Horvitz-Thompson(recency=40.0,delta=0.20)",HT,40.0,0.2,10,20,169,10000,,yes,0.035,0.9111475905555232
8094,0.5860388618471335,1.1869389005955289,0.6009000387483954,"Horvitz-Thompson(recency=40.0,delta=0.20)",HT,40.0,0.2,10,20,169,10000,,yes,0.035,0.9111475905555232
8095,0.5835512313536405,1.1137704770270596,0.530219245673419,"Horvitz-Thompson(recency=40.0,delta=0.20)",HT,40.0,0.2,10,20,169,10000,,yes,0.035,0.9111475905555232
8096,0.5145253715904247,1.071741618554257,0.5572162469638323,"Horvitz-Thompson(recency=40.0,delta=0.20)",HT,40.0,0.2,10,20,169,10000,,yes,0.035,0.9111475905555232
8097,0.5556508673605839,1.162364433403433,0.6067135660428492,"Horvitz-Thompson(recency=40.0,delta=0.20)",HT,40.0,0.2,10,20,169,10000,,yes,0.035,0.9111475905555232
8098,0.6142687308812202,1.1680130000208178,0.5537442691395975,"Horvitz-Thompson(recency=40.0,delta=0.20)",HT,40.0,0.2,10,20,169,10000,,yes,0.035,0.9111475905555232
8099,0.42239743025535137,1.2957278847541382,0.8733304544987869,"Horvitz-Thompson(recency=40.0,delta=0.20)",HT,40.0,0.2,10,20,169,10000,,yes,0.035,0.9111475905555232
8100,0.40647455687771594,1.179744927213652,0.773270370335936,"Horvitz-Thompson(recency=40.0,delta=0.20)",HT,40.0,0.2,10,20,169,10000,,yes,0.035,0.9111475905555232
8101,0.5017418181614891,1.0535509667121041,0.551809148550615,"Horvitz-Thompson(recency=40.0,delta=0.20)",HT,40.0,0.2,10,20,169,10000,,yes,0.035,0.9111475905555232
8102,0.46405407253363234,1.1347452473388224,0.67069117480519,"Horvitz-Thompson(recency=40.0,delta=0.20)",HT,40.0,0.2,10,20,169,10000,,yes,0.035,0.9111475905555232
8103,0.47780740220092316,1.2764105317860794,0.7986031295851563,"Horvitz-Thompson(recency=40.0,delta=0.20)",HT,40.0,0.2,10,20,169,10000,,yes,0.035,0.9111475905555232
8104,0.4581898279975442,0.9650377712676111,0.506847943270067,"Horvitz-Thompson(recency=40.0,delta=0.20)",HT,40.0,0.2,10,20,169,10000,,yes,0.035,0.9111475905555232
8105,0.4719473726038151,1.1541716480687376,0.6822242754649226,"Horvitz-Thompson(recency=40.0,delta=0.20)",HT,40.0,0.2,10,20,169,10000,,yes,0.035,0.9111475905555232
8106,0.48674329578957654,1.2045868350742592,0.7178435392846827,"Horvitz-Thompson(recency=40.0,delta=0.20)",HT,40.0,0.2,10,20,169,10000,,yes,0.035,0.9111475905555232
8107,0.5095530833288657,1.103505861111676,0.5939527777828102,"Horvitz-Thompson(recency=40.0,delta=0.20)",HT,40.0,0.2,10,20,169,10000,,yes,0.035,0.9111475905555232
8108,0.47854909695435593,1.010058598897805,0.531509501943449,"Horvitz-Thompson(recency=40.0,delta=0.20)",HT,40.0,0.2,10,20,169,10000,,yes,0.035,0.9111475905555232
8109,0.6491142897814046,1.1483320426269497,0.49921775284554504,"Horvitz-Thompson(recency=40.0,delta=0.20)",HT,40.0,0.2,10,20,169,10000,,yes,0.035,0.9111475905555232
8110,0.594009811451353,0.9178852461375879,0.3238754346862349,"Horvitz-Thompson(recency=40.0,delta=0.20)",HT,40.0,0.2,10,20,169,10000,,yes,0.035,0.9111475905555232
8111,0.4306258619927427,1.1220964745087885,0.6914706125160457,"Horvitz-Thompson(recency=40.0,delta=0.20)",HT,40.0,0.2,10,20,169,10000,,yes,0.035,0.9111475905555232
8112,0.5117717695537836,1.1595261476148655,0.6477543780610819,"Horvitz-Thompson(recency=40.0,delta=0.20)",HT,40.0,0.2,10,20,169,10000,,yes,0.035,0.9111475905555232
8113,0.4796360590330013,1.068212097427529,0.5885760383945278,"Horvitz-Thompson(recency=40.0,delta=0.20)",HT,40.0,0.2,10,20,169,10000,,yes,0.035,0.9111475905555232
8114,0.49860652229866637,1.3661854377723779,0.8675789154737115,"Horvitz-Thompson(recency=40.0,delta=0.20)",HT,40.0,0.2,10,20,169,10000,,yes,0.035,0.9111475905555232
8115,0.4908349939168632,1.1944935028853993,0.7036585089685361,"Horvitz-Thompson(recency=40.0,delta=0.20)",HT,40.0,0.2,10,20,169,10000,,yes,0.035,0.9111475905555232
8116,0.5912866795056491,1.0470410356300186,0.45575435612436954,"Horvitz-Thompson(recency=40.0,delta=0.20)",HT,40.0,0.2,10,20,169,10000,,yes,0.035,0.9111475905555232
8117,0.49708079606016736,1.0810782135742785,0.5839974175141112,"Horvitz-Thompson(recency=40.0,delta=0.20)",HT,40.0,0.2,10,20,169,10000,,yes,0.035,0.9111475905555232
8118,0.5122639172877357,0.9937534852496646,0.4814895679619289,"Horvitz-Thompson(recency=40.0,delta=0.20)",HT,40.0,0.2,10,20,169,10000,,yes,0.035,0.9111475905555232
8119,0.5234521600210857,0.9989458755445435,0.47549371552345776,"Horvitz-Thompson(recency=40.0,delta=0.20)",HT,40.0,0.2,10,20,169,10000,,yes,0.035,0.9111475905555232
8120,0.520337163377381,1.1316168068845585,0.6112796435071775,"Horvitz-Thompson(recency=40.0,delta=0.20)",HT,40.0,0.2,10,20,169,10000,,yes,0.035,0.9111475905555232
8121,0.5033665102229882,1.2019597190429272,0.698593208819939,"Horvitz-Thompson(recency=40.0,delta=0.20)",HT,40.0,0.2,10,20,169,10000,,yes,0.035,0.9111475905555232
8122,0.48084953595453095,1.1526076980869964,0.6717581621324654,"Horvitz-Thompson(recency=40.0,delta=0.20)",HT,40.0,0.2,10,20,169,10000,,yes,0.035,0.9111475905555232
8123,0.516445812890344,1.1683860383546811,0.6519402254643372,"Horvitz-Thompson(recency=40.0,delta=0.20)",HT,40.0,0.2,10,20,169,10000,,yes,0.035,0.9111475905555232
8124,0.4489383769137416,1.4182783825972702,0.9693400056835286,"Horvitz-Thompson(recency=40.0,delta=0.20)",HT,40.0,0.2,10,20,169,10000,,yes,0.035,0.9111475905555232
8125,0.4695933214172928,1.2643764910384483,0.7947831696211555,"Horvitz-Thompson(recency=40.0,delta=0.20)",HT,40.0,0.2,10,20,169,10000,,yes,0.035,0.9111475905555232
8126,0.512229344645944,1.2474010965296136,0.7351717518836696,"Horvitz-Thompson(recency=40.0,delta=0.20)",HT,40.0,0.2,10,20,169,10000,,yes,0.035,0.9111475905555232
8127,0.46522850573180585,1.423197015047775,0.9579685093159692,"Horvitz-Thompson(recency=40.0,delta=0.20)",HT,40.0,0.2,10,20,169,10000,,yes,0.035,0.9111475905555232
8128,0.47893803863566276,1.0089410311352411,0.5300029924995784,"Horvitz-Thompson(recency=40.0,delta=0.20)",HT,40.0,0.2,10,20,169,10000,,yes,0.035,0.9111475905555232
8129,0.4491120706998201,1.167407138928374,0.7182950682285538,"Horvitz-Thompson(recency=40.0,delta=0.20)",HT,40.0,0.2,10,20,169,10000,,yes,0.035,0.9111475905555232
8130,0.5298743282078956,1.225562605504643,0.6956882772967473,"Horvitz-Thompson(recency=40.0,delta=0.20)",HT,40.0,0.2,10,20,169,10000,,yes,0.035,0.9111475905555232
8131,0.5365169077632245,1.2902572506473111,0.7537403428840866,"Horvitz-Thompson(recency=40.0,delta=0.20)",HT,40.0,0.2,10,20,169,10000,,yes,0.035,0.9111475905555232
8132,0.5498883242644286,1.3383839139085163,0.7884955896440877,"Horvitz-Thompson(recency=40.0,delta=0.20)",HT,40.0,0.2,10,20,169,10000,,yes,0.035,0.9111475905555232
8133,0.4600198249407501,1.1337377872313548,0.6737179622906047,"Horvitz-Thompson(recency=40.0,delta=0.20)",HT,40.0,0.2,10,20,169,10000,,yes,0.035,0.9111475905555232
8134,0.511204855338584,1.1497446522022405,0.6385397968636566,"Horvitz-Thompson(recency=40.0,delta=0.20)",HT,40.0,0.2,10,20,169,10000,,yes,0.035,0.9111475905555232
8135,0.41071137942200003,1.425993453115999,1.015282073693999,"Horvitz-Thompson(recency=40.0,delta=0.20)",HT,40.0,0.2,10,20,169,10000,,yes,0.035,0.9111475905555232
8136,0.5430600742073624,1.2070396503042626,0.6639795760969003,"Horvitz-Thompson(recency=40.0,delta=0.20)",HT,40.0,0.2,10,20,169,10000,,yes,0.035,0.9111475905555232
8137,0.4989362058666934,1.0932453536812856,0.5943091478145922,"Horvitz-Thompson(recency=40.0,delta=0.20)",HT,40.0,0.2,10,20,169,10000,,yes,0.035,0.9111475905555232
8138,0.4437472693482265,1.3324466060215068,0.8886993366732803,"Horvitz-Thompson(recency=40.0,delta=0.20)",HT,40.0,0.2,10,20,169,10000,,yes,0.035,0.9111475905555232
8139,0.44357541508057896,0.8948352931564352,0.4512598780758562,"Horvitz-Thompson(recency=40.0,delta=0.20)",HT,40.0,0.2,10,20,169,10000,,yes,0.035,0.9111475905555232
8140,0.6512517504119726,1.1603580229691532,0.5091062725571807,"Horvitz-Thompson(recency=40.0,delta=0.20)",HT,40.0,0.2,10,20,169,10000,,yes,0.035,0.9111475905555232
8141,0.5297300534846734,1.1467540495704076,0.6170239960857342,"Horvitz-Thompson(recency=40.0,delta=0.20)",HT,40.0,0.2,10,20,169,10000,,yes,0.035,0.9111475905555232
8142,0.3848633811364198,1.310089183437651,0.9252258023012311,"Horvitz-Thompson(recency=40.0,delta=0.20)",HT,40.0,0.2,10,20,169,10000,,yes,0.035,0.9111475905555232
8143,0.4897688266691487,1.1200681253540699,0.6302992986849212,"Horvitz-Thompson(recency=40.0,delta=0.20)",HT,40.0,0.2,10,20,169,10000,,yes,0.035,0.9111475905555232
8144,0.554016253493018,1.282185355931589,0.728169102438571,"Horvitz-Thompson(recency=40.0,delta=0.20)",HT,40.0,0.2,10,20,169,10000,,yes,0.035,0.9111475905555232
8145,0.5301579639374181,1.0269031042648835,0.4967451403274654,"Horvitz-Thompson(recency=40.0,delta=0.20)",HT,40.0,0.2,10,20,169,10000,,yes,0.035,0.9111475905555232
8146,0.5257703901242987,0.8852751586138337,0.35950476848953494,"Horvitz-Thompson(recency=40.0,delta=0.20)",HT,40.0,0.2,10,20,169,10000,,yes,0.035,0.9111475905555232
8147,0.4367813921985082,1.1993749082309397,0.7625935160324315,"Horvitz-Thompson(recency=40.0,delta=0.20)",HT,40.0,0.2,10,20,169,10000,,yes,0.035,0.9111475905555232
8148,0.6547794898742179,0.7284623263587756,0.07368283648455776,"Horvitz-Thompson(recency=40.0,delta=0.20)",HT,40.0,0.2,10,20,169,10000,,yes,0.035,0.9111475905555232
8149,0.5358426447304868,1.1498958758624422,0.6140532311319554,"Horvitz-Thompson(recency=40.0,delta=0.20)",HT,40.0,0.2,10,20,169,10000,,yes,0.035,0.9111475905555232
8150,0.49020477961581393,1.271955699432298,0.781750919816484,"Horvitz-Thompson(recency=40.0,delta=0.20)",HT,40.0,0.2,10,20,169,10000,,yes,0.035,0.9111475905555232
8151,0.551682181866672,1.2136694583639291,0.6619872764972572,"Horvitz-Thompson(recency=40.0,delta=0.20)",HT,40.0,0.2,10,20,169,10000,,yes,0.035,0.9111475905555232
8152,0.39773824987303275,1.187553304115936,0.7898150542429033,"Horvitz-Thompson(recency=40.0,delta=0.20)",HT,40.0,0.2,10,20,169,10000,,yes,0.035,0.9111475905555232
8153,0.530251608152753,1.0150779477132035,0.4848263395604505,"Horvitz-Thompson(recency=40.0,delta=0.20)",HT,40.0,0.2,10,20,169,10000,,yes,0.035,0.9111475905555232
8154,0.48546853807268275,1.1139881291816784,0.6285195911089957,"Horvitz-Thompson(recency=40.0,delta=0.20)",HT,40.0,0.2,10,20,169,10000,,yes,0.035,0.9111475905555232
8155,0.46332470075590065,1.0854938104042013,0.6221691096483006,"Horvitz-Thompson(recency=40.0,delta=0.20)",HT,40.0,0.2,10,20,169,10000,,yes,0.035,0.9111475905555232
8156,0.5084527745041995,1.0423423498429047,0.5338895753387053,"Horvitz-Thompson(recency=40.0,delta=0.20)",HT,40.0,0.2,10,20,169,10000,,yes,0.035,0.9111475905555232
8157,0.45350092870747616,0.9719811881451906,0.5184802594377145,"Horvitz-Thompson(recency=40.0,delta=0.20)",HT,40.0,0.2,10,20,169,10000,,yes,0.035,0.9111475905555232
8158,0.4287824835825095,0.9964363843479659,0.5676539007654564,"Horvitz-Thompson(recency=40.0,delta=0.20)",HT,40.0,0.2,10,20,169,10000,,yes,0.035,0.9111475905555232
8159,0.5049668679823812,1.066253573379699,0.5612867053973177,"Horvitz-Thompson(recency=40.0,delta=0.20)",HT,40.0,0.2,10,20,169,10000,,yes,0.035,0.9111475905555232
8160,0.4543412102600091,0.9899797187912531,0.5356385085312441,"Horvitz-Thompson(recency=40.0,delta=0.20)",HT,40.0,0.2,10,20,169,10000,,yes,0.035,0.9111475905555232
8161,0.44607704859771236,1.3911969660597674,0.945119917462055,"Horvitz-Thompson(recency=40.0,delta=0.20)",HT,40.0,0.2,10,20,169,10000,,yes,0.035,0.9111475905555232
8162,0.4855493160998882,1.2183572562229399,0.7328079401230516,"Horvitz-Thompson(recency=40.0,delta=0.20)",HT,40.0,0.2,10,20,169,10000,,yes,0.035,0.9111475905555232
8163,0.6066290038998685,1.1624983581709356,0.5558693542710671,"Horvitz-Thompson(recency=40.0,delta=0.20)",HT,40.0,0.2,10,20,169,10000,,yes,0.035,0.9111475905555232
8164,0.429217653607686,1.2256709358943565,0.7964532822866706,"Horvitz-Thompson(recency=40.0,delta=0.20)",HT,40.0,0.2,10,20,169,10000,,yes,0.035,0.9111475905555232
8165,0.5307591546954786,1.2553281601813382,0.7245690054858596,"Horvitz-Thompson(recency=40.0,delta=0.20)",HT,40.0,0.2,10,20,169,10000,,yes,0.035,0.9111475905555232
8166,0.5086115607698957,1.2640961931736912,0.7554846324037955,"Horvitz-Thompson(recency=40.0,delta=0.20)",HT,40.0,0.2,10,20,169,10000,,yes,0.035,0.9111475905555232
8167,0.61758684744193,0.9032886050043819,0.28570175756245186,"Horvitz-Thompson(recency=40.0,delta=0.20)",HT,40.0,0.2,10,20,169,10000,,yes,0.035,0.9111475905555232
8168,0.46195404856787753,1.0411426612534045,0.579188612685527,"Horvitz-Thompson(recency=40.0,delta=0.20)",HT,40.0,0.2,10,20,169,10000,,yes,0.035,0.9111475905555232
8169,0.5165502470973122,1.1889078646586981,0.6723576175613859,"Horvitz-Thompson(recency=40.0,delta=0.20)",HT,40.0,0.2,10,20,169,10000,,yes,0.035,0.9111475905555232
8170,0.482530014346563,1.1454540415329135,0.6629240271863506,"Horvitz-Thompson(recency=40.0,delta=0.20)",HT,40.0,0.2,10,20,169,10000,,yes,0.035,0.9111475905555232
8171,0.4190655788409685,1.122624196805885,0.7035586179649165,"Horvitz-Thompson(recency=40.0,delta=0.20)",HT,40.0,0.2,10,20,169,10000,,yes,0.035,0.9111475905555232
8172,0.5222681908400792,0.9982768125477363,0.476008621707657,"Horvitz-Thompson(recency=40.0,delta=0.20)",HT,40.0,0.2,10,20,169,10000,,yes,0.035,0.9111475905555232
8173,0.6387697130190175,1.1894102608376915,0.550640547818674,"Horvitz-Thompson(recency=40.0,delta=0.20)",HT,40.0,0.2,10,20,169,10000,,yes,0.035,0.9111475905555232
8174,0.5655963635516946,1.1075685070264176,0.541972143474723,"Horvitz-Thompson(recency=40.0,delta=0.20)",HT,40.0,0.2,10,20,169,10000,,yes,0.035,0.9111475905555232
8175,0.5784566258758862,1.0202975527636338,0.44184092688774756,"Horvitz-Thompson(recency=40.0,delta=0.20)",HT,40.0,0.2,10,20,169,10000,,yes,0.035,0.9111475905555232
8176,0.536377067316046,1.2272369499001092,0.6908598825840633,"Horvitz-Thompson(recency=40.0,delta=0.20)",HT,40.0,0.2,10,20,169,10000,,yes,0.035,0.9111475905555232
8177,0.6076855779071648,1.3616044745811606,0.7539188966739958,"Horvitz-Thompson(recency=40.0,delta=0.20)",HT,40.0,0.2,10,20,169,10000,,yes,0.035,0.9111475905555232
8178,0.523538637632382,1.161662822751909,0.6381241851195271,"Horvitz-Thompson(recency=40.0,delta=0.20)",HT,40.0,0.2,10,20,169,10000,,yes,0.035,0.9111475905555232
8179,0.5425876865019604,0.92670340984905,0.38411572334708954,"Horvitz-Thompson(recency=40.0,delta=0.20)",HT,40.0,0.2,10,20,169,10000,,yes,0.035,0.9111475905555232
8180,0.5750318430753776,1.2789496836556458,0.7039178405802682,"Horvitz-Thompson(recency=40.0,delta=0.20)",HT,40.0,0.2,10,20,169,10000,,yes,0.035,0.9111475905555232
8181,0.4283574023902914,1.358217908888347,0.9298605064980556,"Horvitz-Thompson(recency=40.0,delta=0.20)",HT,40.0,0.2,10,20,169,10000,,yes,0.035,0.9111475905555232
8182,0.6034928439458277,1.172815611494628,0.5693227675488003,"Horvitz-Thompson(recency=40.0,delta=0.20)",HT,40.0,0.2,10,20,169,10000,,yes,0.035,0.9111475905555232
8183,0.4682032875210724,1.144208660083263,0.6760053725621906,"Horvitz-Thompson(recency=40.0,delta=0.20)",HT,40.0,0.2,10,20,169,10000,,yes,0.035,0.9111475905555232
8184,0.5663497901133179,1.250958933732713,0.6846091436193951,"Horvitz-Thompson(recency=40.0,delta=0.20)",HT,40.0,0.2,10,20,169,10000,,yes,0.035,0.9111475905555232
8185,0.5116560298895451,1.016754435917042,0.5050984060274969,"Horvitz-Thompson(recency=40.0,delta=0.20)",HT,40.0,0.2,10,20,169,10000,,yes,0.035,0.9111475905555232
8186,0.49268417565019634,0.8868223893820597,0.39413821373186336,"Horvitz-Thompson(recency=40.0,delta=0.20)",HT,40.0,0.2,10,20,169,10000,,yes,0.035,0.9111475905555232
8187,0.46549527226567405,1.3207832188457374,0.8552879465800634,"Horvitz-Thompson(recency=40.0,delta=0.20)",HT,40.0,0.2,10,20,169,10000,,yes,0.035,0.9111475905555232
8188,0.528399414106286,0.9325520044350524,0.4041525903287664,"Horvitz-Thompson(recency=40.0,delta=0.20)",HT,40.0,0.2,10,20,169,10000,,yes,0.035,0.9111475905555232
8189,0.4742273909333118,1.268754960711637,0.7945275697783253,"Horvitz-Thompson(recency=40.0,delta=0.20)",HT,40.0,0.2,10,20,169,10000,,yes,0.035,0.9111475905555232
8190,0.41719184057155395,1.3048730659897694,0.8876812254182154,"Horvitz-Thompson(recency=40.0,delta=0.20)",HT,40.0,0.2,10,20,169,10000,,yes,0.035,0.9111475905555232
8191,0.5205518736076532,1.1346572797096162,0.614105406101963,"Horvitz-Thompson(recency=40.0,delta=0.20)",HT,40.0,0.2,10,20,169,10000,,yes,0.035,0.9111475905555232
8192,0.48432094084374866,1.0462999175484273,0.5619789767046787,"Horvitz-Thompson(recency=40.0,delta=0.20)",HT,40.0,0.2,10,20,169,10000,,yes,0.035,0.9111475905555232
8193,0.4614458547302565,1.0502673365219017,0.5888214817916453,"Horvitz-Thompson(recency=40.0,delta=0.20)",HT,40.0,0.2,10,20,169,10000,,yes,0.035,0.9111475905555232
8194,0.45007071974196494,0.9861905269076099,0.536119807165645,"Horvitz-Thompson(recency=40.0,delta=0.20)",HT,40.0,0.2,10,20,169,10000,,yes,0.035,0.9111475905555232
8195,0.4917772044599195,1.1611001489292319,0.6693229444693123,"Horvitz-Thompson(recency=40.0,delta=0.20)",HT,40.0,0.2,10,20,169,10000,,yes,0.035,0.9111475905555232
8196,0.6365309899305264,1.1206627371556592,0.48413174722513286,"Horvitz-Thompson(recency=40.0,delta=0.20)",HT,40.0,0.2,10,20,169,10000,,yes,0.035,0.9111475905555232
8197,0.5007601369833415,0.948709213639388,0.44794907665604644,"Horvitz-Thompson(recency=40.0,delta=0.20)",HT,40.0,0.2,10,20,169,10000,,yes,0.035,0.9111475905555232
8198,0.6300466297296189,1.0919102653318344,0.46186363560221555,"Horvitz-Thompson(recency=40.0,delta=0.20)",HT,40.0,0.2,10,20,169,10000,,yes,0.035,0.9111475905555232
8199,0.45587951808336663,0.9815078376637452,0.5256283195803786,"Horvitz-Thompson(recency=40.0,delta=0.20)",HT,40.0,0.2,10,20,169,10000,,yes,0.035,0.9111475905555232
8200,0.41350052799341813,1.0309570984111243,0.6174565704177062,"Horvitz-Thompson(recency=40.0,delta=0.20)",HT,40.0,0.2,10,20,169,10000,,yes,0.035,0.9111475905555232
8201,0.478918672750021,1.1841748828237098,0.7052562100736888,"Horvitz-Thompson(recency=40.0,delta=0.20)",HT,40.0,0.2,10,20,169,10000,,yes,0.035,0.9111475905555232
8202,0.5593733064257191,1.2691752622250543,0.7098019557993351,"Horvitz-Thompson(recency=40.0,delta=0.20)",HT,40.0,0.2,10,20,169,10000,,yes,0.035,0.9111475905555232
8203,0.531374878796704,1.0875914069467587,0.5562165281500547,"Horvitz-Thompson(recency=40.0,delta=0.20)",HT,40.0,0.2,10,20,169,10000,,yes,0.035,0.9111475905555232
8204,0.48159052048501355,1.2892418548867692,0.8076513344017557,"Horvitz-Thompson(recency=40.0,delta=0.20)",HT,40.0,0.2,10,20,169,10000,,yes,0.035,0.9111475905555232
8205,0.5149070031824983,1.271812918174862,0.7569059149923638,"Horvitz-Thompson(recency=40.0,delta=0.20)",HT,40.0,0.2,10,20,169,10000,,yes,0.035,0.9111475905555232
8206,0.4162976082727183,1.0545306866423927,0.6382330783696744,"Horvitz-Thompson(recency=40.0,delta=0.20)",HT,40.0,0.2,10,20,169,10000,,yes,0.035,0.9111475905555232
8207,0.4314123201097511,1.1203426585339678,0.6889303384242167,"Horvitz-Thompson(recency=40.0,delta=0.20)",HT,40.0,0.2,10,20,169,10000,,yes,0.035,0.9111475905555232
8208,0.5198754535935708,1.0462306311070557,0.5263551775134849,"Horvitz-Thompson(recency=40.0,delta=0.20)",HT,40.0,0.2,10,20,169,10000,,yes,0.035,0.9111475905555232
8209,0.47246442116215404,1.205331015362335,0.7328665942001809,"Horvitz-Thompson(recency=40.0,delta=0.20)",HT,40.0,0.2,10,20,169,10000,,yes,0.035,0.9111475905555232
8210,0.6281940000944848,1.2735245394716135,0.6453305393771287,"Horvitz-Thompson(recency=40.0,delta=0.20)",HT,40.0,0.2,10,20,169,10000,,yes,0.035,0.9111475905555232
8211,0.5332714639114459,1.0246221139001523,0.4913506499887065,"Horvitz-Thompson(recency=40.0,delta=0.20)",HT,40.0,0.2,10,20,169,10000,,yes,0.035,0.9111475905555232
8212,0.4337456566226624,1.3450075480461665,0.9112618914235041,"Horvitz-Thompson(recency=40.0,delta=0.20)",HT,40.0,0.2,10,20,169,10000,,yes,0.035,0.9111475905555232
8213,0.5283597089648864,1.4491192644713788,0.9207595555064925,"Horvitz-Thompson(recency=40.0,delta=0.20)",HT,40.0,0.2,10,20,169,10000,,yes,0.035,0.9111475905555232
8214,0.5442530927834697,1.0505924278315593,0.5063393350480896,"Horvitz-Thompson(recency=40.0,delta=0.20)",HT,40.0,0.2,10,20,169,10000,,yes,0.035,0.9111475905555232
8215,0.46689476167651767,1.0274752733740948,0.5605805116975772,"Horvitz-Thompson(recency=40.0,delta=0.20)",HT,40.0,0.2,10,20,169,10000,,yes,0.035,0.9111475905555232
8216,0.5125795584567473,1.356227067165297,0.8436475087085497,"Horvitz-Thompson(recency=40.0,delta=0.20)",HT,40.0,0.2,10,20,169,10000,,yes,0.035,0.9111475905555232
8217,0.43832640209521356,0.9675398015211043,0.5292133994258907,"Horvitz-Thompson(recency=40.0,delta=0.20)",HT,40.0,0.2,10,20,169,10000,,yes,0.035,0.9111475905555232
8218,0.5355375440362363,1.329736902421252,0.7941993583850157,"Horvitz-Thompson(recency=40.0,delta=0.20)",HT,40.0,0.2,10,20,169,10000,,yes,0.035,0.9111475905555232
8219,0.4061268130902586,1.2736479478917442,0.8675211348014855,"Horvitz-Thompson(recency=40.0,delta=0.20)",HT,40.0,0.2,10,20,169,10000,,yes,0.035,0.9111475905555232
8220,0.5203163156339601,1.2264005139705485,0.7060841983365884,"Horvitz-Thompson(recency=40.0,delta=0.20)",HT,40.0,0.2,10,20,169,10000,,yes,0.035,0.9111475905555232
8221,0.4950404060735587,0.9982131369684221,0.5031727308948634,"Horvitz-Thompson(recency=40.0,delta=0.20)",HT,40.0,0.2,10,20,169,10000,,yes,0.035,0.9111475905555232
8222,0.5377345273911658,1.0184906881312163,0.48075616074005056,"Horvitz-Thompson(recency=40.0,delta=0.20)",HT,40.0,0.2,10,20,169,10000,,yes,0.035,0.9111475905555232
8223,0.5132604503741147,1.0966783439260424,0.5834178935519276,"Horvitz-Thompson(recency=40.0,delta=0.20)",HT,40.0,0.2,10,20,169,10000,,yes,0.035,0.9111475905555232
8224,0.4493031493216685,1.5852006154068699,1.1358974660852015,"Horvitz-Thompson(recency=40.0,delta=0.20)",HT,40.0,0.2,10,20,169,10000,,yes,0.035,0.9111475905555232
8225,0.5241304568132344,1.1628556171292699,0.6387251603160354,"Horvitz-Thompson(recency=40.0,delta=0.20)",HT,40.0,0.2,10,20,169,10000,,yes,0.035,0.9111475905555232
8226,0.5992803510908631,1.2333794598434995,0.6340991087526364,"Horvitz-Thompson(recency=40.0,delta=0.20)",HT,40.0,0.2,10,20,169,10000,,yes,0.035,0.9111475905555232
8227,0.5407483219579229,1.095014412251922,0.5542660902939992,"Horvitz-Thompson(recency=40.0,delta=0.20)",HT,40.0,0.2,10,20,169,10000,,yes,0.035,0.9111475905555232
8228,0.4978403436513884,1.2265606048016942,0.7287202611503057,"Horvitz-Thompson(recency=40.0,delta=0.20)",HT,40.0,0.2,10,20,169,10000,,yes,0.035,0.9111475905555232
8229,0.4359330879105266,1.2576726773729374,0.8217395894624109,"Horvitz-Thompson(recency=40.0,delta=0.20)",HT,40.0,0.2,10,20,169,10000,,yes,0.035,0.9111475905555232
8230,0.5302994063308305,1.0919663743565893,0.5616669680257588,"Horvitz-Thompson(recency=40.0,delta=0.20)",HT,40.0,0.2,10,20,169,10000,,yes,0.035,0.9111475905555232
8231,0.39859426610924376,1.2573468643779668,0.8587525982687231,"Horvitz-Thompson(recency=40.0,delta=0.20)",HT,40.0,0.2,10,20,169,10000,,yes,0.035,0.9111475905555232
8232,0.5065898265898315,1.2580648107004453,0.7514749841106138,"Horvitz-Thompson(recency=40.0,delta=0.20)",HT,40.0,0.2,10,20,169,10000,,yes,0.035,0.9111475905555232
8233,0.46427447508199915,1.3854461657598338,0.9211716906778347,"Horvitz-Thompson(recency=40.0,delta=0.20)",HT,40.0,0.2,10,20,169,10000,,yes,0.035,0.9111475905555232
8234,0.5233211269679221,1.1782920059357826,0.6549708789678605,"Horvitz-Thompson(recency=40.0,delta=0.20)",HT,40.0,0.2,10,20,169,10000,,yes,0.035,0.9111475905555232
8235,0.5722138564496575,1.0119234771712873,0.4397096207216298,"Horvitz-Thompson(recency=40.0,delta=0.20)",HT,40.0,0.2,10,20,169,10000,,yes,0.035,0.9111475905555232
8236,0.42881675394409663,1.3771435247880015,0.9483267708439049,"Horvitz-Thompson(recency=40.0,delta=0.20)",HT,40.0,0.2,10,20,169,10000,,yes,0.035,0.9111475905555232
8237,0.6585507252018017,1.226743967687455,0.5681932424856533,"Horvitz-Thompson(recency=40.0,delta=0.20)",HT,40.0,0.2,10,20,169,10000,,yes,0.035,0.9111475905555232
8238,0.5015247213684062,1.3279687582977067,0.8264440369293005,"Horvitz-Thompson(recency=40.0,delta=0.20)",HT,40.0,0.2,10,20,169,10000,,yes,0.035,0.9111475905555232
8239,0.5309050908168349,0.9288294707811036,0.39792437996426866,"Horvitz-Thompson(recency=40.0,delta=0.20)",HT,40.0,0.2,10,20,169,10000,,yes,0.035,0.9111475905555232
8240,0.5056271450236424,1.34258355479002,0.8369564097663776,"Horvitz-Thompson(recency=40.0,delta=0.20)",HT,40.0,0.2,10,20,169,10000,,yes,0.035,0.9111475905555232
8241,0.4660099286223747,1.181550475155109,0.7155405465327342,"Horvitz-Thompson(recency=40.0,delta=0.20)",HT,40.0,0.2,10,20,169,10000,,yes,0.035,0.9111475905555232
8242,0.47218082082629687,1.116148432070378,0.6439676112440812,"Horvitz-Thompson(recency=40.0,delta=0.20)",HT,40.0,0.2,10,20,169,10000,,yes,0.035,0.9111475905555232
8243,0.4873387392985668,1.2102991926842102,0.7229604533856433,"Horvitz-Thompson(recency=40.0,delta=0.20)",HT,40.0,0.2,10,20,169,10000,,yes,0.035,0.9111475905555232
8244,0.5770860151421272,0.9351624728361179,0.35807645769399066,"Horvitz-Thompson(recency=40.0,delta=0.20)",HT,40.0,0.2,10,20,169,10000,,yes,0.035,0.9111475905555232
8245,0.5191144727905421,0.9964252911806426,0.4773108183901005,"Horvitz-Thompson(recency=40.0,delta=0.20)",HT,40.0,0.2,10,20,169,10000,,yes,0.035,0.9111475905555232
8246,0.4381730864492464,1.4115456195695475,0.9733725331203011,"Horvitz-Thompson(recency=40.0,delta=0.20)",HT,40.0,0.2,10,20,169,10000,,yes,0.035,0.9111475905555232
8247,0.5850263527042604,1.2325634639352931,0.6475371112310327,"Horvitz-Thompson(recency=40.0,delta=0.20)",HT,40.0,0.2,10,20,169,10000,,yes,0.035,0.9111475905555232
8248,0.49027968441431713,1.3244697776386125,0.8341900932242954,"Horvitz-Thompson(recency=40.0,delta=0.20)",HT,40.0,0.2,10,20,169,10000,,yes,0.035,0.9111475905555232
8249,0.5506892926121334,1.173462634558768,0.6227733419466346,"Horvitz-Thompson(recency=40.0,delta=0.20)",HT,40.0,0.2,10,20,169,10000,,yes,0.035,0.9111475905555232
8250,0.5975674770867521,1.0540413411713934,0.4564738640846413,"Horvitz-Thompson(recency=40.0,delta=0.20)",HT,40.0,0.2,10,20,169,10000,,yes,0.035,0.9111475905555232
8251,0.46947367255266326,1.1564587226970628,0.6869850501443996,"Horvitz-Thompson(recency=40.0,delta=0.20)",HT,40.0,0.2,10,20,169,10000,,yes,0.035,0.9111475905555232
8252,0.5598052732982712,1.0906192190352886,0.5308139457370173,"Horvitz-Thompson(recency=40.0,delta=0.20)",HT,40.0,0.2,10,20,169,10000,,yes,0.035,0.9111475905555232
8253,0.5231765301633999,1.091941594012025,0.568765063848625,"Horvitz-Thompson(recency=40.0,delta=0.20)",HT,40.0,0.2,10,20,169,10000,,yes,0.035,0.9111475905555232
8254,0.5113822896727794,1.2485523122552988,0.7371700225825194,"Horvitz-Thompson(recency=40.0,delta=0.20)",HT,40.0,0.2,10,20,169,10000,,yes,0.035,0.9111475905555232
8255,0.49414804644648785,0.9162789336734017,0.4221308872269139,"Horvitz-Thompson(recency=40.0,delta=0.20)",HT,40.0,0.2,10,20,169,10000,,yes,0.035,0.9111475905555232
8256,0.5417957349628986,1.0348174778839057,0.4930217429210071,"Horvitz-Thompson(recency=40.0,delta=0.20)",HT,40.0,0.2,10,20,169,10000,,yes,0.035,0.9111475905555232
8257,0.40309263431374454,1.278147441497031,0.8750548071832865,"Horvitz-Thompson(recency=40.0,delta=0.20)",HT,40.0,0.2,10,20,169,10000,,yes,0.035,0.9111475905555232
8258,0.48957300129127324,1.0236361154310156,0.5340631141397424,"Horvitz-Thompson(recency=40.0,delta=0.20)",HT,40.0,0.2,10,20,169,10000,,yes,0.035,0.9111475905555232
8259,0.4898657704239181,1.1190169380083121,0.629151167584394,"Horvitz-Thompson(recency=40.0,delta=0.20)",HT,40.0,0.2,10,20,169,10000,,yes,0.035,0.9111475905555232
8260,0.6875516992654589,1.101085598101112,0.41353389883565317,"Horvitz-Thompson(recency=40.0,delta=0.20)",HT,40.0,0.2,10,20,169,10000,,yes,0.035,0.9111475905555232
8261,0.5289891833840575,1.23408668418682,0.7050975008027626,"Horvitz-Thompson(recency=40.0,delta=0.20)",HT,40.0,0.2,10,20,169,10000,,yes,0.035,0.9111475905555232
8262,0.5086053295916322,0.9750384034209627,0.4664330738293305,"Horvitz-Thompson(recency=40.0,delta=0.20)",HT,40.0,0.2,10,20,169,10000,,yes,0.035,0.9111475905555232
8263,0.40072869300040764,1.189869085823853,0.7891403928234453,"Horvitz-Thompson(recency=40.0,delta=0.20)",HT,40.0,0.2,10,20,169,10000,,yes,0.035,0.9111475905555232
8264,0.5505974423707152,1.046850946885098,0.49625350451438277,"Horvitz-Thompson(recency=40.0,delta=0.20)",HT,40.0,0.2,10,20,169,10000,,yes,0.035,0.9111475905555232
8265,0.3587932535037359,1.291277252391642,0.9324839988879061,"Horvitz-Thompson(recency=40.0,delta=0.20)",HT,40.0,0.2,10,20,169,10000,,yes,0.035,0.9111475905555232
8266,0.5230802799134039,0.9599286076720124,0.4368483277586085,"Horvitz-Thompson(recency=40.0,delta=0.20)",HT,40.0,0.2,10,20,169,10000,,yes,0.035,0.9111475905555232
8267,0.46689880097379594,1.3029986489798295,0.8360998480060335,"Horvitz-Thompson(recency=40.0,delta=0.20)",HT,40.0,0.2,10,20,169,10000,,yes,0.035,0.9111475905555232
8268,0.6383103449168948,1.2618824653392495,0.6235721204223548,"Horvitz-Thompson(recency=40.0,delta=0.20)",HT,40.0,0.2,10,20,169,10000,,yes,0.035,0.9111475905555232
8269,0.5136983226625911,1.13937563975546,0.6256773170928689,"Horvitz-Thompson(recency=40.0,delta=0.20)",HT,40.0,0.2,10,20,169,10000,,yes,0.035,0.9111475905555232
8270,0.407818241881536,0.9973506951292374,0.5895324532477013,"Horvitz-Thompson(recency=40.0,delta=0.20)",HT,40.0,0.2,10,20,169,10000,,yes,0.035,0.9111475905555232
8271,0.5054076412457185,1.1952924413602568,0.6898848001145383,"Horvitz-Thompson(recency=40.0,delta=0.20)",HT,40.0,0.2,10,20,169,10000,,yes,0.035,0.9111475905555232
8272,0.4346288091535777,1.3149877349705474,0.8803589258169697,"Horvitz-Thompson(recency=40.0,delta=0.20)",HT,40.0,0.2,10,20,169,10000,,yes,0.035,0.9111475905555232
8273,0.5375180551563108,1.134636601027679,0.5971185458713681,"Horvitz-Thompson(recency=40.0,delta=0.20)",HT,40.0,0.2,10,20,169,10000,,yes,0.035,0.9111475905555232
8274,0.58998430407055,1.0623686841378537,0.47238438006730366,"Horvitz-Thompson(recency=40.0,delta=0.20)",HT,40.0,0.2,10,20,169,10000,,yes,0.035,0.9111475905555232
8275,0.5431955469420504,1.1537177888039007,0.6105222418618503,"Horvitz-Thompson(recency=40.0,delta=0.20)",HT,40.0,0.2,10,20,169,10000,,yes,0.035,0.9111475905555232
8276,0.520580002123423,1.0283974448931488,0.5078174427697257,"Horvitz-Thompson(recency=40.0,delta=0.20)",HT,40.0,0.2,10,20,169,10000,,yes,0.035,0.9111475905555232
8277,0.46733230865391634,1.157322359571852,0.6899900509179357,"Horvitz-Thompson(recency=40.0,delta=0.20)",HT,40.0,0.2,10,20,169,10000,,yes,0.035,0.9111475905555232
8278,0.3923032959609492,1.0711973031372752,0.6788940071763261,"Horvitz-Thompson(recency=40.0,delta=0.20)",HT,40.0,0.2,10,20,169,10000,,yes,0.035,0.9111475905555232
8279,0.5158530938486486,1.380781013341632,0.8649279194929834,"Horvitz-Thompson(recency=40.0,delta=0.20)",HT,40.0,0.2,10,20,169,10000,,yes,0.035,0.9111475905555232
8280,0.5026833343924213,0.9751998786852152,0.4725165442927939,"Horvitz-Thompson(recency=40.0,delta=0.20)",HT,40.0,0.2,10,20,169,10000,,yes,0.035,0.9111475905555232
8281,0.5481958621880264,0.9254555767346138,0.37725971454658735,"Horvitz-Thompson(recency=40.0,delta=0.20)",HT,40.0,0.2,10,20,169,10000,,yes,0.035,0.9111475905555232
8282,0.4159841453911875,1.2295936082299894,0.813609462838802,"Horvitz-Thompson(recency=40.0,delta=0.20)",HT,40.0,0.2,10,20,169,10000,,yes,0.035,0.9111475905555232
8283,0.542401649149473,0.8754007337207207,0.3329990845712477,"Horvitz-Thompson(recency=40.0,delta=0.20)",HT,40.0,0.2,10,20,169,10000,,yes,0.035,0.9111475905555232
8284,0.46736008440215504,1.128557811465797,0.661197727063642,"Horvitz-Thompson(recency=40.0,delta=0.20)",HT,40.0,0.2,10,20,169,10000,,yes,0.035,0.9111475905555232
8285,0.528776061773956,1.036793705469483,0.5080176436955269,"Horvitz-Thompson(recency=40.0,delta=0.20)",HT,40.0,0.2,10,20,169,10000,,yes,0.035,0.9111475905555232
8286,0.5372329730895081,1.1896042493362127,0.6523712762467045,"Horvitz-Thompson(recency=40.0,delta=0.20)",HT,40.0,0.2,10,20,169,10000,,yes,0.035,0.9111475905555232
8287,0.5442027108976011,1.0879283489539155,0.5437256380563145,"Horvitz-Thompson(recency=40.0,delta=0.20)",HT,40.0,0.2,10,20,169,10000,,yes,0.035,0.9111475905555232
8288,0.5170647969571697,1.1071855127845236,0.5901207158273539,"Horvitz-Thompson(recency=40.0,delta=0.20)",HT,40.0,0.2,10,20,169,10000,,yes,0.035,0.9111475905555232
8289,0.45292943997444135,0.9255432089536357,0.4726137689791944,"Horvitz-Thompson(recency=40.0,delta=0.20)",HT,40.0,0.2,10,20,169,10000,,yes,0.035,0.9111475905555232
8290,0.47383624160053484,1.1609934948368488,0.6871572532363139,"Horvitz-Thompson(recency=40.0,delta=0.20)",HT,40.0,0.2,10,20,169,10000,,yes,0.035,0.9111475905555232
8291,0.4733289018239306,1.2822655009264614,0.8089365991025308,"Horvitz-Thompson(recency=40.0,delta=0.20)",HT,40.0,0.2,10,20,169,10000,,yes,0.035,0.9111475905555232
8292,0.5071974623501523,1.0488774197943667,0.5416799574442144,"Horvitz-Thompson(recency=40.0,delta=0.20)",HT,40.0,0.2,10,20,169,10000,,yes,0.035,0.9111475905555232
8293,0.5523182371553478,1.262364573861491,0.7100463367061433,"Horvitz-Thompson(recency=40.0,delta=0.20)",HT,40.0,0.2,10,20,169,10000,,yes,0.035,0.9111475905555232
8294,0.39814990953826285,1.271850109649136,0.8737002001108731,"Horvitz-Thompson(recency=40.0,delta=0.20)",HT,40.0,0.2,10,20,169,10000,,yes,0.035,0.9111475905555232
8295,0.4273943830473159,0.983904729469324,0.556510346422008,"Horvitz-Thompson(recency=40.0,delta=0.20)",HT,40.0,0.2,10,20,169,10000,,yes,0.035,0.9111475905555232
8296,0.5425338170332464,1.3921247258244709,0.8495909087912245,"Horvitz-Thompson(recency=40.0,delta=0.20)",HT,40.0,0.2,10,20,169,10000,,yes,0.035,0.9111475905555232
8297,0.5905989904894633,1.1559617675915606,0.5653627771020973,"Horvitz-Thompson(recency=40.0,delta=0.20)",HT,40.0,0.2,10,20,169,10000,,yes,0.035,0.9111475905555232
8298,0.4526379780103281,1.3201174232121784,0.8674794452018503,"Horvitz-Thompson(recency=40.0,delta=0.20)",HT,40.0,0.2,10,20,169,10000,,yes,0.035,0.9111475905555232
8299,0.4320916846586411,1.0996562791908084,0.6675645945321673,"Horvitz-Thompson(recency=40.0,delta=0.20)",HT,40.0,0.2,10,20,169,10000,,yes,0.035,0.9111475905555232
8300,0.5699929266409112,1.00815148872344,0.4381585620825288,"Horvitz-Thompson(recency=40.0,delta=0.20)",HT,40.0,0.2,10,20,169,10000,,yes,0.035,0.9111475905555232
8301,0.5203143625261838,1.2172297119191642,0.6969153493929804,"Horvitz-Thompson(recency=40.0,delta=0.20)",HT,40.0,0.2,10,20,169,10000,,yes,0.035,0.9111475905555232
8302,0.4513376056453792,1.1389407775426192,0.68760317189724,"Horvitz-Thompson(recency=40.0,delta=0.20)",HT,40.0,0.2,10,20,169,10000,,yes,0.035,0.9111475905555232
8303,0.548684635470862,1.1415783380107123,0.5928937025398503,"Horvitz-Thompson(recency=40.0,delta=0.20)",HT,40.0,0.2,10,20,169,10000,,yes,0.035,0.9111475905555232
8304,0.42978600537653466,1.1515044669652026,0.7217184615886679,"Horvitz-Thompson(recency=40.0,delta=0.20)",HT,40.0,0.2,10,20,169,10000,,yes,0.035,0.9111475905555232
8305,0.5055026819879311,0.9620250917181589,0.45652240973022773,"Horvitz-Thompson(recency=40.0,delta=0.20)",HT,40.0,0.2,10,20,169,10000,,yes,0.035,0.9111475905555232
8306,0.5124289029415555,1.3693074253785986,0.8568785224370431,"Horvitz-Thompson(recency=40.0,delta=0.20)",HT,40.0,0.2,10,20,169,10000,,yes,0.035,0.9111475905555232
8307,0.5470625786916925,1.1848564431833704,0.6377938644916779,"Horvitz-Thompson(recency=40.0,delta=0.20)",HT,40.0,0.2,10,20,169,10000,,yes,0.035,0.9111475905555232
8308,0.5201238615552092,1.084760925792998,0.5646370642377888,"Horvitz-Thompson(recency=40.0,delta=0.20)",HT,40.0,0.2,10,20,169,10000,,yes,0.035,0.9111475905555232
8309,0.5888792570936245,1.0680708985851108,0.4791916414914863,"Horvitz-Thompson(recency=40.0,delta=0.20)",HT,40.0,0.2,10,20,169,10000,,yes,0.035,0.9111475905555232
8310,0.5609253303992253,0.9516640898474681,0.39073875944824277,"Horvitz-Thompson(recency=40.0,delta=0.20)",HT,40.0,0.2,10,20,169,10000,,yes,0.035,0.9111475905555232
8311,0.37240647005741806,1.090644932051385,0.7182384619939668,"Horvitz-Thompson(recency=40.0,delta=0.20)",HT,40.0,0.2,10,20,169,10000,,yes,0.035,0.9111475905555232
8312,0.586393789895167,1.0874312314633505,0.5010374415681835,"Horvitz-Thompson(recency=40.0,delta=0.20)",HT,40.0,0.2,10,20,169,10000,,yes,0.035,0.9111475905555232
8313,0.5911180173666402,1.19131095121461,0.6001929338479699,"Horvitz-Thompson(recency=40.0,delta=0.20)",HT,40.0,0.2,10,20,169,10000,,yes,0.035,0.9111475905555232
8314,0.47174517780598274,1.0474229913455237,0.5756778135395411,"Horvitz-Thompson(recency=40.0,delta=0.20)",HT,40.0,0.2,10,20,169,10000,,yes,0.035,0.9111475905555232
8315,0.5671036325079655,1.0430295643539522,0.47592593184598675,"Horvitz-Thompson(recency=40.0,delta=0.20)",HT,40.0,0.2,10,20,169,10000,,yes,0.035,0.9111475905555232
8316,0.48054416517232423,1.178496987573994,0.6979528224016697,"Horvitz-Thompson(recency=40.0,delta=0.20)",HT,40.0,0.2,10,20,169,10000,,yes,0.035,0.9111475905555232
8317,0.48755688478627324,1.2598050052415346,0.7722481204552614,"Horvitz-Thompson(recency=40.0,delta=0.20)",HT,40.0,0.2,10,20,169,10000,,yes,0.035,0.9111475905555232
8318,0.4888040171864711,1.242871754752965,0.7540677375664939,"Horvitz-Thompson(recency=40.0,delta=0.20)",HT,40.0,0.2,10,20,169,10000,,yes,0.035,0.9111475905555232
8319,0.6243055439494093,1.090843803328691,0.4665382593792816,"Horvitz-Thompson(recency=40.0,delta=0.20)",HT,40.0,0.2,10,20,169,10000,,yes,0.035,0.9111475905555232
8320,0.5070806212946346,1.0402288076018422,0.5331481863072076,"Horvitz-Thompson(recency=40.0,delta=0.20)",HT,40.0,0.2,10,20,169,10000,,yes,0.035,0.9111475905555232
8321,0.5113671135532142,1.378095040178921,0.8667279266257067,"Horvitz-Thompson(recency=40.0,delta=0.20)",HT,40.0,0.2,10,20,169,10000,,yes,0.035,0.9111475905555232
8322,0.4786552214180706,0.7952809035336841,0.3166256821156135,"Horvitz-Thompson(recency=40.0,delta=0.20)",HT,40.0,0.2,10,20,169,10000,,yes,0.035,0.9111475905555232
8323,0.6064896290641322,0.9269438548814692,0.32045422581733707,"Horvitz-Thompson(recency=40.0,delta=0.20)",HT,40.0,0.2,10,20,169,10000,,yes,0.035,0.9111475905555232
8324,0.4081692087416294,1.2295219587958908,0.8213527500542614,"Horvitz-Thompson(recency=40.0,delta=0.20)",HT,40.0,0.2,10,20,169,10000,,yes,0.035,0.9111475905555232
8325,0.46078414929718337,1.1398056700441141,0.6790215207469308,"Horvitz-Thompson(recency=40.0,delta=0.20)",HT,40.0,0.2,10,20,169,10000,,yes,0.035,0.9111475905555232
8326,0.5904165077386566,1.315303097421463,0.7248865896828064,"Horvitz-Thompson(recency=40.0,delta=0.20)",HT,40.0,0.2,10,20,169,10000,,yes,0.035,0.9111475905555232
8327,0.45603170048020053,1.1024586953439213,0.6464269948637207,"Horvitz-Thompson(recency=40.0,delta=0.20)",HT,40.0,0.2,10,20,169,10000,,yes,0.035,0.9111475905555232
8328,0.4950353406457819,0.9930337475349594,0.4979984068891775,"Horvitz-Thompson(recency=40.0,delta=0.20)",HT,40.0,0.2,10,20,169,10000,,yes,0.035,0.9111475905555232
8329,0.6369449592713348,1.1146172803291383,0.47767232105780355,"Horvitz-Thompson(recency=40.0,delta=0.20)",HT,40.0,0.2,10,20,169,10000,,yes,0.035,0.9111475905555232
8330,0.4865586567448915,0.9650975709680049,0.47853891422311334,"Horvitz-Thompson(recency=40.0,delta=0.20)",HT,40.0,0.2,10,20,169,10000,,yes,0.035,0.9111475905555232
8331,0.49781735372077046,1.1485465231405376,0.6507291694197672,"Horvitz-Thompson(recency=40.0,delta=0.20)",HT,40.0,0.2,10,20,169,10000,,yes,0.035,0.9111475905555232
8332,0.530926411140011,0.9580892846787746,0.4271628735387636,"Horvitz-Thompson(recency=40.0,delta=0.20)",HT,40.0,0.2,10,20,169,10000,,yes,0.035,0.9111475905555232
8333,0.4875020221471237,1.338069318182716,0.8505672960355922,"Horvitz-Thompson(recency=40.0,delta=0.20)",HT,40.0,0.2,10,20,169,10000,,yes,0.035,0.9111475905555232
8334,0.5696250229666306,1.0237788499420741,0.4541538269754435,"Horvitz-Thompson(recency=40.0,delta=0.20)",HT,40.0,0.2,10,20,169,10000,,yes,0.035,0.9111475905555232
8335,0.4031432755031634,1.1897311965989252,0.7865879210957618,"Horvitz-Thompson(recency=40.0,delta=0.20)",HT,40.0,0.2,10,20,169,10000,,yes,0.035,0.9111475905555232
8336,0.4834080102653003,1.2788459191272703,0.7954379088619701,"Horvitz-Thompson(recency=40.0,delta=0.20)",HT,40.0,0.2,10,20,169,10000,,yes,0.035,0.9111475905555232
8337,0.5309285884068227,0.92545099295596,0.39452240454913734,"Horvitz-Thompson(recency=40.0,delta=0.20)",HT,40.0,0.2,10,20,169,10000,,yes,0.035,0.9111475905555232
8338,0.4961338678219204,1.1826893994918664,0.6865555316699459,"Horvitz-Thompson(recency=40.0,delta=0.20)",HT,40.0,0.2,10,20,169,10000,,yes,0.035,0.9111475905555232
8339,0.5282518890767377,1.1077441151248666,0.5794922260481289,"Horvitz-Thompson(recency=40.0,delta=0.20)",HT,40.0,0.2,10,20,169,10000,,yes,0.035,0.9111475905555232
8340,0.5144155130850343,1.1181696710181301,0.6037541579330958,"Horvitz-Thompson(recency=40.0,delta=0.20)",HT,40.0,0.2,10,20,169,10000,,yes,0.035,0.9111475905555232
8341,0.536606223436867,1.1636589315003742,0.6270527080635072,"Horvitz-Thompson(recency=40.0,delta=0.20)",HT,40.0,0.2,10,20,169,10000,,yes,0.035,0.9111475905555232
8342,0.5262114122675444,1.2534167376041574,0.727205325336613,"Horvitz-Thompson(recency=40.0,delta=0.20)",HT,40.0,0.2,10,20,169,10000,,yes,0.035,0.9111475905555232
8343,0.43888484031796104,1.0832998743605666,0.6444150340426056,"Horvitz-Thompson(recency=40.0,delta=0.20)",HT,40.0,0.2,10,20,169,10000,,yes,0.035,0.9111475905555232
8344,0.5103080966237296,1.0359801136929867,0.5256720170692571,"Horvitz-Thompson(recency=40.0,delta=0.20)",HT,40.0,0.2,10,20,169,10000,,yes,0.035,0.9111475905555232
8345,0.3979129981744617,1.1224053890945767,0.724492390920115,"Horvitz-Thompson(recency=40.0,delta=0.20)",HT,40.0,0.2,10,20,169,10000,,yes,0.035,0.9111475905555232
8346,0.5932032733955892,1.1381407489509492,0.54493747555536,"Horvitz-Thompson(recency=40.0,delta=0.20)",HT,40.0,0.2,10,20,169,10000,,yes,0.035,0.9111475905555232
8347,0.41339071071401734,1.1027944671234593,0.689403756409442,"Horvitz-Thompson(recency=40.0,delta=0.20)",HT,40.0,0.2,10,20,169,10000,,yes,0.035,0.9111475905555232
8348,0.40222066452887545,0.982365137955397,0.5801444734265215,"Horvitz-Thompson(recency=40.0,delta=0.20)",HT,40.0,0.2,10,20,169,10000,,yes,0.035,0.9111475905555232
8349,0.5084577940981347,1.341802788339055,0.8333449942409203,"Horvitz-Thompson(recency=40.0,delta=0.20)",HT,40.0,0.2,10,20,169,10000,,yes,0.035,0.9111475905555232
8350,0.5294002365573761,1.119236736248307,0.589836499690931,"Horvitz-Thompson(recency=40.0,delta=0.20)",HT,40.0,0.2,10,20,169,10000,,yes,0.035,0.9111475905555232
8351,0.4777972295577206,1.246544079275649,0.7687468497179284,"Horvitz-Thompson(recency=40.0,delta=0.20)",HT,40.0,0.2,10,20,169,10000,,yes,0.035,0.9111475905555232
8352,0.41966893462965893,1.1551981230286155,0.7355291883989565,"Horvitz-Thompson(recency=40.0,delta=0.20)",HT,40.0,0.2,10,20,169,10000,,yes,0.035,0.9111475905555232
8353,0.5316554424890255,0.9927207995915048,0.4610653571024793,"Horvitz-Thompson(recency=40.0,delta=0.20)",HT,40.0,0.2,10,20,169,10000,,yes,0.035,0.9111475905555232
8354,0.5519882003454901,1.0616473064126024,0.5096591060671123,"Horvitz-Thompson(recency=40.0,delta=0.20)",HT,40.0,0.2,10,20,169,10000,,yes,0.035,0.9111475905555232
8355,0.5306525843283957,1.0718884121474384,0.5412358278190427,"Horvitz-Thompson(recency=40.0,delta=0.20)",HT,40.0,0.2,10,20,169,10000,,yes,0.035,0.9111475905555232
8356,0.6155075855232268,1.3074948361071812,0.6919872505839544,"Horvitz-Thompson(recency=40.0,delta=0.20)",HT,40.0,0.2,10,20,169,10000,,yes,0.035,0.9111475905555232
8357,0.5886387310285228,1.1047061256962762,0.5160673946677534,"Horvitz-Thompson(recency=40.0,delta=0.20)",HT,40.0,0.2,10,20,169,10000,,yes,0.035,0.9111475905555232
8358,0.5063557540213556,1.039903388812028,0.5335476347906724,"Horvitz-Thompson(recency=40.0,delta=0.20)",HT,40.0,0.2,10,20,169,10000,,yes,0.035,0.9111475905555232
8359,0.4756551302373628,1.3427702468673872,0.8671151166300244,"Horvitz-Thompson(recency=40.0,delta=0.20)",HT,40.0,0.2,10,20,169,10000,,yes,0.035,0.9111475905555232
8360,0.5320805838230064,0.9602330369492472,0.42815245312624084,"Horvitz-Thompson(recency=40.0,delta=0.20)",HT,40.0,0.2,10,20,169,10000,,yes,0.035,0.9111475905555232
8361,0.5165245442279077,0.9061630161038998,0.3896384718759921,"Horvitz-Thompson(recency=40.0,delta=0.20)",HT,40.0,0.2,10,20,169,10000,,yes,0.035,0.9111475905555232
8362,0.5102779764170917,1.2482592601195457,0.737981283702454,"Horvitz-Thompson(recency=40.0,delta=0.20)",HT,40.0,0.2,10,20,169,10000,,yes,0.035,0.9111475905555232
8363,0.4576210369052465,1.1263371526236017,0.6687161157183552,"Horvitz-Thompson(recency=40.0,delta=0.20)",HT,40.0,0.2,10,20,169,10000,,yes,0.035,0.9111475905555232
8364,0.5177604489582797,1.33450348791213,0.8167430389538504,"Horvitz-Thompson(recency=40.0,delta=0.20)",HT,40.0,0.2,10,20,169,10000,,yes,0.035,0.9111475905555232
8365,0.4651010891614092,1.0331416145420287,0.5680405253806196,"Horvitz-Thompson(recency=40.0,delta=0.20)",HT,40.0,0.2,10,20,169,10000,,yes,0.035,0.9111475905555232
8366,0.4427675851988209,1.4420301564566105,0.9992625712577896,"Horvitz-Thompson(recency=40.0,delta=0.20)",HT,40.0,0.2,10,20,169,10000,,yes,0.035,0.9111475905555232
8367,0.5132143188722044,1.2798272300355764,0.766612911163372,"Horvitz-Thompson(recency=40.0,delta=0.20)",HT,40.0,0.2,10,20,169,10000,,yes,0.035,0.9111475905555232
8368,0.6060209668511399,1.2239603420196132,0.6179393751684733,"Horvitz-Thompson(recency=40.0,delta=0.20)",HT,40.0,0.2,10,20,169,10000,,yes,0.035,0.9111475905555232
8369,0.4918972279149207,1.227693141225632,0.7357959133107113,"Horvitz-Thompson(recency=40.0,delta=0.20)",HT,40.0,0.2,10,20,169,10000,,yes,0.035,0.9111475905555232
8370,0.5251256747830363,1.2616317379902844,0.7365060632072481,"Horvitz-Thompson(recency=40.0,delta=0.20)",HT,40.0,0.2,10,20,169,10000,,yes,0.035,0.9111475905555232
8371,0.4928422040967774,1.3128157129260565,0.819973508829279,"Horvitz-Thompson(recency=40.0,delta=0.20)",HT,40.0,0.2,10,20,169,10000,,yes,0.035,0.9111475905555232
8372,0.5989650917955459,0.9625246537737714,0.3635595619782255,"Horvitz-Thompson(recency=40.0,delta=0.20)",HT,40.0,0.2,10,20,169,10000,,yes,0.035,0.9111475905555232
8373,0.5329451046179376,1.050447981604469,0.5175028769865313,"Horvitz-Thompson(recency=40.0,delta=0.20)",HT,40.0,0.2,10,20,169,10000,,yes,0.035,0.9111475905555232
8374,0.5317503936539006,1.2280862096718264,0.6963358160179257,"Horvitz-Thompson(recency=40.0,delta=0.20)",HT,40.0,0.2,10,20,169,10000,,yes,0.035,0.9111475905555232
8375,0.4675317208719074,1.0832282780832927,0.6156965572113853,"Horvitz-Thompson(recency=40.0,delta=0.20)",HT,40.0,0.2,10,20,169,10000,,yes,0.035,0.9111475905555232
8376,0.4856565758065543,1.2897889656318415,0.8041323898252872,"Horvitz-Thompson(recency=40.0,delta=0.20)",HT,40.0,0.2,10,20,169,10000,,yes,0.035,0.9111475905555232
8377,0.48699133689820356,1.3243926929476473,0.8374013560494438,"Horvitz-Thompson(recency=40.0,delta=0.20)",HT,40.0,0.2,10,20,169,10000,,yes,0.035,0.9111475905555232
8378,0.4658032535643804,1.2360009962510081,0.7701977426866278,"Horvitz-Thompson(recency=40.0,delta=0.20)",HT,40.0,0.2,10,20,169,10000,,yes,0.035,0.9111475905555232
8379,0.5834182721720556,1.0139445947501478,0.4305263225780922,"Horvitz-Thompson(recency=40.0,delta=0.20)",HT,40.0,0.2,10,20,169,10000,,yes,0.035,0.9111475905555232
8380,0.46242405763082456,1.2096129579991726,0.7471889003683481,"Horvitz-Thompson(recency=40.0,delta=0.20)",HT,40.0,0.2,10,20,169,10000,,yes,0.035,0.9111475905555232
8381,0.4181693133969239,0.915583982237265,0.4974146688403411,"Horvitz-Thompson(recency=40.0,delta=0.20)",HT,40.0,0.2,10,20,169,10000,,yes,0.035,0.9111475905555232
8382,0.5093581185604,1.0842938251504357,0.5749357065900357,"Horvitz-Thompson(recency=40.0,delta=0.20)",HT,40.0,0.2,10,20,169,10000,,yes,0.035,0.9111475905555232
8383,0.5252681090292675,1.1408495875862177,0.6155814785569502,"Horvitz-Thompson(recency=40.0,delta=0.20)",HT,40.0,0.2,10,20,169,10000,,yes,0.035,0.9111475905555232
8384,0.5354555236466609,1.0280196116556708,0.49256408800900986,"Horvitz-Thompson(recency=40.0,delta=0.20)",HT,40.0,0.2,10,20,169,10000,,yes,0.035,0.9111475905555232
8385,0.5140148480259813,1.2226015302147275,0.7085866821887462,"Horvitz-Thompson(recency=40.0,delta=0.20)",HT,40.0,0.2,10,20,169,10000,,yes,0.035,0.9111475905555232
8386,0.4222578305532523,1.1322070942720972,0.7099492637188449,"Horvitz-Thompson(recency=40.0,delta=0.20)",HT,40.0,0.2,10,20,169,10000,,yes,0.035,0.9111475905555232
8387,0.490460874556468,1.1173591848207993,0.6268983102643313,"Horvitz-Thompson(recency=40.0,delta=0.20)",HT,40.0,0.2,10,20,169,10000,,yes,0.035,0.9111475905555232
8388,0.6108434941270879,1.0570744763620414,0.4462309822349535,"Horvitz-Thompson(recency=40.0,delta=0.20)",HT,40.0,0.2,10,20,169,10000,,yes,0.035,0.9111475905555232
8389,0.44684539857624306,0.9868991892310381,0.5400537906547951,"Horvitz-Thompson(recency=40.0,delta=0.20)",HT,40.0,0.2,10,20,169,10000,,yes,0.035,0.9111475905555232
8390,0.5818526934728921,1.0172524725642127,0.43539977909132055,"Horvitz-Thompson(recency=40.0,delta=0.20)",HT,40.0,0.2,10,20,169,10000,,yes,0.035,0.9111475905555232
8391,0.512218236780564,1.1356254193095838,0.6234071825290198,"Horvitz-Thompson(recency=40.0,delta=0.20)",HT,40.0,0.2,10,20,169,10000,,yes,0.035,0.9111475905555232
8392,0.5195653782181558,1.3701107621070918,0.850545383888936,"Horvitz-Thompson(recency=40.0,delta=0.20)",HT,40.0,0.2,10,20,169,10000,,yes,0.035,0.9111475905555232
8393,0.5946564832375371,0.920612954354932,0.3259564711173949,"Horvitz-Thompson(recency=40.0,delta=0.20)",HT,40.0,0.2,10,20,169,10000,,yes,0.035,0.9111475905555232
8394,0.5836702703797346,1.440703973114424,0.8570337027346894,"Horvitz-Thompson(recency=40.0,delta=0.20)",HT,40.0,0.2,10,20,169,10000,,yes,0.035,0.9111475905555232
8395,0.4887587531049247,1.3500593339757696,0.8613005808708449,"Horvitz-Thompson(recency=40.0,delta=0.20)",HT,40.0,0.2,10,20,169,10000,,yes,0.035,0.9111475905555232
8396,0.5003046348578316,1.0992333603730688,0.5989287255152372,"Horvitz-Thompson(recency=40.0,delta=0.20)",HT,40.0,0.2,10,20,169,10000,,yes,0.035,0.9111475905555232
8397,0.524747307520236,1.3023776110848335,0.7776303035645975,"Horvitz-Thompson(recency=40.0,delta=0.20)",HT,40.0,0.2,10,20,169,10000,,yes,0.035,0.9111475905555232
8398,0.6051152749720317,1.089885073138535,0.48476979816650334,"Horvitz-Thompson(recency=40.0,delta=0.20)",HT,40.0,0.2,10,20,169,10000,,yes,0.035,0.9111475905555232
8399,0.4908555661372496,0.871525199011885,0.38066963287463534,"Horvitz-Thompson(recency=40.0,delta=0.20)",HT,40.0,0.2,10,20,169,10000,,yes,0.035,0.9111475905555232
8400,0.5380172424078861,1.055833526223288,0.517816283815402,"Horvitz-Thompson(recency=40.0,delta=0.20)",HT,40.0,0.2,10,20,169,10000,,yes,0.035,0.9111475905555232
8401,0.4404817400040081,1.17240129217024,0.731919552166232,"Horvitz-Thompson(recency=40.0,delta=0.20)",HT,40.0,0.2,10,20,169,10000,,yes,0.035,0.9111475905555232
8402,0.5665562946829533,1.2586275882162006,0.6920712935332473,"Horvitz-Thompson(recency=40.0,delta=0.20)",HT,40.0,0.2,10,20,169,10000,,yes,0.035,0.9111475905555232
8403,0.4466701457848869,1.2567555459571667,0.8100854001722797,"Horvitz-Thompson(recency=40.0,delta=0.20)",HT,40.0,0.2,10,20,169,10000,,yes,0.035,0.9111475905555232
8404,0.49294368771443337,0.9909919816225194,0.4980482939080861,"Horvitz-Thompson(recency=40.0,delta=0.20)",HT,40.0,0.2,10,20,169,10000,,yes,0.035,0.9111475905555232
8405,0.6071263453724627,1.2272064245500225,0.6200800791775598,"Horvitz-Thompson(recency=40.0,delta=0.20)",HT,40.0,0.2,10,20,169,10000,,yes,0.035,0.9111475905555232
8406,0.6106851388099029,1.2275900571962428,0.6169049183863399,"Horvitz-Thompson(recency=40.0,delta=0.20)",HT,40.0,0.2,10,20,169,10000,,yes,0.035,0.9111475905555232
8407,0.47659048813012767,1.0703762360741291,0.5937857479440014,"Horvitz-Thompson(recency=40.0,delta=0.20)",HT,40.0,0.2,10,20,169,10000,,yes,0.035,0.9111475905555232
8408,0.4664694143985008,1.1405317268934325,0.6740623124949316,"Horvitz-Thompson(recency=40.0,delta=0.20)",HT,40.0,0.2,10,20,169,10000,,yes,0.035,0.9111475905555232
8409,0.4857902012299291,1.0022362508802827,0.5164460496503536,"Horvitz-Thompson(recency=40.0,delta=0.20)",HT,40.0,0.2,10,20,169,10000,,yes,0.035,0.9111475905555232
8410,0.44202603187632206,1.2831900293862966,0.8411639975099745,"Horvitz-Thompson(recency=40.0,delta=0.20)",HT,40.0,0.2,10,20,169,10000,,yes,0.035,0.9111475905555232
8411,0.5865821891460681,1.2015878135700968,0.6150056244240287,"Horvitz-Thompson(recency=40.0,delta=0.20)",HT,40.0,0.2,10,20,169,10000,,yes,0.035,0.9111475905555232
8412,0.46527420258253804,1.0976397448221633,0.6323655422396253,"Horvitz-Thompson(recency=40.0,delta=0.20)",HT,40.0,0.2,10,20,169,10000,,yes,0.035,0.9111475905555232
8413,0.5138740915406306,0.9583202268191966,0.444446135278566,"Horvitz-Thompson(recency=40.0,delta=0.20)",HT,40.0,0.2,10,20,169,10000,,yes,0.035,0.9111475905555232
8414,0.5026854798855357,1.1227414198763537,0.620055939990818,"Horvitz-Thompson(recency=40.0,delta=0.20)",HT,40.0,0.2,10,20,169,10000,,yes,0.035,0.9111475905555232
8415,0.5341293263027963,1.0795475103764338,0.5454181840736375,"Horvitz-Thompson(recency=40.0,delta=0.20)",HT,40.0,0.2,10,20,169,10000,,yes,0.035,0.9111475905555232
8416,0.5245990586566015,1.2024022459796304,0.6778031873230289,"Horvitz-Thompson(recency=40.0,delta=0.20)",HT,40.0,0.2,10,20,169,10000,,yes,0.035,0.9111475905555232
8417,0.49845924748252496,1.1496034757314826,0.6511442282489577,"Horvitz-Thompson(recency=40.0,delta=0.20)",HT,40.0,0.2,10,20,169,10000,,yes,0.035,0.9111475905555232
8418,0.4385598744993148,1.0601686202809544,0.6216087457816396,"Horvitz-Thompson(recency=40.0,delta=0.20)",HT,40.0,0.2,10,20,169,10000,,yes,0.035,0.9111475905555232
8419,0.5228529357132831,1.1661412601625345,0.6432883244492514,"Horvitz-Thompson(recency=40.0,delta=0.20)",HT,40.0,0.2,10,20,169,10000,,yes,0.035,0.9111475905555232
8420,0.48516736849877107,1.2646275029789298,0.7794601344801587,"Horvitz-Thompson(recency=40.0,delta=0.20)",HT,40.0,0.2,10,20,169,10000,,yes,0.035,0.9111475905555232
8421,0.49167787101816085,1.486800830324163,0.9951229593060023,"Horvitz-Thompson(recency=40.0,delta=0.20)",HT,40.0,0.2,10,20,169,10000,,yes,0.035,0.9111475905555232
8422,0.44937309443521395,1.2291201664017317,0.7797470719665178,"Horvitz-Thompson(recency=40.0,delta=0.20)",HT,40.0,0.2,10,20,169,10000,,yes,0.035,0.9111475905555232
8423,0.48723504328142075,1.2296161572305813,0.7423811139491605,"Horvitz-Thompson(recency=40.0,delta=0.20)",HT,40.0,0.2,10,20,169,10000,,yes,0.035,0.9111475905555232
8424,0.4827903068462835,1.2904848338655086,0.8076945270192251,"Horvitz-Thompson(recency=40.0,delta=0.20)",HT,40.0,0.2,10,20,169,10000,,yes,0.035,0.9111475905555232
8425,0.5839849442086684,1.2553071504212285,0.6713222062125601,"Horvitz-Thompson(recency=40.0,delta=0.20)",HT,40.0,0.2,10,20,169,10000,,yes,0.035,0.9111475905555232
8426,0.4595043828354238,1.122146473354832,0.6626420905194084,"Horvitz-Thompson(recency=40.0,delta=0.20)",HT,40.0,0.2,10,20,169,10000,,yes,0.035,0.9111475905555232
8427,0.541933476424294,1.0001344872659648,0.45820101084167075,"Horvitz-Thompson(recency=40.0,delta=0.20)",HT,40.0,0.2,10,20,169,10000,,yes,0.035,0.9111475905555232
8428,0.411818814953453,1.260915211237309,0.849096396283856,"Horvitz-Thompson(recency=40.0,delta=0.20)",HT,40.0,0.2,10,20,169,10000,,yes,0.035,0.9111475905555232
8429,0.6438899104752881,1.2332776626477473,0.5893877521724592,"Horvitz-Thompson(recency=40.0,delta=0.20)",HT,40.0,0.2,10,20,169,10000,,yes,0.035,0.9111475905555232
8430,0.5630201010220905,0.8997679959285952,0.3367478949065047,"Horvitz-Thompson(recency=40.0,delta=0.20)",HT,40.0,0.2,10,20,169,10000,,yes,0.035,0.9111475905555232
8431,0.5455095430697864,1.3505191131879317,0.8050095701181453,"Horvitz-Thompson(recency=40.0,delta=0.20)",HT,40.0,0.2,10,20,169,10000,,yes,0.035,0.9111475905555232
8432,0.48055390945108567,1.190719180214235,0.7101652707631493,"Horvitz-Thompson(recency=40.0,delta=0.20)",HT,40.0,0.2,10,20,169,10000,,yes,0.035,0.9111475905555232
8433,0.5393472276665541,1.1522724803681452,0.6129252527015912,"Horvitz-Thompson(recency=40.0,delta=0.20)",HT,40.0,0.2,10,20,169,10000,,yes,0.035,0.9111475905555232
8434,0.48119655837121345,1.1586942120309804,0.677497653659767,"Horvitz-Thompson(recency=40.0,delta=0.20)",HT,40.0,0.2,10,20,169,10000,,yes,0.035,0.9111475905555232
8435,0.46649442000446323,1.3178422567255277,0.8513478367210645,"Horvitz-Thompson(recency=40.0,delta=0.20)",HT,40.0,0.2,10,20,169,10000,,yes,0.035,0.9111475905555232
8436,0.41896919229806334,1.1341565166572463,0.7151873243591829,"Horvitz-Thompson(recency=40.0,delta=0.20)",HT,40.0,0.2,10,20,169,10000,,yes,0.035,0.9111475905555232
8437,0.4424822855317177,1.010342114002963,0.5678598284712453,"Horvitz-Thompson(recency=40.0,delta=0.20)",HT,40.0,0.2,10,20,169,10000,,yes,0.035,0.9111475905555232
8438,0.5387411309204578,1.2339683969746036,0.6952272660541458,"Horvitz-Thompson(recency=40.0,delta=0.20)",HT,40.0,0.2,10,20,169,10000,,yes,0.035,0.9111475905555232
8439,0.5182197273559495,1.133945864563126,0.6157261372071765,"Horvitz-Thompson(recency=40.0,delta=0.20)",HT,40.0,0.2,10,20,169,10000,,yes,0.035,0.9111475905555232
8440,0.4809609088750003,0.9232565616521402,0.4422956527771399,"Horvitz-Thompson(recency=40.0,delta=0.20)",HT,40.0,0.2,10,20,169,10000,,yes,0.035,0.9111475905555232
8441,0.553251881107097,1.168615667622582,0.6153637865154851,"Horvitz-Thompson(recency=40.0,delta=0.20)",HT,40.0,0.2,10,20,169,10000,,yes,0.035,0.9111475905555232
8442,0.4678973192775549,1.0042229300018763,0.5363256107243215,"Horvitz-Thompson(recency=40.0,delta=0.20)",HT,40.0,0.2,10,20,169,10000,,yes,0.035,0.9111475905555232
8443,0.5854940306768228,1.0902916300506291,0.5047975993738063,"Horvitz-Thompson(recency=40.0,delta=0.20)",HT,40.0,0.2,10,20,169,10000,,yes,0.035,0.9111475905555232
8444,0.5425644309270149,1.0907484144716963,0.5481839835446815,"Horvitz-Thompson(recency=40.0,delta=0.20)",HT,40.0,0.2,10,20,169,10000,,yes,0.035,0.9111475905555232
8445,0.5779969843502125,1.3960616033940905,0.818064619043878,"Horvitz-Thompson(recency=40.0,delta=0.20)",HT,40.0,0.2,10,20,169,10000,,yes,0.035,0.9111475905555232
8446,0.528575344496854,1.0800695283234405,0.5514941838265865,"Horvitz-Thompson(recency=40.0,delta=0.20)",HT,40.0,0.2,10,20,169,10000,,yes,0.035,0.9111475905555232
8447,0.5291684406735611,1.2624705709653685,0.7333021302918075,"Horvitz-Thompson(recency=40.0,delta=0.20)",HT,40.0,0.2,10,20,169,10000,,yes,0.035,0.9111475905555232
8448,0.4783850003378446,1.3518465511530875,0.8734615508152429,"Horvitz-Thompson(recency=40.0,delta=0.20)",HT,40.0,0.2,10,20,169,10000,,yes,0.035,0.9111475905555232
8449,0.5752806726848162,1.077384192373781,0.5021035196889648,"Horvitz-Thompson(recency=40.0,delta=0.20)",HT,40.0,0.2,10,20,169,10000,,yes,0.035,0.9111475905555232
8450,0.39982540721370335,1.176181011413271,0.7763556041995676,"Horvitz-Thompson(recency=40.0,delta=0.20)",HT,40.0,0.2,10,20,169,10000,,yes,0.035,0.9111475905555232
8451,0.506930202522874,1.3646581274896372,0.8577279249667632,"Horvitz-Thompson(recency=40.0,delta=0.20)",HT,40.0,0.2,10,20,169,10000,,yes,0.035,0.9111475905555232
8452,0.4048726675419291,1.1481397768069423,0.7432671092650133,"Horvitz-Thompson(recency=40.0,delta=0.20)",HT,40.0,0.2,10,20,169,10000,,yes,0.035,0.9111475905555232
8453,0.4868627765601462,1.1860767202712061,0.6992139437110599,"Horvitz-Thompson(recency=40.0,delta=0.20)",HT,40.0,0.2,10,20,169,10000,,yes,0.035,0.9111475905555232
8454,0.6482510352450208,1.0516130860076351,0.40336205076261433,"Horvitz-Thompson(recency=40.0,delta=0.20)",HT,40.0,0.2,10,20,169,10000,,yes,0.035,0.9111475905555232
8455,0.5371892854220317,0.914782850365495,0.3775935649434633,"Horvitz-Thompson(recency=40.0,delta=0.20)",HT,40.0,0.2,10,20,169,10000,,yes,0.035,0.9111475905555232
8456,0.5132318482514185,1.3370269614914696,0.8237951132400511,"Horvitz-Thompson(recency=40.0,delta=0.20)",HT,40.0,0.2,10,20,169,10000,,yes,0.035,0.9111475905555232
8457,0.5420433619878562,0.9365012949058976,0.39445793291804143,"Horvitz-Thompson(recency=40.0,delta=0.20)",HT,40.0,0.2,10,20,169,10000,,yes,0.035,0.9111475905555232
8458,0.4868561342501611,1.2958996805183542,0.8090435462681931,"Horvitz-Thompson(recency=40.0,delta=0.20)",HT,40.0,0.2,10,20,169,10000,,yes,0.035,0.9111475905555232
8459,0.5030569220530025,1.1206198639180998,0.6175629418650973,"Horvitz-Thompson(recency=40.0,delta=0.20)",HT,40.0,0.2,10,20,169,10000,,yes,0.035,0.9111475905555232
8460,0.46833717142652126,1.2069459144592491,0.7386087430327279,"Horvitz-Thompson(recency=40.0,delta=0.20)",HT,40.0,0.2,10,20,169,10000,,yes,0.035,0.9111475905555232
8461,0.48851455868740024,1.1404298442275638,0.6519152855401635,"Horvitz-Thompson(recency=40.0,delta=0.20)",HT,40.0,0.2,10,20,169,10000,,yes,0.035,0.9111475905555232
8462,0.5282270662265727,1.1457928457929056,0.617565779566333,"Horvitz-Thompson(recency=40.0,delta=0.20)",HT,40.0,0.2,10,20,169,10000,,yes,0.035,0.9111475905555232
8463,0.4787460989500159,1.299642660562361,0.8208965616123451,"Horvitz-Thompson(recency=40.0,delta=0.20)",HT,40.0,0.2,10,20,169,10000,,yes,0.035,0.9111475905555232
8464,0.6000526615564425,1.1918753119539012,0.5918226503974586,"Horvitz-Thompson(recency=40.0,delta=0.20)",HT,40.0,0.2,10,20,169,10000,,yes,0.035,0.9111475905555232
8465,0.5201857383414621,1.170739602413747,0.650553864072285,"Horvitz-Thompson(recency=40.0,delta=0.20)",HT,40.0,0.2,10,20,169,10000,,yes,0.035,0.9111475905555232
8466,0.5346069351170787,1.425880476142502,0.8912735410254232,"Horvitz-Thompson(recency=40.0,delta=0.20)",HT,40.0,0.2,10,20,169,10000,,yes,0.035,0.9111475905555232
8467,0.5299146503207608,1.2564225972008143,0.7265079468800535,"Horvitz-Thompson(recency=40.0,delta=0.20)",HT,40.0,0.2,10,20,169,10000,,yes,0.035,0.9111475905555232
8468,0.4614530309754513,1.2275936530715454,0.7661406220960941,"Horvitz-Thompson(recency=40.0,delta=0.20)",HT,40.0,0.2,10,20,169,10000,,yes,0.035,0.9111475905555232
8469,0.485562149303496,1.081108890441292,0.5955467411377959,"Horvitz-Thompson(recency=40.0,delta=0.20)",HT,40.0,0.2,10,20,169,10000,,yes,0.035,0.9111475905555232
8470,0.48297494373286315,1.174387782821469,0.6914128390886058,"Horvitz-Thompson(recency=40.0,delta=0.20)",HT,40.0,0.2,10,20,169,10000,,yes,0.035,0.9111475905555232
8471,0.48503123262343484,1.1997364125398402,0.7147051799164054,"Horvitz-Thompson(recency=40.0,delta=0.20)",HT,40.0,0.2,10,20,169,10000,,yes,0.035,0.9111475905555232
8472,0.45289323716895186,0.8431258439010608,0.39023260673210897,"Horvitz-Thompson(recency=40.0,delta=0.20)",HT,40.0,0.2,10,20,169,10000,,yes,0.035,0.9111475905555232
8473,0.41030599095930664,1.1038072566804014,0.6935012657210947,"Horvitz-Thompson(recency=40.0,delta=0.20)",HT,40.0,0.2,10,20,169,10000,,yes,0.035,0.9111475905555232
8474,0.5130350898667984,1.175360351948775,0.6623252620819766,"Horvitz-Thompson(recency=40.0,delta=0.20)",HT,40.0,0.2,10,20,169,10000,,yes,0.035,0.9111475905555232
8475,0.44211925472079866,1.1516022236901673,0.7094829689693687,"Horvitz-Thompson(recency=40.0,delta=0.20)",HT,40.0,0.2,10,20,169,10000,,yes,0.035,0.9111475905555232
8476,0.5064658473620401,1.4212890424277,0.9148231950656599,"Horvitz-Thompson(recency=40.0,delta=0.20)",HT,40.0,0.2,10,20,169,10000,,yes,0.035,0.9111475905555232
8477,0.6013311249862121,1.2415395789434327,0.6402084539572206,"Horvitz-Thompson(recency=40.0,delta=0.20)",HT,40.0,0.2,10,20,169,10000,,yes,0.035,0.9111475905555232
8478,0.36229554935315406,1.6573832284795826,1.2950876791264285,"Horvitz-Thompson(recency=40.0,delta=0.20)",HT,40.0,0.2,10,20,169,10000,,yes,0.035,0.9111475905555232
8479,0.49249110584631367,1.154135653982183,0.6616445481358693,"Horvitz-Thompson(recency=40.0,delta=0.20)",HT,40.0,0.2,10,20,169,10000,,yes,0.035,0.9111475905555232
8480,0.5827425430170302,0.9177402261219598,0.3349976831049296,"Horvitz-Thompson(recency=40.0,delta=0.20)",HT,40.0,0.2,10,20,169,10000,,yes,0.035,0.9111475905555232
8481,0.4736742143920965,1.2516960416672707,0.7780218272751742,"Horvitz-Thompson(recency=40.0,delta=0.20)",HT,40.0,0.2,10,20,169,10000,,yes,0.035,0.9111475905555232
8482,0.4688277585918844,1.1559383887929786,0.6871106302010942,"Horvitz-Thompson(recency=40.0,delta=0.20)",HT,40.0,0.2,10,20,169,10000,,yes,0.035,0.9111475905555232
8483,0.6124687287625723,1.194163555758764,0.5816948269961917,"Horvitz-Thompson(recency=40.0,delta=0.20)",HT,40.0,0.2,10,20,169,10000,,yes,0.035,0.9111475905555232
8484,0.6028916279788574,1.0866268676959352,0.48373523971707777,"Horvitz-Thompson(recency=40.0,delta=0.20)",HT,40.0,0.2,10,20,169,10000,,yes,0.035,0.9111475905555232
8485,0.7201505759490547,0.9171007227239553,0.19695014677490053,"Horvitz-Thompson(recency=40.0,delta=0.20)",HT,40.0,0.2,10,20,169,10000,,yes,0.035,0.9111475905555232
8486,0.48785177114381945,1.1834488980568447,0.6955971269130252,"Horvitz-Thompson(recency=40.0,delta=0.20)",HT,40.0,0.2,10,20,169,10000,,yes,0.035,0.9111475905555232
8487,0.5163240397992994,1.0507945201852882,0.5344704803859888,"Horvitz-Thompson(recency=40.0,delta=0.20)",HT,40.0,0.2,10,20,169,10000,,yes,0.035,0.9111475905555232
8488,0.5989964879247701,1.1167264375984651,0.517729949673695,"Horvitz-Thompson(recency=40.0,delta=0.20)",HT,40.0,0.2,10,20,169,10000,,yes,0.035,0.9111475905555232
8489,0.6041541647842054,1.2575317992734827,0.6533776344892773,"Horvitz-Thompson(recency=40.0,delta=0.20)",HT,40.0,0.2,10,20,169,10000,,yes,0.035,0.9111475905555232
8490,0.5145940212115728,1.2109665184187641,0.6963724972071913,"Horvitz-Thompson(recency=40.0,delta=0.20)",HT,40.0,0.2,10,20,169,10000,,yes,0.035,0.9111475905555232
8491,0.5504350840804278,0.9528401124713747,0.40240502839094683,"Horvitz-Thompson(recency=40.0,delta=0.20)",HT,40.0,0.2,10,20,169,10000,,yes,0.035,0.9111475905555232
8492,0.5178896029735897,0.8883669202144919,0.37047731724090227,"Horvitz-Thompson(recency=40.0,delta=0.20)",HT,40.0,0.2,10,20,169,10000,,yes,0.035,0.9111475905555232
8493,0.4193147862224389,1.1312885842983464,0.7119737980759075,"Horvitz-Thompson(recency=40.0,delta=0.20)",HT,40.0,0.2,10,20,169,10000,,yes,0.035,0.9111475905555232
8494,0.4878779016368145,0.8865464392669165,0.39866853763010196,"Horvitz-Thompson(recency=40.0,delta=0.20)",HT,40.0,0.2,10,20,169,10000,,yes,0.035,0.9111475905555232
8495,0.6026775804967547,1.0030796587852613,0.4004020782885066,"Horvitz-Thompson(recency=40.0,delta=0.20)",HT,40.0,0.2,10,20,169,10000,,yes,0.035,0.9111475905555232
8496,0.41011412833639055,1.1734261742676126,0.7633120459312221,"Horvitz-Thompson(recency=40.0,delta=0.20)",HT,40.0,0.2,10,20,169,10000,,yes,0.035,0.9111475905555232
8497,0.5161793616754802,1.3329286848696098,0.8167493231941296,"Horvitz-Thompson(recency=40.0,delta=0.20)",HT,40.0,0.2,10,20,169,10000,,yes,0.035,0.9111475905555232
8498,0.5499906617928859,0.8494904908931894,0.2994998291003035,"Horvitz-Thompson(recency=40.0,delta=0.20)",HT,40.0,0.2,10,20,169,10000,,yes,0.035,0.9111475905555232
8499,0.5380395915104711,1.1257372812628577,0.5876976897523866,"Horvitz-Thompson(recency=40.0,delta=0.20)",HT,40.0,0.2,10,20,169,10000,,yes,0.035,0.9111475905555232
8500,0.5217234922522521,0.8832422161509996,0.3615187238987475,"Horvitz-Thompson(recency=40.0,delta=0.20)",HT,40.0,0.2,10,20,169,10000,,yes,0.035,0.9111475905555232
8501,0.485527046966122,1.2897167785034847,0.8041897315373627,"Horvitz-Thompson(recency=40.0,delta=0.20)",HT,40.0,0.2,10,20,169,10000,,yes,0.035,0.9111475905555232
8502,0.4911132117253354,1.0502133136985141,0.5591001019731787,"Horvitz-Thompson(recency=40.0,delta=0.20)",HT,40.0,0.2,10,20,169,10000,,yes,0.035,0.9111475905555232
8503,0.39914728853679204,1.2766417723816759,0.8774944838448838,"Horvitz-Thompson(recency=40.0,delta=0.20)",HT,40.0,0.2,10,20,169,10000,,yes,0.035,0.9111475905555232
8504,0.5118270072416529,1.2456551455654026,0.7338281383237497,"Horvitz-Thompson(recency=40.0,delta=0.20)",HT,40.0,0.2,10,20,169,10000,,yes,0.035,0.9111475905555232
8505,0.6504144747988132,1.0610759361906947,0.41066146139188153,"Horvitz-Thompson(recency=40.0,delta=0.20)",HT,40.0,0.2,10,20,169,10000,,yes,0.035,0.9111475905555232
8506,0.49483003590455016,1.2121962769738817,0.7173662410693316,"Horvitz-Thompson(recency=40.0,delta=0.20)",HT,40.0,0.2,10,20,169,10000,,yes,0.035,0.9111475905555232
8507,0.43166873884762064,1.0314304907492897,0.5997617519016691,"Horvitz-Thompson(recency=40.0,delta=0.20)",HT,40.0,0.2,10,20,169,10000,,yes,0.035,0.9111475905555232
8508,0.5243407947771173,0.9960410235452962,0.47170022876817896,"Horvitz-Thompson(recency=40.0,delta=0.20)",HT,40.0,0.2,10,20,169,10000,,yes,0.035,0.9111475905555232
8509,0.404756791450627,1.2426931845350968,0.8379363930844699,"Horvitz-Thompson(recency=40.0,delta=0.20)",HT,40.0,0.2,10,20,169,10000,,yes,0.035,0.9111475905555232
8510,0.4481499584320973,1.0206687983709775,0.5725188399388801,"Horvitz-Thompson(recency=40.0,delta=0.20)",HT,40.0,0.2,10,20,169,10000,,yes,0.035,0.9111475905555232
8511,0.5188737328383218,1.1813507165877073,0.6624769837493855,"Horvitz-Thompson(recency=40.0,delta=0.20)",HT,40.0,0.2,10,20,169,10000,,yes,0.035,0.9111475905555232
8512,0.49419511653575005,1.2860693025377208,0.7918741860019707,"Horvitz-Thompson(recency=40.0,delta=0.20)",HT,40.0,0.2,10,20,169,10000,,yes,0.035,0.9111475905555232
8513,0.4562790051797549,1.162323315416952,0.7060443102371972,"Horvitz-Thompson(recency=40.0,delta=0.20)",HT,40.0,0.2,10,20,169,10000,,yes,0.035,0.9111475905555232
8514,0.4768548865620024,1.4425352024467386,0.9656803158847362,"Horvitz-Thompson(recency=40.0,delta=0.20)",HT,40.0,0.2,10,20,169,10000,,yes,0.035,0.9111475905555232
8515,0.45761750887486674,1.2844489499101537,0.8268314410352869,"Horvitz-Thompson(recency=40.0,delta=0.20)",HT,40.0,0.2,10,20,169,10000,,yes,0.035,0.9111475905555232
8516,0.538462000458672,1.121345259166796,0.5828832587081241,"Horvitz-Thompson(recency=40.0,delta=0.20)",HT,40.0,0.2,10,20,169,10000,,yes,0.035,0.9111475905555232
8517,0.5551442713612476,0.9446675942513026,0.3895233228900551,"Horvitz-Thompson(recency=40.0,delta=0.20)",HT,40.0,0.2,10,20,169,10000,,yes,0.035,0.9111475905555232
8518,0.5233820627268992,1.220240254512309,0.6968581917854098,"Horvitz-Thompson(recency=40.0,delta=0.20)",HT,40.0,0.2,10,20,169,10000,,yes,0.035,0.9111475905555232
8519,0.42825130439924447,1.4647241502251738,1.0364728458259294,"Horvitz-Thompson(recency=40.0,delta=0.20)",HT,40.0,0.2,10,20,169,10000,,yes,0.035,0.9111475905555232
8520,0.5163534411636332,1.2295034689088251,0.7131500277451919,"Horvitz-Thompson(recency=40.0,delta=0.20)",HT,40.0,0.2,10,20,169,10000,,yes,0.035,0.9111475905555232
8521,0.6709585457769817,1.0481281498533757,0.377169604076394,"Horvitz-Thompson(recency=40.0,delta=0.20)",HT,40.0,0.2,10,20,169,10000,,yes,0.035,0.9111475905555232
8522,0.6481591092920216,0.9155589618851586,0.26739985259313703,"Horvitz-Thompson(recency=40.0,delta=0.20)",HT,40.0,0.2,10,20,169,10000,,yes,0.035,0.9111475905555232
8523,0.5073950841134469,0.9757207794926528,0.4683256953792059,"Horvitz-Thompson(recency=40.0,delta=0.20)",HT,40.0,0.2,10,20,169,10000,,yes,0.035,0.9111475905555232
8524,0.4718681123649902,1.1712917369693272,0.699423624604337,"Horvitz-Thompson(recency=40.0,delta=0.20)",HT,40.0,0.2,10,20,169,10000,,yes,0.035,0.9111475905555232
8525,0.41083792963212057,1.257672175538322,0.8468342459062015,"Horvitz-Thompson(recency=40.0,delta=0.20)",HT,40.0,0.2,10,20,169,10000,,yes,0.035,0.9111475905555232
8526,0.5762672669985772,1.2313573746829694,0.6550901076843921,"Horvitz-Thompson(recency=40.0,delta=0.20)",HT,40.0,0.2,10,20,169,10000,,yes,0.035,0.9111475905555232
8527,0.5433931859742552,1.1113011886298017,0.5679080026555464,"Horvitz-Thompson(recency=40.0,delta=0.20)",HT,40.0,0.2,10,20,169,10000,,yes,0.035,0.9111475905555232
8528,0.482122414585529,1.3900776496152196,0.9079552350296907,"Horvitz-Thompson(recency=40.0,delta=0.20)",HT,40.0,0.2,10,20,169,10000,,yes,0.035,0.9111475905555232
8529,0.5243418295455927,1.218144456595153,0.6938026270495602,"Horvitz-Thompson(recency=40.0,delta=0.20)",HT,40.0,0.2,10,20,169,10000,,yes,0.035,0.9111475905555232
8530,0.5387687366975603,1.1495990773160434,0.6108303406184831,"Horvitz-Thompson(recency=40.0,delta=0.20)",HT,40.0,0.2,10,20,169,10000,,yes,0.035,0.9111475905555232
8531,0.5612369655043065,1.2803871424007207,0.7191501768964143,"Horvitz-Thompson(recency=40.0,delta=0.20)",HT,40.0,0.2,10,20,169,10000,,yes,0.035,0.9111475905555232
8532,0.5201639304110466,1.0845566832788678,0.5643927528678212,"Horvitz-Thompson(recency=40.0,delta=0.20)",HT,40.0,0.2,10,20,169,10000,,yes,0.035,0.9111475905555232
8533,0.5108089474430773,0.9040006682795922,0.393191720836515,"Horvitz-Thompson(recency=40.0,delta=0.20)",HT,40.0,0.2,10,20,169,10000,,yes,0.035,0.9111475905555232
8534,0.5711381761256739,1.0438759025069577,0.47273772638128386,"Horvitz-Thompson(recency=40.0,delta=0.20)",HT,40.0,0.2,10,20,169,10000,,yes,0.035,0.9111475905555232
8535,0.5362323957139529,1.1965609285053236,0.6603285327913707,"Horvitz-Thompson(recency=40.0,delta=0.20)",HT,40.0,0.2,10,20,169,10000,,yes,0.035,0.9111475905555232
8536,0.5827750420731292,1.163545833114205,0.5807707910410758,"Horvitz-Thompson(recency=40.0,delta=0.20)",HT,40.0,0.2,10,20,169,10000,,yes,0.035,0.9111475905555232
8537,0.4832625184759474,1.2648352579306745,0.7815727394547272,"Horvitz-Thompson(recency=40.0,delta=0.20)",HT,40.0,0.2,10,20,169,10000,,yes,0.035,0.9111475905555232
8538,0.5315970046828846,1.0467635159870332,0.5151665113041486,"Horvitz-Thompson(recency=40.0,delta=0.20)",HT,40.0,0.2,10,20,169,10000,,yes,0.035,0.9111475905555232
8539,0.48695860210379277,0.9308010749969398,0.443842472893147,"Horvitz-Thompson(recency=40.0,delta=0.20)",HT,40.0,0.2,10,20,169,10000,,yes,0.035,0.9111475905555232
8540,0.5185029398828335,1.0213024726648745,0.502799532782041,"Horvitz-Thompson(recency=40.0,delta=0.20)",HT,40.0,0.2,10,20,169,10000,,yes,0.035,0.9111475905555232
8541,0.4574603313573488,1.202102887099036,0.7446425557416871,"Horvitz-Thompson(recency=40.0,delta=0.20)",HT,40.0,0.2,10,20,169,10000,,yes,0.035,0.9111475905555232
8542,0.5459991863082517,1.4246110268351104,0.8786118405268587,"Horvitz-Thompson(recency=40.0,delta=0.20)",HT,40.0,0.2,10,20,169,10000,,yes,0.035,0.9111475905555232
8543,0.49349414379284223,1.0523130434894552,0.558818899696613,"Horvitz-Thompson(recency=40.0,delta=0.20)",HT,40.0,0.2,10,20,169,10000,,yes,0.035,0.9111475905555232
8544,0.5174269539491042,0.9692295934038595,0.4518026394547553,"Horvitz-Thompson(recency=40.0,delta=0.20)",HT,40.0,0.2,10,20,169,10000,,yes,0.035,0.9111475905555232
8545,0.4900190603419525,1.2145818754961315,0.724562815154179,"Horvitz-Thompson(recency=40.0,delta=0.20)",HT,40.0,0.2,10,20,169,10000,,yes,0.035,0.9111475905555232
8546,0.5673794475326506,1.1042458178867067,0.5368663703540562,"Horvitz-Thompson(recency=40.0,delta=0.20)",HT,40.0,0.2,10,20,169,10000,,yes,0.035,0.9111475905555232
8547,0.4873689204918557,1.0453000294659487,0.557931108974093,"Horvitz-Thompson(recency=40.0,delta=0.20)",HT,40.0,0.2,10,20,169,10000,,yes,0.035,0.9111475905555232
8548,0.5962769178940237,1.025335852045251,0.4290589341512272,"Horvitz-Thompson(recency=40.0,delta=0.20)",HT,40.0,0.2,10,20,169,10000,,yes,0.035,0.9111475905555232
8549,0.5320700300185736,1.1834476773813982,0.6513776473628247,"Horvitz-Thompson(recency=40.0,delta=0.20)",HT,40.0,0.2,10,20,169,10000,,yes,0.035,0.9111475905555232
8550,0.4965793239940902,1.2283338553600187,0.7317545313659285,"Horvitz-Thompson(recency=40.0,delta=0.20)",HT,40.0,0.2,10,20,169,10000,,yes,0.035,0.9111475905555232
8551,0.5226573310965835,1.2191552991146608,0.6964979680180773,"Horvitz-Thompson(recency=40.0,delta=0.20)",HT,40.0,0.2,10,20,169,10000,,yes,0.035,0.9111475905555232
8552,0.5915787568890095,1.3571732062015294,0.7655944493125199,"Horvitz-Thompson(recency=40.0,delta=0.20)",HT,40.0,0.2,10,20,169,10000,,yes,0.035,0.9111475905555232
8553,0.6251424597179732,0.9478566376464315,0.32271417792845825,"Horvitz-Thompson(recency=40.0,delta=0.20)",HT,40.0,0.2,10,20,169,10000,,yes,0.035,0.9111475905555232
8554,0.43297076438031695,1.246121055877042,0.813150291496725,"Horvitz-Thompson(recency=40.0,delta=0.20)",HT,40.0,0.2,10,20,169,10000,,yes,0.035,0.9111475905555232
8555,0.6093365389775414,1.5330982137160276,0.9237616747384862,"Horvitz-Thompson(recency=40.0,delta=0.20)",HT,40.0,0.2,10,20,169,10000,,yes,0.035,0.9111475905555232
8556,0.4988435897384413,1.0088912345505519,0.5100476448121105,"Horvitz-Thompson(recency=40.0,delta=0.20)",HT,40.0,0.2,10,20,169,10000,,yes,0.035,0.9111475905555232
8557,0.5836901165726054,1.1579999402799817,0.5743098237073763,"Horvitz-Thompson(recency=40.0,delta=0.20)",HT,40.0,0.2,10,20,169,10000,,yes,0.035,0.9111475905555232
8558,0.43829394392364385,1.2468685873420078,0.8085746434183639,"Horvitz-Thompson(recency=40.0,delta=0.20)",HT,40.0,0.2,10,20,169,10000,,yes,0.035,0.9111475905555232
8559,0.5881858008618404,1.0796129440953106,0.49142714323347025,"Horvitz-Thompson(recency=40.0,delta=0.20)",HT,40.0,0.2,10,20,169,10000,,yes,0.035,0.9111475905555232
8560,0.6017594730369552,1.186439068097115,0.5846795950601599,"Horvitz-Thompson(recency=40.0,delta=0.20)",HT,40.0,0.2,10,20,169,10000,,yes,0.035,0.9111475905555232
8561,0.5760886656541298,0.9217688170826546,0.3456801514285248,"Horvitz-Thompson(recency=40.0,delta=0.20)",HT,40.0,0.2,10,20,169,10000,,yes,0.035,0.9111475905555232
8562,0.5693760866170171,1.382923584631464,0.8135474980144469,"Horvitz-Thompson(recency=40.0,delta=0.20)",HT,40.0,0.2,10,20,169,10000,,yes,0.035,0.9111475905555232
8563,0.5397977098602367,1.0761477384801619,0.5363500286199252,"Horvitz-Thompson(recency=40.0,delta=0.20)",HT,40.0,0.2,10,20,169,10000,,yes,0.035,0.9111475905555232
8564,0.4818290659708012,1.1470300900725567,0.6652010241017555,"Horvitz-Thompson(recency=40.0,delta=0.20)",HT,40.0,0.2,10,20,169,10000,,yes,0.035,0.9111475905555232
8565,0.48052235064245746,1.243732511089142,0.7632101604466845,"Horvitz-Thompson(recency=40.0,delta=0.20)",HT,40.0,0.2,10,20,169,10000,,yes,0.035,0.9111475905555232
8566,0.5311139994827716,1.1060719951671636,0.574957995684392,"Horvitz-Thompson(recency=40.0,delta=0.20)",HT,40.0,0.2,10,20,169,10000,,yes,0.035,0.9111475905555232
8567,0.600351285814628,1.0800327326385748,0.47968144682394676,"Horvitz-Thompson(recency=40.0,delta=0.20)",HT,40.0,0.2,10,20,169,10000,,yes,0.035,0.9111475905555232
8568,0.7303158433202155,1.0583018797450647,0.32798603642484925,"Horvitz-Thompson(recency=40.0,delta=0.20)",HT,40.0,0.2,10,20,169,10000,,yes,0.035,0.9111475905555232
8569,0.5456018511425528,1.3475346470863296,0.8019327959437769,"Horvitz-Thompson(recency=40.0,delta=0.20)",HT,40.0,0.2,10,20,169,10000,,yes,0.035,0.9111475905555232
8570,0.5493659086680196,1.3827996694670428,0.8334337607990232,"Horvitz-Thompson(recency=40.0,delta=0.20)",HT,40.0,0.2,10,20,169,10000,,yes,0.035,0.9111475905555232
8571,0.4734985812494587,1.170814867047642,0.6973162857981832,"Horvitz-Thompson(recency=40.0,delta=0.20)",HT,40.0,0.2,10,20,169,10000,,yes,0.035,0.9111475905555232
8572,0.6528861487294558,1.0838796021963817,0.43099345346692586,"Horvitz-Thompson(recency=40.0,delta=0.20)",HT,40.0,0.2,10,20,169,10000,,yes,0.035,0.9111475905555232
8573,0.5797209769950524,1.0604926863513342,0.4807717093562818,"Horvitz-Thompson(recency=40.0,delta=0.20)",HT,40.0,0.2,10,20,169,10000,,yes,0.035,0.9111475905555232
8574,0.5141130108981078,0.869227072002093,0.35511406110398525,"Horvitz-Thompson(recency=40.0,delta=0.20)",HT,40.0,0.2,10,20,169,10000,,yes,0.035,0.9111475905555232
8575,0.45846335639206287,1.0405875261796484,0.5821241697875856,"Horvitz-Thompson(recency=40.0,delta=0.20)",HT,40.0,0.2,10,20,169,10000,,yes,0.035,0.9111475905555232
8576,0.5856748858002865,1.342835942601257,0.7571610568009706,"Horvitz-Thompson(recency=40.0,delta=0.20)",HT,40.0,0.2,10,20,169,10000,,yes,0.035,0.9111475905555232
8577,0.5267216559973579,1.0548774980203202,0.5281558420229623,"Horvitz-Thompson(recency=40.0,delta=0.20)",HT,40.0,0.2,10,20,169,10000,,yes,0.035,0.9111475905555232
8578,0.5665955155219121,1.1580969541393913,0.5915014386174792,"Horvitz-Thompson(recency=40.0,delta=0.20)",HT,40.0,0.2,10,20,169,10000,,yes,0.035,0.9111475905555232
8579,0.5855999646099754,0.9811715817688312,0.3955716171588558,"Horvitz-Thompson(recency=40.0,delta=0.20)",HT,40.0,0.2,10,20,169,10000,,yes,0.035,0.9111475905555232
8580,0.5864757979684655,0.9663695323476458,0.3798937343791803,"Horvitz-Thompson(recency=40.0,delta=0.20)",HT,40.0,0.2,10,20,169,10000,,yes,0.035,0.9111475905555232
8581,0.5384033048445647,0.9933851433526667,0.45498183850810203,"Horvitz-Thompson(recency=40.0,delta=0.20)",HT,40.0,0.2,10,20,169,10000,,yes,0.035,0.9111475905555232
8582,0.3914819563917419,1.0855988085574777,0.6941168521657358,"Horvitz-Thompson(recency=40.0,delta=0.20)",HT,40.0,0.2,10,20,169,10000,,yes,0.035,0.9111475905555232
8583,0.5096305576105203,1.1102076929042648,0.6005771352937445,"Horvitz-Thompson(recency=40.0,delta=0.20)",HT,40.0,0.2,10,20,169,10000,,yes,0.035,0.9111475905555232
8584,0.43096583163021823,1.3266468499640058,0.8956810183337875,"Horvitz-Thompson(recency=40.0,delta=0.20)",HT,40.0,0.2,10,20,169,10000,,yes,0.035,0.9111475905555232
8585,0.5651859312106138,0.9287122275588106,0.3635262963481968,"Horvitz-Thompson(recency=40.0,delta=0.20)",HT,40.0,0.2,10,20,169,10000,,yes,0.035,0.9111475905555232
8586,0.6059943060396362,1.201715537127703,0.5957212310880668,"Horvitz-Thompson(recency=40.0,delta=0.20)",HT,40.0,0.2,10,20,169,10000,,yes,0.035,0.9111475905555232
8587,0.4548185749297939,1.428516905981244,0.97369833105145,"Horvitz-Thompson(recency=40.0,delta=0.20)",HT,40.0,0.2,10,20,169,10000,,yes,0.035,0.9111475905555232
8588,0.387506497535103,1.260335120769385,0.8728286232342819,"Horvitz-Thompson(recency=40.0,delta=0.20)",HT,40.0,0.2,10,20,169,10000,,yes,0.035,0.9111475905555232
8589,0.43303722795554805,1.3326841420367812,0.8996469140812331,"Horvitz-Thompson(recency=40.0,delta=0.20)",HT,40.0,0.2,10,20,169,10000,,yes,0.035,0.9111475905555232
8590,0.5864684484146319,1.0127091830745782,0.4262407346599464,"Horvitz-Thompson(recency=40.0,delta=0.20)",HT,40.0,0.2,10,20,169,10000,,yes,0.035,0.9111475905555232
8591,0.4756389324409571,1.5620451556789636,1.0864062232380065,"Horvitz-Thompson(recency=40.0,delta=0.20)",HT,40.0,0.2,10,20,169,10000,,yes,0.035,0.9111475905555232
8592,0.6312584698375332,0.9360964993446218,0.3048380295070886,"Horvitz-Thompson(recency=40.0,delta=0.20)",HT,40.0,0.2,10,20,169,10000,,yes,0.035,0.9111475905555232
8593,0.5638816199758805,1.3206161070364082,0.7567344870605277,"Horvitz-Thompson(recency=40.0,delta=0.20)",HT,40.0,0.2,10,20,169,10000,,yes,0.035,0.9111475905555232
8594,0.447401854758186,1.1692963603640343,0.7218945056058483,"Horvitz-Thompson(recency=40.0,delta=0.20)",HT,40.0,0.2,10,20,169,10000,,yes,0.035,0.9111475905555232
8595,0.49950711479674875,1.242943245296667,0.7434361304999184,"Horvitz-Thompson(recency=40.0,delta=0.20)",HT,40.0,0.2,10,20,169,10000,,yes,0.035,0.9111475905555232
8596,0.6268924629528717,1.0921589990998886,0.46526653614701685,"Horvitz-Thompson(recency=40.0,delta=0.20)",HT,40.0,0.2,10,20,169,10000,,yes,0.035,0.9111475905555232
8597,0.4568674524092996,1.1561087605495293,0.6992413081402297,"Horvitz-Thompson(recency=40.0,delta=0.20)",HT,40.0,0.2,10,20,169,10000,,yes,0.035,0.9111475905555232
8598,0.5954333298727944,1.0330389295703981,0.4376055996976037,"Horvitz-Thompson(recency=40.0,delta=0.20)",HT,40.0,0.2,10,20,169,10000,,yes,0.035,0.9111475905555232
8599,0.4840877366581859,1.1478218236663518,0.6637340870081658,"Horvitz-Thompson(recency=40.0,delta=0.20)",HT,40.0,0.2,10,20,169,10000,,yes,0.035,0.9111475905555232
8600,0.38062393194795585,1.107364321166219,0.7267403892182631,"Horvitz-Thompson(recency=40.0,delta=0.20)",HT,40.0,0.2,10,20,169,10000,,yes,0.035,0.9111475905555232
8601,0.5082232279664123,1.2769978590521724,0.7687746310857602,"Horvitz-Thompson(recency=40.0,delta=0.20)",HT,40.0,0.2,10,20,169,10000,,yes,0.035,0.9111475905555232
8602,0.455612309591658,1.189969527855761,0.7343572182641029,"Horvitz-Thompson(recency=40.0,delta=0.20)",HT,40.0,0.2,10,20,169,10000,,yes,0.035,0.9111475905555232
8603,0.44681311029820414,1.0696219577738484,0.6228088474756442,"Horvitz-Thompson(recency=40.0,delta=0.20)",HT,40.0,0.2,10,20,169,10000,,yes,0.035,0.9111475905555232
8604,0.4959775181606326,1.2240345061675553,0.7280569880069226,"Horvitz-Thompson(recency=40.0,delta=0.20)",HT,40.0,0.2,10,20,169,10000,,yes,0.035,0.9111475905555232
8605,0.6080308465631219,0.8316139873187861,0.2235831407556642,"Horvitz-Thompson(recency=40.0,delta=0.20)",HT,40.0,0.2,10,20,169,10000,,yes,0.035,0.9111475905555232
8606,0.48741677771176806,1.0226316214672608,0.5352148437554928,"Horvitz-Thompson(recency=40.0,delta=0.20)",HT,40.0,0.2,10,20,169,10000,,yes,0.035,0.9111475905555232
8607,0.5038972254620339,1.279459282512161,0.775562057050127,"Horvitz-Thompson(recency=40.0,delta=0.20)",HT,40.0,0.2,10,20,169,10000,,yes,0.035,0.9111475905555232
8608,0.5603490235890171,1.3068107127504034,0.7464616891613863,"Horvitz-Thompson(recency=40.0,delta=0.20)",HT,40.0,0.2,10,20,169,10000,,yes,0.035,0.9111475905555232
8609,0.5189217093831042,1.2361425890136846,0.7172208796305803,"Horvitz-Thompson(recency=40.0,delta=0.20)",HT,40.0,0.2,10,20,169,10000,,yes,0.035,0.9111475905555232
8610,0.4542993098976044,1.2682518880391707,0.8139525781415662,"Horvitz-Thompson(recency=40.0,delta=0.20)",HT,40.0,0.2,10,20,169,10000,,yes,0.035,0.9111475905555232
8611,0.46785312788387245,1.5183686243822634,1.050515496498391,"Horvitz-Thompson(recency=40.0,delta=0.20)",HT,40.0,0.2,10,20,169,10000,,yes,0.035,0.9111475905555232
8612,0.5801507346312454,1.2124950094474032,0.6323442748161577,"Horvitz-Thompson(recency=40.0,delta=0.20)",HT,40.0,0.2,10,20,169,10000,,yes,0.035,0.9111475905555232
8613,0.5831941883056871,1.0821826217959443,0.4989884334902571,"Horvitz-Thompson(recency=40.0,delta=0.20)",HT,40.0,0.2,10,20,169,10000,,yes,0.035,0.9111475905555232
8614,0.5148470504166976,1.1239109119859692,0.6090638615692715,"Horvitz-Thompson(recency=40.0,delta=0.20)",HT,40.0,0.2,10,20,169,10000,,yes,0.035,0.9111475905555232
8615,0.5670039981409682,1.2237294787575586,0.6567254806165903,"Horvitz-Thompson(recency=40.0,delta=0.20)",HT,40.0,0.2,10,20,169,10000,,yes,0.035,0.9111475905555232
8616,0.5399166772438466,1.121234915458355,0.5813182382145083,"Horvitz-Thompson(recency=40.0,delta=0.20)",HT,40.0,0.2,10,20,169,10000,,yes,0.035,0.9111475905555232
8617,0.5114823605271515,1.1681807519790293,0.6566983914518778,"Horvitz-Thompson(recency=40.0,delta=0.20)",HT,40.0,0.2,10,20,169,10000,,yes,0.035,0.9111475905555232
8618,0.40676219268584674,1.2918295122618277,0.8850673195759811,"Horvitz-Thompson(recency=40.0,delta=0.20)",HT,40.0,0.2,10,20,169,10000,,yes,0.035,0.9111475905555232
8619,0.5845675492344206,1.1354397247813182,0.5508721755468976,"Horvitz-Thompson(recency=40.0,delta=0.20)",HT,40.0,0.2,10,20,169,10000,,yes,0.035,0.9111475905555232
8620,0.49219606684567085,1.0186295166041923,0.5264334497585215,"Horvitz-Thompson(recency=40.0,delta=0.20)",HT,40.0,0.2,10,20,169,10000,,yes,0.035,0.9111475905555232
8621,0.626020580662175,1.2652498953222593,0.6392293146600843,"Horvitz-Thompson(recency=40.0,delta=0.20)",HT,40.0,0.2,10,20,169,10000,,yes,0.035,0.9111475905555232
8622,0.5218955455588454,1.0886925874286115,0.5667970418697661,"Horvitz-Thompson(recency=40.0,delta=0.20)",HT,40.0,0.2,10,20,169,10000,,yes,0.035,0.9111475905555232
8623,0.4246840652484497,1.1833610961980572,0.7586770309496075,"Horvitz-Thompson(recency=40.0,delta=0.20)",HT,40.0,0.2,10,20,169,10000,,yes,0.035,0.9111475905555232
8624,0.48141456894812845,1.1464781719377366,0.6650636029896082,"Horvitz-Thompson(recency=40.0,delta=0.20)",HT,40.0,0.2,10,20,169,10000,,yes,0.035,0.9111475905555232
8625,0.5712623890345044,0.9430962535822492,0.3718338645477448,"Horvitz-Thompson(recency=40.0,delta=0.20)",HT,40.0,0.2,10,20,169,10000,,yes,0.035,0.9111475905555232
8626,0.496419808873769,0.8817631850780124,0.3853433762042434,"Horvitz-Thompson(recency=40.0,delta=0.20)",HT,40.0,0.2,10,20,169,10000,,yes,0.035,0.9111475905555232
8627,0.4516020323463542,1.3540804528665566,0.9024784205202024,"Horvitz-Thompson(recency=40.0,delta=0.20)",HT,40.0,0.2,10,20,169,10000,,yes,0.035,0.9111475905555232
8628,0.4593195178540905,1.1688608798337177,0.7095413619796271,"Horvitz-Thompson(recency=40.0,delta=0.20)",HT,40.0,0.2,10,20,169,10000,,yes,0.035,0.9111475905555232
8629,0.45165845911364205,1.116556843221079,0.664898384107437,"Horvitz-Thompson(recency=40.0,delta=0.20)",HT,40.0,0.2,10,20,169,10000,,yes,0.035,0.9111475905555232
8630,0.5149183572709104,1.371373365296647,0.8564550080257367,"Horvitz-Thompson(recency=40.0,delta=0.20)",HT,40.0,0.2,10,20,169,10000,,yes,0.035,0.9111475905555232
8631,0.46367392771233323,1.2670415542746514,0.8033676265623182,"Horvitz-Thompson(recency=40.0,delta=0.20)",HT,40.0,0.2,10,20,169,10000,,yes,0.035,0.9111475905555232
8632,0.5508441599153112,1.074925831626558,0.5240816717112468,"Horvitz-Thompson(recency=40.0,delta=0.20)",HT,40.0,0.2,10,20,169,10000,,yes,0.035,0.9111475905555232
8633,0.5286987148339395,1.204869738082024,0.6761710232480844,"Horvitz-Thompson(recency=40.0,delta=0.20)",HT,40.0,0.2,10,20,169,10000,,yes,0.035,0.9111475905555232
8634,0.560934010856238,1.1110138826168698,0.5500798717606319,"Horvitz-Thompson(recency=40.0,delta=0.20)",HT,40.0,0.2,10,20,169,10000,,yes,0.035,0.9111475905555232
8635,0.5565602342421904,0.9624081574282708,0.40584792318608043,"Horvitz-Thompson(recency=40.0,delta=0.20)",HT,40.0,0.2,10,20,169,10000,,yes,0.035,0.9111475905555232
8636,0.42976948000901954,1.2043921646142157,0.7746226846051962,"Horvitz-Thompson(recency=40.0,delta=0.20)",HT,40.0,0.2,10,20,169,10000,,yes,0.035,0.9111475905555232
8637,0.47577307070960234,1.1466276474696775,0.6708545767600751,"Horvitz-Thompson(recency=40.0,delta=0.20)",HT,40.0,0.2,10,20,169,10000,,yes,0.035,0.9111475905555232
8638,0.4522468773833802,1.182609360998296,0.7303624836149157,"Horvitz-Thompson(recency=40.0,delta=0.20)",HT,40.0,0.2,10,20,169,10000,,yes,0.035,0.9111475905555232
8639,0.5648062881557774,0.958151267031126,0.3933449788753486,"Horvitz-Thompson(recency=40.0,delta=0.20)",HT,40.0,0.2,10,20,169,10000,,yes,0.035,0.9111475905555232
8640,0.4601012936828748,1.1753136268520923,0.7152123331692175,"Horvitz-Thompson(recency=40.0,delta=0.20)",HT,40.0,0.2,10,20,169,10000,,yes,0.035,0.9111475905555232
8641,0.6149166090415139,1.0265695775844244,0.41165296854291045,"Horvitz-Thompson(recency=40.0,delta=0.20)",HT,40.0,0.2,10,20,169,10000,,yes,0.035,0.9111475905555232
8642,0.4405324344620906,1.222245871132277,0.7817134366701863,"Horvitz-Thompson(recency=40.0,delta=0.20)",HT,40.0,0.2,10,20,169,10000,,yes,0.035,0.9111475905555232
8643,0.4767458372408793,1.1213297693521125,0.6445839321112332,"Horvitz-Thompson(recency=40.0,delta=0.20)",HT,40.0,0.2,10,20,169,10000,,yes,0.035,0.9111475905555232
8644,0.5135900803013583,1.1074886875612981,0.5938986072599398,"Horvitz-Thompson(recency=40.0,delta=0.20)",HT,40.0,0.2,10,20,169,10000,,yes,0.035,0.9111475905555232
8645,0.5556499779839996,1.1837937650918529,0.6281437871078532,"Horvitz-Thompson(recency=40.0,delta=0.20)",HT,40.0,0.2,10,20,169,10000,,yes,0.035,0.9111475905555232
8646,0.5147023398484772,1.0577721280870578,0.5430697882385805,"Horvitz-Thompson(recency=40.0,delta=0.20)",HT,40.0,0.2,10,20,169,10000,,yes,0.035,0.9111475905555232
8647,0.5829721158986887,1.0289235246996575,0.44595140880096884,"Horvitz-Thompson(recency=40.0,delta=0.20)",HT,40.0,0.2,10,20,169,10000,,yes,0.035,0.9111475905555232
8648,0.4804634330539136,1.0794281490177233,0.5989647159638097,"Horvitz-Thompson(recency=40.0,delta=0.20)",HT,40.0,0.2,10,20,169,10000,,yes,0.035,0.9111475905555232
8649,0.5625024534700982,0.975282465677646,0.4127800122075478,"Horvitz-Thompson(recency=40.0,delta=0.20)",HT,40.0,0.2,10,20,169,10000,,yes,0.035,0.9111475905555232
8650,0.4321920633040188,1.0175092879106091,0.5853172246065903,"Horvitz-Thompson(recency=40.0,delta=0.20)",HT,40.0,0.2,10,20,169,10000,,yes,0.035,0.9111475905555232
8651,0.5958433654146832,1.118946994475995,0.5231036290613119,"Horvitz-Thompson(recency=40.0,delta=0.20)",HT,40.0,0.2,10,20,169,10000,,yes,0.035,0.9111475905555232
8652,0.46196272306600505,1.2951830940895375,0.8332203710235324,"Horvitz-Thompson(recency=40.0,delta=0.20)",HT,40.0,0.2,10,20,169,10000,,yes,0.035,0.9111475905555232
8653,0.4191293756705095,0.9903327076272506,0.5712033319567411,"Horvitz-Thompson(recency=40.0,delta=0.20)",HT,40.0,0.2,10,20,169,10000,,yes,0.035,0.9111475905555232
8654,0.42261001103136675,1.3057920629260364,0.8831820518946697,"Horvitz-Thompson(recency=40.0,delta=0.20)",HT,40.0,0.2,10,20,169,10000,,yes,0.035,0.9111475905555232
8655,0.47581897991804956,1.0280620317461857,0.5522430518281362,"Horvitz-Thompson(recency=40.0,delta=0.20)",HT,40.0,0.2,10,20,169,10000,,yes,0.035,0.9111475905555232
8656,0.554436399373717,1.0864264348566868,0.5319900354829697,"Horvitz-Thompson(recency=40.0,delta=0.20)",HT,40.0,0.2,10,20,169,10000,,yes,0.035,0.9111475905555232
8657,0.46931638313745744,1.2389954341668312,0.7696790510293738,"Horvitz-Thompson(recency=40.0,delta=0.20)",HT,40.0,0.2,10,20,169,10000,,yes,0.035,0.9111475905555232
8658,0.5639626995367514,1.2795386161535538,0.7155759166168024,"Horvitz-Thompson(recency=40.0,delta=0.20)",HT,40.0,0.2,10,20,169,10000,,yes,0.035,0.9111475905555232
8659,0.4574551798050707,1.0197392326673087,0.5622840528622379,"Horvitz-Thompson(recency=40.0,delta=0.20)",HT,40.0,0.2,10,20,169,10000,,yes,0.035,0.9111475905555232
8660,0.5772438476096006,1.1935053784586842,0.6162615308490836,"Horvitz-Thompson(recency=40.0,delta=0.20)",HT,40.0,0.2,10,20,169,10000,,yes,0.035,0.9111475905555232
8661,0.5374319053741775,0.9971777023657893,0.4597457969916118,"Horvitz-Thompson(recency=40.0,delta=0.20)",HT,40.0,0.2,10,20,169,10000,,yes,0.035,0.9111475905555232
8662,0.499445196087038,0.9360188036594267,0.43657360757238867,"Horvitz-Thompson(recency=40.0,delta=0.20)",HT,40.0,0.2,10,20,169,10000,,yes,0.035,0.9111475905555232
8663,0.4817275822513838,1.0747069587857252,0.5929793765343414,"Horvitz-Thompson(recency=40.0,delta=0.20)",HT,40.0,0.2,10,20,169,10000,,yes,0.035,0.9111475905555232
8664,0.549810401167064,0.9846131925949999,0.4348027914279359,"Horvitz-Thompson(recency=40.0,delta=0.20)",HT,40.0,0.2,10,20,169,10000,,yes,0.035,0.9111475905555232
8665,0.4748421911476137,1.1165724307934355,0.6417302396458218,"Horvitz-Thompson(recency=40.0,delta=0.20)",HT,40.0,0.2,10,20,169,10000,,yes,0.035,0.9111475905555232
8666,0.6014045345109966,0.9462416780626101,0.34483714355161343,"Horvitz-Thompson(recency=40.0,delta=0.20)",HT,40.0,0.2,10,20,169,10000,,yes,0.035,0.9111475905555232
8667,0.3515809819907376,1.1834528090179115,0.8318718270271739,"Horvitz-Thompson(recency=40.0,delta=0.20)",HT,40.0,0.2,10,20,169,10000,,yes,0.035,0.9111475905555232
8668,0.4755658987894225,1.1708626217019937,0.6952967229125713,"Horvitz-Thompson(recency=40.0,delta=0.20)",HT,40.0,0.2,10,20,169,10000,,yes,0.035,0.9111475905555232
8669,0.43089157953774465,1.0765094954219179,0.6456179158841733,"Horvitz-Thompson(recency=40.0,delta=0.20)",HT,40.0,0.2,10,20,169,10000,,yes,0.035,0.9111475905555232
8670,0.44347473599899206,1.2252216813449746,0.7817469453459824,"Horvitz-Thompson(recency=40.0,delta=0.20)",HT,40.0,0.2,10,20,169,10000,,yes,0.035,0.9111475905555232
8671,0.5626312717864173,1.0374273113392698,0.47479603955285254,"Horvitz-Thompson(recency=40.0,delta=0.20)",HT,40.0,0.2,10,20,169,10000,,yes,0.035,0.9111475905555232
8672,0.5011671689721614,1.383440344077965,0.8822731751058036,"Horvitz-Thompson(recency=40.0,delta=0.20)",HT,40.0,0.2,10,20,169,10000,,yes,0.035,0.9111475905555232
8673,0.5297624740974395,1.2759159348089664,0.7461534607115269,"Horvitz-Thompson(recency=40.0,delta=0.20)",HT,40.0,0.2,10,20,169,10000,,yes,0.035,0.9111475905555232
8674,0.568892896514795,1.0703929170281674,0.5015000205133724,"Horvitz-Thompson(recency=40.0,delta=0.20)",HT,40.0,0.2,10,20,169,10000,,yes,0.035,0.9111475905555232
8675,0.5461039824073813,1.467889713180044,0.9217857307726626,"Horvitz-Thompson(recency=40.0,delta=0.20)",HT,40.0,0.2,10,20,169,10000,,yes,0.035,0.9111475905555232
8676,0.47506928746476934,1.0945298197841609,0.6194605323193916,"Horvitz-Thompson(recency=40.0,delta=0.20)",HT,40.0,0.2,10,20,169,10000,,yes,0.035,0.9111475905555232
8677,0.6286459748441204,1.0616345354562977,0.4329885606121773,"Horvitz-Thompson(recency=40.0,delta=0.20)",HT,40.0,0.2,10,20,169,10000,,yes,0.035,0.9111475905555232
8678,0.6698342795723177,0.9063268356248813,0.23649255605256359,"Horvitz-Thompson(recency=40.0,delta=0.20)",HT,40.0,0.2,10,20,169,10000,,yes,0.035,0.9111475905555232
8679,0.4880695416397496,1.0655989217679194,0.5775293801281698,"Horvitz-Thompson(recency=40.0,delta=0.20)",HT,40.0,0.2,10,20,169,10000,,yes,0.035,0.9111475905555232
8680,0.5475676163906971,1.049017278749751,0.5014496623590539,"Horvitz-Thompson(recency=40.0,delta=0.20)",HT,40.0,0.2,10,20,169,10000,,yes,0.035,0.9111475905555232
8681,0.5586744006476637,1.088109866920246,0.5294354662725823,"Horvitz-Thompson(recency=40.0,delta=0.20)",HT,40.0,0.2,10,20,169,10000,,yes,0.035,0.9111475905555232
8682,0.4498089637487699,0.997889488376374,0.5480805246276041,"Horvitz-Thompson(recency=40.0,delta=0.20)",HT,40.0,0.2,10,20,169,10000,,yes,0.035,0.9111475905555232
8683,0.5692430994710638,0.9950046626367358,0.42576156316567204,"Horvitz-Thompson(recency=40.0,delta=0.20)",HT,40.0,0.2,10,20,169,10000,,yes,0.035,0.9111475905555232
8684,0.5202078559126226,1.2475151282957173,0.7273072723830947,"Horvitz-Thompson(recency=40.0,delta=0.20)",HT,40.0,0.2,10,20,169,10000,,yes,0.035,0.9111475905555232
8685,0.5041057900769077,1.3613028767000008,0.8571970866230931,"Horvitz-Thompson(recency=40.0,delta=0.20)",HT,40.0,0.2,10,20,169,10000,,yes,0.035,0.9111475905555232
8686,0.4869278266829172,1.0932130530356308,0.6062852263527136,"Horvitz-Thompson(recency=40.0,delta=0.20)",HT,40.0,0.2,10,20,169,10000,,yes,0.035,0.9111475905555232
8687,0.4450559170568549,1.396435805870989,0.951379888814134,"Horvitz-Thompson(recency=40.0,delta=0.20)",HT,40.0,0.2,10,20,169,10000,,yes,0.035,0.9111475905555232
8688,0.5947998874737981,1.357812206010732,0.763012318536934,"Horvitz-Thompson(recency=40.0,delta=0.20)",HT,40.0,0.2,10,20,169,10000,,yes,0.035,0.9111475905555232
8689,0.47053458677293497,1.3906774176770222,0.9201428309040873,"Horvitz-Thompson(recency=40.0,delta=0.20)",HT,40.0,0.2,10,20,169,10000,,yes,0.035,0.9111475905555232
8690,0.5108618629123238,1.2895138457369162,0.7786519828245924,"Horvitz-Thompson(recency=40.0,delta=0.20)",HT,40.0,0.2,10,20,169,10000,,yes,0.035,0.9111475905555232
8691,0.6169683946215716,1.0512137715011807,0.43424537687960907,"Horvitz-Thompson(recency=40.0,delta=0.20)",HT,40.0,0.2,10,20,169,10000,,yes,0.035,0.9111475905555232
8692,0.6733358841656513,0.9772440275365594,0.3039081433709081,"Horvitz-Thompson(recency=40.0,delta=0.20)",HT,40.0,0.2,10,20,169,10000,,yes,0.035,0.9111475905555232
8693,0.4849273925398254,1.2930215400386316,0.8080941474988061,"Horvitz-Thompson(recency=40.0,delta=0.20)",HT,40.0,0.2,10,20,169,10000,,yes,0.035,0.9111475905555232
8694,0.4488384050098369,1.3510352287196785,0.9021968237098417,"Horvitz-Thompson(recency=40.0,delta=0.20)",HT,40.0,0.2,10,20,169,10000,,yes,0.035,0.9111475905555232
8695,0.5925181802508295,1.070969638470694,0.47845145821986446,"Horvitz-Thompson(recency=40.0,delta=0.20)",HT,40.0,0.2,10,20,169,10000,,yes,0.035,0.9111475905555232
8696,0.5262132749726391,1.108949523884262,0.5827362489116228,"Horvitz-Thompson(recency=40.0,delta=0.20)",HT,40.0,0.2,10,20,169,10000,,yes,0.035,0.9111475905555232
8697,0.5389345410894812,1.1461271861625295,0.6071926450730483,"Horvitz-Thompson(recency=40.0,delta=0.20)",HT,40.0,0.2,10,20,169,10000,,yes,0.035,0.9111475905555232
8698,0.5138642585224757,1.0433864392709011,0.5295221807484254,"Horvitz-Thompson(recency=40.0,delta=0.20)",HT,40.0,0.2,10,20,169,10000,,yes,0.035,0.9111475905555232
8699,0.4697947882652747,1.0915314475918922,0.6217366593266176,"Horvitz-Thompson(recency=40.0,delta=0.20)",HT,40.0,0.2,10,20,169,10000,,yes,0.035,0.9111475905555232
8700,0.5639323731171643,1.106655555467455,0.5427231823502908,"Horvitz-Thompson(recency=40.0,delta=0.20)",HT,40.0,0.2,10,20,169,10000,,yes,0.035,0.9111475905555232
8701,0.5773098469226217,1.0650204801445335,0.4877106332219119,"Horvitz-Thompson(recency=40.0,delta=0.20)",HT,40.0,0.2,10,20,169,10000,,yes,0.035,0.9111475905555232
8702,0.6203396516949627,0.8499220297201182,0.22958237802515546,"Horvitz-Thompson(recency=40.0,delta=0.20)",HT,40.0,0.2,10,20,169,10000,,yes,0.035,0.9111475905555232
8703,0.47277174940945627,1.2448069798553036,0.7720352304458473,"Horvitz-Thompson(recency=40.0,delta=0.20)",HT,40.0,0.2,10,20,169,10000,,yes,0.035,0.9111475905555232
8704,0.5355861231702805,1.217044208604273,0.6814580854339924,"Horvitz-Thompson(recency=40.0,delta=0.20)",HT,40.0,0.2,10,20,169,10000,,yes,0.035,0.9111475905555232
8705,0.49211213042843743,1.1116096038813015,0.619497473452864,"Horvitz-Thompson(recency=40.0,delta=0.20)",HT,40.0,0.2,10,20,169,10000,,yes,0.035,0.9111475905555232
8706,0.507774655511924,1.1154220814113989,0.6076474258994748,"Horvitz-Thompson(recency=40.0,delta=0.20)",HT,40.0,0.2,10,20,169,10000,,yes,0.035,0.9111475905555232
8707,0.46667007152177076,1.1317246913075734,0.6650546197858026,"Horvitz-Thompson(recency=40.0,delta=0.20)",HT,40.0,0.2,10,20,169,10000,,yes,0.035,0.9111475905555232
8708,0.6248476366156883,0.9713731710588404,0.34652553444315204,"Horvitz-Thompson(recency=40.0,delta=0.20)",HT,40.0,0.2,10,20,169,10000,,yes,0.035,0.9111475905555232
8709,0.5255223253483289,1.3328317398158254,0.8073094144674965,"Horvitz-Thompson(recency=40.0,delta=0.20)",HT,40.0,0.2,10,20,169,10000,,yes,0.035,0.9111475905555232
8710,0.6451825940816891,1.2013612815209227,0.5561786874392336,"Horvitz-Thompson(recency=40.0,delta=0.20)",HT,40.0,0.2,10,20,169,10000,,yes,0.035,0.9111475905555232
8711,0.5296401181146262,1.0793887905816115,0.5497486724669853,"Horvitz-Thompson(recency=40.0,delta=0.20)",HT,40.0,0.2,10,20,169,10000,,yes,0.035,0.9111475905555232
8712,0.4247327010572819,1.1658163277511702,0.7410836266938883,"Horvitz-Thompson(recency=40.0,delta=0.20)",HT,40.0,0.2,10,20,169,10000,,yes,0.035,0.9111475905555232
8713,0.5024642632557993,1.2849030603705343,0.782438797114735,"Horvitz-Thompson(recency=40.0,delta=0.20)",HT,40.0,0.2,10,20,169,10000,,yes,0.035,0.9111475905555232
8714,0.5359117497923999,1.1384696196445856,0.6025578698521857,"Horvitz-Thompson(recency=40.0,delta=0.20)",HT,40.0,0.2,10,20,169,10000,,yes,0.035,0.9111475905555232
8715,0.4183619124154544,1.2505421726649644,0.83218026024951,"Horvitz-Thompson(recency=40.0,delta=0.20)",HT,40.0,0.2,10,20,169,10000,,yes,0.035,0.9111475905555232
8716,0.4985830381558239,1.3041777089960875,0.8055946708402637,"Horvitz-Thompson(recency=40.0,delta=0.20)",HT,40.0,0.2,10,20,169,10000,,yes,0.035,0.9111475905555232
8717,0.5490005237609866,1.208631102796601,0.6596305790356144,"Horvitz-Thompson(recency=40.0,delta=0.20)",HT,40.0,0.2,10,20,169,10000,,yes,0.035,0.9111475905555232
8718,0.44587501729983237,1.0790767360649265,0.6332017187650941,"Horvitz-Thompson(recency=40.0,delta=0.20)",HT,40.0,0.2,10,20,169,10000,,yes,0.035,0.9111475905555232
8719,0.46246541041566486,1.288624290967839,0.826158880552174,"Horvitz-Thompson(recency=40.0,delta=0.20)",HT,40.0,0.2,10,20,169,10000,,yes,0.035,0.9111475905555232
8720,0.5467473474008439,1.365132128675011,0.8183847812741673,"Horvitz-Thompson(recency=40.0,delta=0.20)",HT,40.0,0.2,10,20,169,10000,,yes,0.035,0.9111475905555232
8721,0.5415254603714837,0.9540019015225859,0.41247644115110216,"Horvitz-Thompson(recency=40.0,delta=0.20)",HT,40.0,0.2,10,20,169,10000,,yes,0.035,0.9111475905555232
8722,0.5394338766627773,1.0732443165539682,0.5338104398911909,"Horvitz-Thompson(recency=40.0,delta=0.20)",HT,40.0,0.2,10,20,169,10000,,yes,0.035,0.9111475905555232
8723,0.4204190851385899,1.3618344713039925,0.9414153861654027,"Horvitz-Thompson(recency=40.0,delta=0.20)",HT,40.0,0.2,10,20,169,10000,,yes,0.035,0.9111475905555232
8724,0.5133287251184925,1.2419971045229312,0.7286683794044387,"Horvitz-Thompson(recency=40.0,delta=0.20)",HT,40.0,0.2,10,20,169,10000,,yes,0.035,0.9111475905555232
8725,0.5103703747493051,1.0911910590279363,0.5808206842786312,"Horvitz-Thompson(recency=40.0,delta=0.20)",HT,40.0,0.2,10,20,169,10000,,yes,0.035,0.9111475905555232
8726,0.5521355363895449,1.235969751354744,0.6838342149651991,"Horvitz-Thompson(recency=40.0,delta=0.20)",HT,40.0,0.2,10,20,169,10000,,yes,0.035,0.9111475905555232
8727,0.5023103085687896,1.2801097332921216,0.7777994247233321,"Horvitz-Thompson(recency=40.0,delta=0.20)",HT,40.0,0.2,10,20,169,10000,,yes,0.035,0.9111475905555232
8728,0.5234904938693387,1.2520761232422235,0.7285856293728848,"Horvitz-Thompson(recency=40.0,delta=0.20)",HT,40.0,0.2,10,20,169,10000,,yes,0.035,0.9111475905555232
8729,0.5211483637225371,1.1209203220298207,0.5997719583072836,"Horvitz-Thompson(recency=40.0,delta=0.20)",HT,40.0,0.2,10,20,169,10000,,yes,0.035,0.9111475905555232
8730,0.47127500344664935,1.1386886346703262,0.6674136312236769,"Horvitz-Thompson(recency=40.0,delta=0.20)",HT,40.0,0.2,10,20,169,10000,,yes,0.035,0.9111475905555232
8731,0.46892701064127734,1.0681853430113932,0.5992583323701159,"Horvitz-Thompson(recency=40.0,delta=0.20)",HT,40.0,0.2,10,20,169,10000,,yes,0.035,0.9111475905555232
8732,0.5450975786861764,1.1450118612376163,0.59991428255144,"Horvitz-Thompson(recency=40.0,delta=0.20)",HT,40.0,0.2,10,20,169,10000,,yes,0.035,0.9111475905555232
8733,0.5268138588330893,1.0185826400737472,0.4917687812406579,"Horvitz-Thompson(recency=40.0,delta=0.20)",HT,40.0,0.2,10,20,169,10000,,yes,0.035,0.9111475905555232
8734,0.5838384488951023,1.0772930399464389,0.4934545910513366,"Horvitz-Thompson(recency=40.0,delta=0.20)",HT,40.0,0.2,10,20,169,10000,,yes,0.035,0.9111475905555232
8735,0.5906711816146618,1.203212492037247,0.6125413104225851,"Horvitz-Thompson(recency=40.0,delta=0.20)",HT,40.0,0.2,10,20,169,10000,,yes,0.035,0.9111475905555232
8736,0.670353316195577,0.9160438187239385,0.24569050252836144,"Horvitz-Thompson(recency=40.0,delta=0.20)",HT,40.0,0.2,10,20,169,10000,,yes,0.035,0.9111475905555232
8737,0.48888517140693305,1.0339758523577187,0.5450906809507856,"Horvitz-Thompson(recency=40.0,delta=0.20)",HT,40.0,0.2,10,20,169,10000,,yes,0.035,0.9111475905555232
8738,0.49189938121246446,0.9923266742606103,0.5004272930481458,"Horvitz-Thompson(recency=40.0,delta=0.20)",HT,40.0,0.2,10,20,169,10000,,yes,0.035,0.9111475905555232
8739,0.4954948744617218,0.9479583382902362,0.45246346382851443,"Horvitz-Thompson(recency=40.0,delta=0.20)",HT,40.0,0.2,10,20,169,10000,,yes,0.035,0.9111475905555232
8740,0.5589166136684992,1.4552518640076033,0.8963352503391041,"Horvitz-Thompson(recency=40.0,delta=0.20)",HT,40.0,0.2,10,20,169,10000,,yes,0.035,0.9111475905555232
8741,0.46462054673752456,1.0531389746400048,0.5885184279024802,"Horvitz-Thompson(recency=40.0,delta=0.20)",HT,40.0,0.2,10,20,169,10000,,yes,0.035,0.9111475905555232
8742,0.5795612594619334,0.9130784662246927,0.3335172067627593,"Horvitz-Thompson(recency=40.0,delta=0.20)",HT,40.0,0.2,10,20,169,10000,,yes,0.035,0.9111475905555232
8743,0.5974796943131099,1.1305652439584901,0.5330855496453802,"Horvitz-Thompson(recency=40.0,delta=0.20)",HT,40.0,0.2,10,20,169,10000,,yes,0.035,0.9111475905555232
8744,0.634535745030941,1.136691098094033,0.502155353063092,"Horvitz-Thompson(recency=40.0,delta=0.20)",HT,40.0,0.2,10,20,169,10000,,yes,0.035,0.9111475905555232
8745,0.5294408485619321,1.2847238495124864,0.7552830009505543,"Horvitz-Thompson(recency=40.0,delta=0.20)",HT,40.0,0.2,10,20,169,10000,,yes,0.035,0.9111475905555232
8746,0.4887341041570128,1.1090152363892414,0.6202811322322286,"Horvitz-Thompson(recency=40.0,delta=0.20)",HT,40.0,0.2,10,20,169,10000,,yes,0.035,0.9111475905555232
8747,0.5706169795511814,1.3351122405885856,0.7644952610374042,"Horvitz-Thompson(recency=40.0,delta=0.20)",HT,40.0,0.2,10,20,169,10000,,yes,0.035,0.9111475905555232
8748,0.5387726392601022,1.0963611765984906,0.5575885373383884,"Horvitz-Thompson(recency=40.0,delta=0.20)",HT,40.0,0.2,10,20,169,10000,,yes,0.035,0.9111475905555232
8749,0.47665458864106736,1.0380547991880211,0.5614002105469538,"Horvitz-Thompson(recency=40.0,delta=0.20)",HT,40.0,0.2,10,20,169,10000,,yes,0.035,0.9111475905555232
8750,0.4225993525860922,1.1972222254063405,0.7746228728202482,"Horvitz-Thompson(recency=40.0,delta=0.20)",HT,40.0,0.2,10,20,169,10000,,yes,0.035,0.9111475905555232
8751,0.47521264617553205,1.198628811787774,0.7234161656122419,"Horvitz-Thompson(recency=40.0,delta=0.20)",HT,40.0,0.2,10,20,169,10000,,yes,0.035,0.9111475905555232
8752,0.5437513026662486,1.3193561635214364,0.7756048608551878,"Horvitz-Thompson(recency=40.0,delta=0.20)",HT,40.0,0.2,10,20,169,10000,,yes,0.035,0.9111475905555232
8753,0.42431799084844724,1.1342977723313794,0.7099797814829322,"Horvitz-Thompson(recency=40.0,delta=0.20)",HT,40.0,0.2,10,20,169,10000,,yes,0.035,0.9111475905555232
8754,0.5271820220762415,1.4335353845161256,0.9063533624398841,"Horvitz-Thompson(recency=40.0,delta=0.20)",HT,40.0,0.2,10,20,169,10000,,yes,0.035,0.9111475905555232
8755,0.5415796666237677,1.1187174502300883,0.5771377836063206,"Horvitz-Thompson(recency=40.0,delta=0.20)",HT,40.0,0.2,10,20,169,10000,,yes,0.035,0.9111475905555232
8756,0.6263876912616522,1.1046265591242477,0.4782388678625955,"Horvitz-Thompson(recency=40.0,delta=0.20)",HT,40.0,0.2,10,20,169,10000,,yes,0.035,0.9111475905555232
8757,0.5625655091926691,1.2432775518157593,0.6807120426230902,"Horvitz-Thompson(recency=40.0,delta=0.20)",HT,40.0,0.2,10,20,169,10000,,yes,0.035,0.9111475905555232
8758,0.44481236072200186,1.2314364163573726,0.7866240556353707,"Horvitz-Thompson(recency=40.0,delta=0.20)",HT,40.0,0.2,10,20,169,10000,,yes,0.035,0.9111475905555232
8759,0.49055551096080097,1.229945455686022,0.7393899447252211,"Horvitz-Thompson(recency=40.0,delta=0.20)",HT,40.0,0.2,10,20,169,10000,,yes,0.035,0.9111475905555232
8760,0.514464612058029,1.1782785742017714,0.6638139621437424,"Horvitz-Thompson(recency=40.0,delta=0.20)",HT,40.0,0.2,10,20,169,10000,,yes,0.035,0.9111475905555232
8761,0.5768510336699816,0.9942334944690107,0.4173824607990291,"Horvitz-Thompson(recency=40.0,delta=0.20)",HT,40.0,0.2,10,20,169,10000,,yes,0.035,0.9111475905555232
8762,0.521378723517958,1.141149530683594,0.6197708071656359,"Horvitz-Thompson(recency=40.0,delta=0.20)",HT,40.0,0.2,10,20,169,10000,,yes,0.035,0.9111475905555232
8763,0.5577175208832442,1.1266139814597822,0.568896460576538,"Horvitz-Thompson(recency=40.0,delta=0.20)",HT,40.0,0.2,10,20,169,10000,,yes,0.035,0.9111475905555232
8764,0.5081211557244051,0.9513312101104702,0.4432100543860651,"Horvitz-Thompson(recency=40.0,delta=0.20)",HT,40.0,0.2,10,20,169,10000,,yes,0.035,0.9111475905555232
8765,0.5244697691040018,1.0813861130710154,0.5569163439670136,"Horvitz-Thompson(recency=40.0,delta=0.20)",HT,40.0,0.2,10,20,169,10000,,yes,0.035,0.9111475905555232
8766,0.5129172127820335,1.0820473738507448,0.5691301610687113,"Horvitz-Thompson(recency=40.0,delta=0.20)",HT,40.0,0.2,10,20,169,10000,,yes,0.035,0.9111475905555232
8767,0.44277077986601293,1.0396988318058842,0.5969280519398712,"Horvitz-Thompson(recency=40.0,delta=0.20)",HT,40.0,0.2,10,20,169,10000,,yes,0.035,0.9111475905555232
8768,0.40796451079519064,1.0544476752032164,0.6464831644080258,"Horvitz-Thompson(recency=40.0,delta=0.20)",HT,40.0,0.2,10,20,169,10000,,yes,0.035,0.9111475905555232
8769,0.533222863899676,1.0602332931175795,0.5270104292179035,"Horvitz-Thompson(recency=40.0,delta=0.20)",HT,40.0,0.2,10,20,169,10000,,yes,0.035,0.9111475905555232
8770,0.5949891457528542,1.2084103095985035,0.6134211638456493,"Horvitz-Thompson(recency=40.0,delta=0.20)",HT,40.0,0.2,10,20,169,10000,,yes,0.035,0.9111475905555232
8771,0.5371509583066844,1.0938897483612757,0.5567387900545914,"Horvitz-Thompson(recency=40.0,delta=0.20)",HT,40.0,0.2,10,20,169,10000,,yes,0.035,0.9111475905555232
8772,0.5141521721366697,1.044031518060008,0.5298793459233382,"Horvitz-Thompson(recency=40.0,delta=0.20)",HT,40.0,0.2,10,20,169,10000,,yes,0.035,0.9111475905555232
8773,0.4408940570072717,1.1599955671175073,0.7191015101102356,"Horvitz-Thompson(recency=40.0,delta=0.20)",HT,40.0,0.2,10,20,169,10000,,yes,0.035,0.9111475905555232
8774,0.45939334918813046,0.9509937183716137,0.49160036918348327,"Horvitz-Thompson(recency=40.0,delta=0.20)",HT,40.0,0.2,10,20,169,10000,,yes,0.035,0.9111475905555232
8775,0.49217553149234783,1.1251693911238974,0.6329938596315495,"Horvitz-Thompson(recency=40.0,delta=0.20)",HT,40.0,0.2,10,20,169,10000,,yes,0.035,0.9111475905555232
8776,0.6168557734569338,1.3298580578494976,0.7130022843925639,"Horvitz-Thompson(recency=40.0,delta=0.20)",HT,40.0,0.2,10,20,169,10000,,yes,0.035,0.9111475905555232
8777,0.48919079758739187,1.3741733344105171,0.8849825368231252,"Horvitz-Thompson(recency=40.0,delta=0.20)",HT,40.0,0.2,10,20,169,10000,,yes,0.035,0.9111475905555232
8778,0.5654596199333032,1.1527423532684402,0.587282733335137,"Horvitz-Thompson(recency=40.0,delta=0.20)",HT,40.0,0.2,10,20,169,10000,,yes,0.035,0.9111475905555232
8779,0.5961700653808889,1.073833519622578,0.477663454241689,"Horvitz-Thompson(recency=40.0,delta=0.20)",HT,40.0,0.2,10,20,169,10000,,yes,0.035,0.9111475905555232
8780,0.5443997575324463,1.0588681763109455,0.5144684187784992,"Horvitz-Thompson(recency=40.0,delta=0.20)",HT,40.0,0.2,10,20,169,10000,,yes,0.035,0.9111475905555232
8781,0.5345988404884529,1.0865815854922147,0.5519827450037619,"Horvitz-Thompson(recency=40.0,delta=0.20)",HT,40.0,0.2,10,20,169,10000,,yes,0.035,0.9111475905555232
8782,0.5284670250679949,0.9752010806314424,0.4467340555634475,"Horvitz-Thompson(recency=40.0,delta=0.20)",HT,40.0,0.2,10,20,169,10000,,yes,0.035,0.9111475905555232
8783,0.49510678992441864,1.0859601206551412,0.5908533307307227,"Horvitz-Thompson(recency=40.0,delta=0.20)",HT,40.0,0.2,10,20,169,10000,,yes,0.035,0.9111475905555232
8784,0.44986804725780627,1.2012575305638182,0.751389483306012,"Horvitz-Thompson(recency=40.0,delta=0.20)",HT,40.0,0.2,10,20,169,10000,,yes,0.035,0.9111475905555232
8785,0.47366262737506926,1.0195332521865688,0.5458706248114995,"Horvitz-Thompson(recency=40.0,delta=0.20)",HT,40.0,0.2,10,20,169,10000,,yes,0.035,0.9111475905555232
8786,0.5296979555443238,1.1799389731849992,0.6502410176406754,"Horvitz-Thompson(recency=40.0,delta=0.20)",HT,40.0,0.2,10,20,169,10000,,yes,0.035,0.9111475905555232
8787,0.5129387641622596,1.176316281387431,0.6633775172251715,"Horvitz-Thompson(recency=40.0,delta=0.20)",HT,40.0,0.2,10,20,169,10000,,yes,0.035,0.9111475905555232
8788,0.4882972837404489,1.2075308168833627,0.7192335331429138,"Horvitz-Thompson(recency=40.0,delta=0.20)",HT,40.0,0.2,10,20,169,10000,,yes,0.035,0.9111475905555232
8789,0.5849079347938728,1.1921920948145333,0.6072841600206604,"Horvitz-Thompson(recency=40.0,delta=0.20)",HT,40.0,0.2,10,20,169,10000,,yes,0.035,0.9111475905555232
8790,0.5374944224801842,1.0814795910633208,0.5439851685831366,"Horvitz-Thompson(recency=40.0,delta=0.20)",HT,40.0,0.2,10,20,169,10000,,yes,0.035,0.9111475905555232
8791,0.48497550715190674,1.0273878597250394,0.5424123525731327,"Horvitz-Thompson(recency=40.0,delta=0.20)",HT,40.0,0.2,10,20,169,10000,,yes,0.035,0.9111475905555232
8792,0.46612680952290664,1.4146925837958355,0.9485657742729289,"Horvitz-Thompson(recency=40.0,delta=0.20)",HT,40.0,0.2,10,20,169,10000,,yes,0.035,0.9111475905555232
8793,0.5162295877211556,1.3068687132390897,0.7906391255179341,"Horvitz-Thompson(recency=40.0,delta=0.20)",HT,40.0,0.2,10,20,169,10000,,yes,0.035,0.9111475905555232
8794,0.4909386632338586,1.0631266254376,0.5721879622037414,"Horvitz-Thompson(recency=40.0,delta=0.20)",HT,40.0,0.2,10,20,169,10000,,yes,0.035,0.9111475905555232
8795,0.4504222616115265,1.0457709367351442,0.5953486751236177,"Horvitz-Thompson(recency=40.0,delta=0.20)",HT,40.0,0.2,10,20,169,10000,,yes,0.035,0.9111475905555232
8796,0.5362438136921388,1.353882813685083,0.8176389999929441,"Horvitz-Thompson(recency=40.0,delta=0.20)",HT,40.0,0.2,10,20,169,10000,,yes,0.035,0.9111475905555232
8797,0.5039111447671621,1.3734079532738257,0.8694968085066636,"Horvitz-Thompson(recency=40.0,delta=0.20)",HT,40.0,0.2,10,20,169,10000,,yes,0.035,0.9111475905555232
8798,0.4764969845972615,1.1973030217513385,0.720806037154077,"Horvitz-Thompson(recency=40.0,delta=0.20)",HT,40.0,0.2,10,20,169,10000,,yes,0.035,0.9111475905555232
8799,0.4764918836828568,1.1852884364141385,0.7087965527312817,"Horvitz-Thompson(recency=40.0,delta=0.20)",HT,40.0,0.2,10,20,169,10000,,yes,0.035,0.9111475905555232
8800,0.5306572726304457,1.1256097233550302,0.5949524507245845,"Horvitz-Thompson(recency=40.0,delta=0.20)",HT,40.0,0.2,10,20,169,10000,,yes,0.035,0.9111475905555232
8801,0.42874706163189213,1.1076189596505603,0.6788718980186682,"Horvitz-Thompson(recency=40.0,delta=0.20)",HT,40.0,0.2,10,20,169,10000,,yes,0.035,0.9111475905555232
8802,0.4134268186351161,0.9657636103449261,0.55233679170981,"Horvitz-Thompson(recency=40.0,delta=0.20)",HT,40.0,0.2,10,20,169,10000,,yes,0.035,0.9111475905555232
8803,0.6198855188186406,1.219967355369411,0.6000818365507704,"Horvitz-Thompson(recency=40.0,delta=0.20)",HT,40.0,0.2,10,20,169,10000,,yes,0.035,0.9111475905555232
8804,0.46192838870861613,1.1014231690498992,0.6394947803412832,"Horvitz-Thompson(recency=40.0,delta=0.20)",HT,40.0,0.2,10,20,169,10000,,yes,0.035,0.9111475905555232
8805,0.46895253576645296,1.1743269048261245,0.7053743690596714,"Horvitz-Thompson(recency=40.0,delta=0.20)",HT,40.0,0.2,10,20,169,10000,,yes,0.035,0.9111475905555232
8806,0.47868298500474415,1.1025140684057924,0.6238310834010482,"Horvitz-Thompson(recency=40.0,delta=0.20)",HT,40.0,0.2,10,20,169,10000,,yes,0.035,0.9111475905555232
8807,0.5260902370061821,1.357545006225049,0.8314547692188669,"Horvitz-Thompson(recency=40.0,delta=0.20)",HT,40.0,0.2,10,20,169,10000,,yes,0.035,0.9111475905555232
8808,0.4878832090082441,1.1802317384049639,0.6923485293967198,"Horvitz-Thompson(recency=40.0,delta=0.20)",HT,40.0,0.2,10,20,169,10000,,yes,0.035,0.9111475905555232
8809,0.6354087650600195,1.0606372892452167,0.4252285241851972,"Horvitz-Thompson(recency=40.0,delta=0.20)",HT,40.0,0.2,10,20,169,10000,,yes,0.035,0.9111475905555232
8810,0.5559018288490423,1.135681291958565,0.5797794631095228,"Horvitz-Thompson(recency=40.0,delta=0.20)",HT,40.0,0.2,10,20,169,10000,,yes,0.035,0.9111475905555232
8811,0.5259502041609082,1.1569578673442302,0.631007663183322,"Horvitz-Thompson(recency=40.0,delta=0.20)",HT,40.0,0.2,10,20,169,10000,,yes,0.035,0.9111475905555232
8812,0.5132550441112906,1.0728413155927539,0.5595862714814632,"Horvitz-Thompson(recency=40.0,delta=0.20)",HT,40.0,0.2,10,20,169,10000,,yes,0.035,0.9111475905555232
8813,0.5232913463014284,1.0647020460056384,0.5414106997042101,"Horvitz-Thompson(recency=40.0,delta=0.20)",HT,40.0,0.2,10,20,169,10000,,yes,0.035,0.9111475905555232
8814,0.4888853888916844,1.1124570656280988,0.6235716767364143,"Horvitz-Thompson(recency=40.0,delta=0.20)",HT,40.0,0.2,10,20,169,10000,,yes,0.035,0.9111475905555232
8815,0.44680940055464924,1.119312709939993,0.6725033093853439,"Horvitz-Thompson(recency=40.0,delta=0.20)",HT,40.0,0.2,10,20,169,10000,,yes,0.035,0.9111475905555232
8816,0.5754097797013449,1.0056595619333402,0.4302497822319953,"Horvitz-Thompson(recency=40.0,delta=0.20)",HT,40.0,0.2,10,20,169,10000,,yes,0.035,0.9111475905555232
8817,0.6226086830504988,1.0003063827581857,0.37769769970768696,"Horvitz-Thompson(recency=40.0,delta=0.20)",HT,40.0,0.2,10,20,169,10000,,yes,0.035,0.9111475905555232
8818,0.40763962833312967,0.9821350540790477,0.574495425745918,"Horvitz-Thompson(recency=40.0,delta=0.20)",HT,40.0,0.2,10,20,169,10000,,yes,0.035,0.9111475905555232
8819,0.5801836334823429,1.0830141843123802,0.5028305508300372,"Horvitz-Thompson(recency=40.0,delta=0.20)",HT,40.0,0.2,10,20,169,10000,,yes,0.035,0.9111475905555232
8820,0.5853477697936265,1.0296751174365686,0.4443273476429421,"Horvitz-Thompson(recency=40.0,delta=0.20)",HT,40.0,0.2,10,20,169,10000,,yes,0.035,0.9111475905555232
8821,0.41746692424348963,1.1298164807540072,0.7123495565105176,"Horvitz-Thompson(recency=40.0,delta=0.20)",HT,40.0,0.2,10,20,169,10000,,yes,0.035,0.9111475905555232
8822,0.4108938072171186,1.2403384748515782,0.8294446676344596,"Horvitz-Thompson(recency=40.0,delta=0.20)",HT,40.0,0.2,10,20,169,10000,,yes,0.035,0.9111475905555232
8823,0.48782719586170087,1.3599784450276013,0.8721512491659005,"Horvitz-Thompson(recency=40.0,delta=0.20)",HT,40.0,0.2,10,20,169,10000,,yes,0.035,0.9111475905555232
8824,0.6151838169330827,1.042759359658188,0.42757554272510523,"Horvitz-Thompson(recency=40.0,delta=0.20)",HT,40.0,0.2,10,20,169,10000,,yes,0.035,0.9111475905555232
8825,0.4015482940892322,1.0916873257934057,0.6901390317041735,"Horvitz-Thompson(recency=40.0,delta=0.20)",HT,40.0,0.2,10,20,169,10000,,yes,0.035,0.9111475905555232
8826,0.5909618834844409,1.0122688320184998,0.4213069485340589,"Horvitz-Thompson(recency=40.0,delta=0.20)",HT,40.0,0.2,10,20,169,10000,,yes,0.035,0.9111475905555232
8827,0.5757388876357207,1.2466063221456913,0.6708674345099707,"Horvitz-Thompson(recency=40.0,delta=0.20)",HT,40.0,0.2,10,20,169,10000,,yes,0.035,0.9111475905555232
8828,0.5370256153240696,1.0075049204902964,0.4704793051662268,"Horvitz-Thompson(recency=40.0,delta=0.20)",HT,40.0,0.2,10,20,169,10000,,yes,0.035,0.9111475905555232
8829,0.5241810052360298,1.185933001321494,0.6617519960854641,"Horvitz-Thompson(recency=40.0,delta=0.20)",HT,40.0,0.2,10,20,169,10000,,yes,0.035,0.9111475905555232
8830,0.5565004475495178,0.9684570740321291,0.41195662648261133,"Horvitz-Thompson(recency=40.0,delta=0.20)",HT,40.0,0.2,10,20,169,10000,,yes,0.035,0.9111475905555232
8831,0.462339524896765,1.00795689598151,0.545617371084745,"Horvitz-Thompson(recency=40.0,delta=0.20)",HT,40.0,0.2,10,20,169,10000,,yes,0.035,0.9111475905555232
8832,0.4748331796118327,1.0637975921669884,0.5889644125551557,"Horvitz-Thompson(recency=40.0,delta=0.20)",HT,40.0,0.2,10,20,169,10000,,yes,0.035,0.9111475905555232
8833,0.4893647382736293,1.3352081946487369,0.8458434563751076,"Horvitz-Thompson(recency=40.0,delta=0.20)",HT,40.0,0.2,10,20,169,10000,,yes,0.035,0.9111475905555232
8834,0.5658953833804505,1.1519963871543921,0.5861010037739416,"Horvitz-Thompson(recency=40.0,delta=0.20)",HT,40.0,0.2,10,20,169,10000,,yes,0.035,0.9111475905555232
8835,0.4103610510292812,1.0593523008935013,0.6489912498642201,"Horvitz-Thompson(recency=40.0,delta=0.20)",HT,40.0,0.2,10,20,169,10000,,yes,0.035,0.9111475905555232
8836,0.6106851988058084,0.8929923459769392,0.2823071471711308,"Horvitz-Thompson(recency=40.0,delta=0.20)",HT,40.0,0.2,10,20,169,10000,,yes,0.035,0.9111475905555232
8837,0.5335387354780143,1.1606000165278203,0.627061281049806,"Horvitz-Thompson(recency=40.0,delta=0.20)",HT,40.0,0.2,10,20,169,10000,,yes,0.035,0.9111475905555232
8838,0.5634215088869685,1.1793081145574777,0.6158866056705092,"Horvitz-Thompson(recency=40.0,delta=0.20)",HT,40.0,0.2,10,20,169,10000,,yes,0.035,0.9111475905555232
8839,0.4476469714428368,0.9014505339827509,0.45380356253991405,"Horvitz-Thompson(recency=40.0,delta=0.20)",HT,40.0,0.2,10,20,169,10000,,yes,0.035,0.9111475905555232
8840,0.5050791227544671,1.1178295247693093,0.6127504020148422,"Horvitz-Thompson(recency=40.0,delta=0.20)",HT,40.0,0.2,10,20,169,10000,,yes,0.035,0.9111475905555232
8841,0.5242246358801843,1.1849298650004203,0.660705229120236,"Horvitz-Thompson(recency=40.0,delta=0.20)",HT,40.0,0.2,10,20,169,10000,,yes,0.035,0.9111475905555232
8842,0.44628260676097475,1.3061169037747644,0.8598342970137897,"Horvitz-Thompson(recency=40.0,delta=0.20)",HT,40.0,0.2,10,20,169,10000,,yes,0.035,0.9111475905555232
8843,0.5185664667452059,1.017693897013156,0.49912743026795003,"Horvitz-Thompson(recency=40.0,delta=0.20)",HT,40.0,0.2,10,20,169,10000,,yes,0.035,0.9111475905555232
8844,0.5844387054034431,1.1749201238282008,0.5904814184247577,"Horvitz-Thompson(recency=40.0,delta=0.20)",HT,40.0,0.2,10,20,169,10000,,yes,0.035,0.9111475905555232
8845,0.5568979963009013,1.0269463947318185,0.47004839843091717,"Horvitz-Thompson(recency=40.0,delta=0.20)",HT,40.0,0.2,10,20,169,10000,,yes,0.035,0.9111475905555232
8846,0.5076945995282259,1.0721555382300942,0.5644609387018683,"Horvitz-Thompson(recency=40.0,delta=0.20)",HT,40.0,0.2,10,20,169,10000,,yes,0.035,0.9111475905555232
8847,0.511813237219374,1.286307024000343,0.7744937867809689,"Horvitz-Thompson(recency=40.0,delta=0.20)",HT,40.0,0.2,10,20,169,10000,,yes,0.035,0.9111475905555232
8848,0.5717752428005498,0.987484691648592,0.4157094488480422,"Horvitz-Thompson(recency=40.0,delta=0.20)",HT,40.0,0.2,10,20,169,10000,,yes,0.035,0.9111475905555232
8849,0.6067356415593648,1.0547291391740117,0.4479934976146469,"Horvitz-Thompson(recency=40.0,delta=0.20)",HT,40.0,0.2,10,20,169,10000,,yes,0.035,0.9111475905555232
8850,0.501385016794276,1.3167054438646864,0.8153204270704103,"Horvitz-Thompson(recency=40.0,delta=0.20)",HT,40.0,0.2,10,20,169,10000,,yes,0.035,0.9111475905555232
8851,0.5201804119901963,1.090258516209559,0.5700781042193628,"Horvitz-Thompson(recency=40.0,delta=0.20)",HT,40.0,0.2,10,20,169,10000,,yes,0.035,0.9111475905555232
8852,0.4301997856756737,1.3144882903951134,0.8842885047194398,"Horvitz-Thompson(recency=40.0,delta=0.20)",HT,40.0,0.2,10,20,169,10000,,yes,0.035,0.9111475905555232
8853,0.5154930934673778,1.1987235624663153,0.6832304689989375,"Horvitz-Thompson(recency=40.0,delta=0.20)",HT,40.0,0.2,10,20,169,10000,,yes,0.035,0.9111475905555232
8854,0.58487715700159,0.8270421694902743,0.24216501248868427,"Horvitz-Thompson(recency=40.0,delta=0.20)",HT,40.0,0.2,10,20,169,10000,,yes,0.035,0.9111475905555232
8855,0.5010417836953831,1.0179879776891396,0.5169461939937565,"Horvitz-Thompson(recency=40.0,delta=0.20)",HT,40.0,0.2,10,20,169,10000,,yes,0.035,0.9111475905555232
8856,0.5352448425646922,1.3668176681917839,0.8315728256270917,"Horvitz-Thompson(recency=40.0,delta=0.20)",HT,40.0,0.2,10,20,169,10000,,yes,0.035,0.9111475905555232
8857,0.5041044063752406,1.384556322698905,0.8804519163236645,"Horvitz-Thompson(recency=40.0,delta=0.20)",HT,40.0,0.2,10,20,169,10000,,yes,0.035,0.9111475905555232
8858,0.46070410509726567,1.1857155512690887,0.725011446171823,"Horvitz-Thompson(recency=40.0,delta=0.20)",HT,40.0,0.2,10,20,169,10000,,yes,0.035,0.9111475905555232
8859,0.6070703197784418,1.2193940945400732,0.6123237747616314,"Horvitz-Thompson(recency=40.0,delta=0.20)",HT,40.0,0.2,10,20,169,10000,,yes,0.035,0.9111475905555232
8860,0.48207866066240584,0.9969408357868591,0.5148621751244533,"Horvitz-Thompson(recency=40.0,delta=0.20)",HT,40.0,0.2,10,20,169,10000,,yes,0.035,0.9111475905555232
8861,0.4710987894067108,1.2519905106198486,0.7808917212131378,"Horvitz-Thompson(recency=40.0,delta=0.20)",HT,40.0,0.2,10,20,169,10000,,yes,0.035,0.9111475905555232
8862,0.49976958328823656,1.0590461089874295,0.559276525699193,"Horvitz-Thompson(recency=40.0,delta=0.20)",HT,40.0,0.2,10,20,169,10000,,yes,0.035,0.9111475905555232
8863,0.5344173864055005,0.942876941719221,0.40845955531372047,"Horvitz-Thompson(recency=40.0,delta=0.20)",HT,40.0,0.2,10,20,169,10000,,yes,0.035,0.9111475905555232
8864,0.48522709849388496,1.3009709816231216,0.8157438831292367,"Horvitz-Thompson(recency=40.0,delta=0.20)",HT,40.0,0.2,10,20,169,10000,,yes,0.035,0.9111475905555232
8865,0.4146100329999016,1.1632633363998466,0.748653303399945,"Horvitz-Thompson(recency=40.0,delta=0.20)",HT,40.0,0.2,10,20,169,10000,,yes,0.035,0.9111475905555232
8866,0.4424095085536269,1.246815330852644,0.8044058222990171,"Horvitz-Thompson(recency=40.0,delta=0.20)",HT,40.0,0.2,10,20,169,10000,,yes,0.035,0.9111475905555232
8867,0.41702422301829034,1.129265419049587,0.7122411960312967,"Horvitz-Thompson(recency=40.0,delta=0.20)",HT,40.0,0.2,10,20,169,10000,,yes,0.035,0.9111475905555232
8868,0.4129375212073084,1.245756810295255,0.8328192890879466,"Horvitz-Thompson(recency=40.0,delta=0.20)",HT,40.0,0.2,10,20,169,10000,,yes,0.035,0.9111475905555232
8869,0.45328111890199846,1.2453046834553039,0.7920235645533054,"Horvitz-Thompson(recency=40.0,delta=0.20)",HT,40.0,0.2,10,20,169,10000,,yes,0.035,0.9111475905555232
8870,0.49152083627851806,1.0568039038142303,0.5652830675357122,"Horvitz-Thompson(recency=40.0,delta=0.20)",HT,40.0,0.2,10,20,169,10000,,yes,0.035,0.9111475905555232
8871,0.4928875778330395,0.9893127589638276,0.49642518113078815,"Horvitz-Thompson(recency=40.0,delta=0.20)",HT,40.0,0.2,10,20,169,10000,,yes,0.035,0.9111475905555232
8872,0.5984038329424924,1.2672632194493363,0.6688593865068438,"Horvitz-Thompson(recency=40.0,delta=0.20)",HT,40.0,0.2,10,20,169,10000,,yes,0.035,0.9111475905555232
8873,0.6523582341772926,1.0180606379959305,0.36570240381863794,"Horvitz-Thompson(recency=40.0,delta=0.20)",HT,40.0,0.2,10,20,169,10000,,yes,0.035,0.9111475905555232
8874,0.5855109885389154,1.1121835975439744,0.5266726090050591,"Horvitz-Thompson(recency=40.0,delta=0.20)",HT,40.0,0.2,10,20,169,10000,,yes,0.035,0.9111475905555232
8875,0.44815345727105704,1.0223964005847659,0.5742429433137088,"Horvitz-Thompson(recency=40.0,delta=0.20)",HT,40.0,0.2,10,20,169,10000,,yes,0.035,0.9111475905555232
8876,0.5500312203732481,0.7751715570312746,0.22514033665802646,"Horvitz-Thompson(recency=40.0,delta=0.20)",HT,40.0,0.2,10,20,169,10000,,yes,0.035,0.9111475905555232
8877,0.5258179518875844,1.2655762853558308,0.7397583334682464,"Horvitz-Thompson(recency=40.0,delta=0.20)",HT,40.0,0.2,10,20,169,10000,,yes,0.035,0.9111475905555232
8878,0.5178281000260695,0.9619542545484184,0.44412615452234894,"Horvitz-Thompson(recency=40.0,delta=0.20)",HT,40.0,0.2,10,20,169,10000,,yes,0.035,0.9111475905555232
8879,0.5518095801705687,0.932997986193133,0.3811884060225643,"Horvitz-Thompson(recency=40.0,delta=0.20)",HT,40.0,0.2,10,20,169,10000,,yes,0.035,0.9111475905555232
8880,0.44974830853376224,1.0142350127544044,0.5644867042206422,"Horvitz-Thompson(recency=40.0,delta=0.20)",HT,40.0,0.2,10,20,169,10000,,yes,0.035,0.9111475905555232
8881,0.5242250054727772,1.0111435351370912,0.48691852966431404,"Horvitz-Thompson(recency=40.0,delta=0.20)",HT,40.0,0.2,10,20,169,10000,,yes,0.035,0.9111475905555232
8882,0.41406727163408213,1.1631584981870804,0.7490912265529983,"Horvitz-Thompson(recency=40.0,delta=0.20)",HT,40.0,0.2,10,20,169,10000,,yes,0.035,0.9111475905555232
8883,0.39510980451725564,1.1919138571500556,0.7968040526328,"Horvitz-Thompson(recency=40.0,delta=0.20)",HT,40.0,0.2,10,20,169,10000,,yes,0.035,0.9111475905555232
8884,0.5136531836764072,1.113457821598712,0.5998046379223049,"Horvitz-Thompson(recency=40.0,delta=0.20)",HT,40.0,0.2,10,20,169,10000,,yes,0.035,0.9111475905555232
8885,0.502339194313623,1.160687948071089,0.658348753757466,"Horvitz-Thompson(recency=40.0,delta=0.20)",HT,40.0,0.2,10,20,169,10000,,yes,0.035,0.9111475905555232
8886,0.49876602733250286,1.150466691064947,0.6517006637324442,"Horvitz-Thompson(recency=40.0,delta=0.20)",HT,40.0,0.2,10,20,169,10000,,yes,0.035,0.9111475905555232
8887,0.45119526666196574,1.1159513116835962,0.6647560450216304,"Horvitz-Thompson(recency=40.0,delta=0.20)",HT,40.0,0.2,10,20,169,10000,,yes,0.035,0.9111475905555232
8888,0.4560057092300128,1.3435089225037566,0.8875032132737438,"Horvitz-Thompson(recency=40.0,delta=0.20)",HT,40.0,0.2,10,20,169,10000,,yes,0.035,0.9111475905555232
8889,0.5007618350568713,1.015852681128774,0.5150908460719027,"Horvitz-Thompson(recency=40.0,delta=0.20)",HT,40.0,0.2,10,20,169,10000,,yes,0.035,0.9111475905555232
8890,0.4770519514258004,1.0537454953769918,0.5766935439511913,"Horvitz-Thompson(recency=40.0,delta=0.20)",HT,40.0,0.2,10,20,169,10000,,yes,0.035,0.9111475905555232
8891,0.5329056814319163,1.2141736428490324,0.6812679614171161,"Horvitz-Thompson(recency=40.0,delta=0.20)",HT,40.0,0.2,10,20,169,10000,,yes,0.035,0.9111475905555232
8892,0.49425480732256427,1.4318157590663527,0.9375609517437884,"Horvitz-Thompson(recency=40.0,delta=0.20)",HT,40.0,0.2,10,20,169,10000,,yes,0.035,0.9111475905555232
8893,0.4520304278129018,1.077373436011595,0.6253430081986932,"Horvitz-Thompson(recency=40.0,delta=0.20)",HT,40.0,0.2,10,20,169,10000,,yes,0.035,0.9111475905555232
8894,0.5240381176736596,1.0132992046200935,0.4892610869464339,"Horvitz-Thompson(recency=40.0,delta=0.20)",HT,40.0,0.2,10,20,169,10000,,yes,0.035,0.9111475905555232
8895,0.5089154339841124,1.1433541652479349,0.6344387312638224,"Horvitz-Thompson(recency=40.0,delta=0.20)",HT,40.0,0.2,10,20,169,10000,,yes,0.035,0.9111475905555232
8896,0.5057652692052508,1.1837472565824538,0.677981987377203,"Horvitz-Thompson(recency=40.0,delta=0.20)",HT,40.0,0.2,10,20,169,10000,,yes,0.035,0.9111475905555232
8897,0.5687866592173552,1.0016258235622713,0.4328391643449161,"Horvitz-Thompson(recency=40.0,delta=0.20)",HT,40.0,0.2,10,20,169,10000,,yes,0.035,0.9111475905555232
8898,0.3743876615912121,1.1392202158023248,0.7648325542111127,"Horvitz-Thompson(recency=40.0,delta=0.20)",HT,40.0,0.2,10,20,169,10000,,yes,0.035,0.9111475905555232
8899,0.5149084642444394,1.1255305241189266,0.6106220598744873,"Horvitz-Thompson(recency=40.0,delta=0.20)",HT,40.0,0.2,10,20,169,10000,,yes,0.035,0.9111475905555232
8900,0.5748765879876966,1.2912464580845795,0.7163698700968829,"Horvitz-Thompson(recency=40.0,delta=0.20)",HT,40.0,0.2,10,20,169,10000,,yes,0.035,0.9111475905555232
8901,0.5393650643097794,1.010123842953496,0.4707587786437166,"Horvitz-Thompson(recency=40.0,delta=0.20)",HT,40.0,0.2,10,20,169,10000,,yes,0.035,0.9111475905555232
8902,0.3948009971608513,1.1727881728771798,0.7779871757163286,"Horvitz-Thompson(recency=40.0,delta=0.20)",HT,40.0,0.2,10,20,169,10000,,yes,0.035,0.9111475905555232
8903,0.45410749140957013,1.0165929400480258,0.5624854486384556,"Horvitz-Thompson(recency=40.0,delta=0.20)",HT,40.0,0.2,10,20,169,10000,,yes,0.035,0.9111475905555232
8904,0.47744394158672404,1.0553479904014678,0.5779040488147438,"Horvitz-Thompson(recency=40.0,delta=0.20)",HT,40.0,0.2,10,20,169,10000,,yes,0.035,0.9111475905555232
8905,0.4640634705680182,1.1655610783430588,0.7014976077750406,"Horvitz-Thompson(recency=40.0,delta=0.20)",HT,40.0,0.2,10,20,169,10000,,yes,0.035,0.9111475905555232
8906,0.44201092322603636,1.024180016953886,0.5821690937278496,"Horvitz-Thompson(recency=40.0,delta=0.20)",HT,40.0,0.2,10,20,169,10000,,yes,0.035,0.9111475905555232
8907,0.4843001708584386,1.1993149525767193,0.7150147817182807,"Horvitz-Thompson(recency=40.0,delta=0.20)",HT,40.0,0.2,10,20,169,10000,,yes,0.035,0.9111475905555232
8908,0.45800577389041497,0.9730382003103549,0.51503242641994,"Horvitz-Thompson(recency=40.0,delta=0.20)",HT,40.0,0.2,10,20,169,10000,,yes,0.035,0.9111475905555232
8909,0.4218489885389318,1.1711913793732336,0.7493423908343018,"Horvitz-Thompson(recency=40.0,delta=0.20)",HT,40.0,0.2,10,20,169,10000,,yes,0.035,0.9111475905555232
8910,0.3925809637589365,1.0469168346967697,0.6543358709378332,"Horvitz-Thompson(recency=40.0,delta=0.20)",HT,40.0,0.2,10,20,169,10000,,yes,0.035,0.9111475905555232
8911,0.4653427758344334,1.0898635716708613,0.6245207958364279,"Horvitz-Thompson(recency=40.0,delta=0.20)",HT,40.0,0.2,10,20,169,10000,,yes,0.035,0.9111475905555232
8912,0.552978674780644,1.0485351772950442,0.4955565025144002,"Horvitz-Thompson(recency=40.0,delta=0.20)",HT,40.0,0.2,10,20,169,10000,,yes,0.035,0.9111475905555232
8913,0.6294499981516773,0.9920710264384448,0.36262102828676746,"Horvitz-Thompson(recency=40.0,delta=0.20)",HT,40.0,0.2,10,20,169,10000,,yes,0.035,0.9111475905555232
8914,0.49304773977658284,1.1663124058632781,0.6732646660866952,"Horvitz-Thompson(recency=40.0,delta=0.20)",HT,40.0,0.2,10,20,169,10000,,yes,0.035,0.9111475905555232
8915,0.5485099284583653,1.266415199113446,0.7179052706550807,"Horvitz-Thompson(recency=40.0,delta=0.20)",HT,40.0,0.2,10,20,169,10000,,yes,0.035,0.9111475905555232
8916,0.5762698503591532,1.2084239901571152,0.632154139797962,"Horvitz-Thompson(recency=40.0,delta=0.20)",HT,40.0,0.2,10,20,169,10000,,yes,0.035,0.9111475905555232
8917,0.5208575001289124,1.2615138126076952,0.7406563124787828,"Horvitz-Thompson(recency=40.0,delta=0.20)",HT,40.0,0.2,10,20,169,10000,,yes,0.035,0.9111475905555232
8918,0.49985825186909366,1.0158960875642549,0.5160378356951612,"Horvitz-Thompson(recency=40.0,delta=0.20)",HT,40.0,0.2,10,20,169,10000,,yes,0.035,0.9111475905555232
8919,0.5997873465503929,1.1500984748812826,0.5503111283308897,"Horvitz-Thompson(recency=40.0,delta=0.20)",HT,40.0,0.2,10,20,169,10000,,yes,0.035,0.9111475905555232
8920,0.44210120497175903,1.3663802981416253,0.9242790931698663,"Horvitz-Thompson(recency=40.0,delta=0.20)",HT,40.0,0.2,10,20,169,10000,,yes,0.035,0.9111475905555232
8921,0.5292887354605287,1.2242940854881903,0.6950053500276616,"Horvitz-Thompson(recency=40.0,delta=0.20)",HT,40.0,0.2,10,20,169,10000,,yes,0.035,0.9111475905555232
8922,0.3483558010125224,1.2248678713295797,0.8765120703170574,"Horvitz-Thompson(recency=40.0,delta=0.20)",HT,40.0,0.2,10,20,169,10000,,yes,0.035,0.9111475905555232
8923,0.5586785113463455,1.1251285626933547,0.5664500513470092,"Horvitz-Thompson(recency=40.0,delta=0.20)",HT,40.0,0.2,10,20,169,10000,,yes,0.035,0.9111475905555232
8924,0.49981035500908577,1.3470602648281773,0.8472499098190915,"Horvitz-Thompson(recency=40.0,delta=0.20)",HT,40.0,0.2,10,20,169,10000,,yes,0.035,0.9111475905555232
8925,0.5219461100764725,0.9835248080971776,0.46157869802070506,"Horvitz-Thompson(recency=40.0,delta=0.20)",HT,40.0,0.2,10,20,169,10000,,yes,0.035,0.9111475905555232
8926,0.5930094356057352,1.2747852928677077,0.6817758572619725,"Horvitz-Thompson(recency=40.0,delta=0.20)",HT,40.0,0.2,10,20,169,10000,,yes,0.035,0.9111475905555232
8927,0.5489919990475557,0.9657164274164431,0.41672442836888746,"Horvitz-Thompson(recency=40.0,delta=0.20)",HT,40.0,0.2,10,20,169,10000,,yes,0.035,0.9111475905555232
8928,0.6631165782383719,1.0449239438932163,0.3818073656548444,"Horvitz-Thompson(recency=40.0,delta=0.20)",HT,40.0,0.2,10,20,169,10000,,yes,0.035,0.9111475905555232
8929,0.46639950652599255,1.198145488540507,0.7317459820145145,"Horvitz-Thompson(recency=40.0,delta=0.20)",HT,40.0,0.2,10,20,169,10000,,yes,0.035,0.9111475905555232
8930,0.5762325646222677,1.2898412010207172,0.7136086363984495,"Horvitz-Thompson(recency=40.0,delta=0.20)",HT,40.0,0.2,10,20,169,10000,,yes,0.035,0.9111475905555232
8931,0.5122097263245631,1.0687245958868556,0.5565148695622926,"Horvitz-Thompson(recency=40.0,delta=0.20)",HT,40.0,0.2,10,20,169,10000,,yes,0.035,0.9111475905555232
8932,0.5506513312829603,1.1781100039952193,0.627458672712259,"Horvitz-Thompson(recency=40.0,delta=0.20)",HT,40.0,0.2,10,20,169,10000,,yes,0.035,0.9111475905555232
8933,0.5484526053091667,1.1053789797445703,0.5569263744354036,"Horvitz-Thompson(recency=40.0,delta=0.20)",HT,40.0,0.2,10,20,169,10000,,yes,0.035,0.9111475905555232
8934,0.5198363508643415,1.310161121131141,0.7903247702667995,"Horvitz-Thompson(recency=40.0,delta=0.20)",HT,40.0,0.2,10,20,169,10000,,yes,0.035,0.9111475905555232
8935,0.5442393379173573,1.1703897855149343,0.626150447597577,"Horvitz-Thompson(recency=40.0,delta=0.20)",HT,40.0,0.2,10,20,169,10000,,yes,0.035,0.9111475905555232
8936,0.4251314432650607,1.0291767799868459,0.6040453367217852,"Horvitz-Thompson(recency=40.0,delta=0.20)",HT,40.0,0.2,10,20,169,10000,,yes,0.035,0.9111475905555232
8937,0.4488388048780198,1.0660285279889627,0.6171897231109429,"Horvitz-Thompson(recency=40.0,delta=0.20)",HT,40.0,0.2,10,20,169,10000,,yes,0.035,0.9111475905555232
8938,0.5657675397883675,1.1416495467565733,0.5758820069682058,"Horvitz-Thompson(recency=40.0,delta=0.20)",HT,40.0,0.2,10,20,169,10000,,yes,0.035,0.9111475905555232
8939,0.5430541342227019,1.2163644804612765,0.6733103462385747,"Horvitz-Thompson(recency=40.0,delta=0.20)",HT,40.0,0.2,10,20,169,10000,,yes,0.035,0.9111475905555232
8940,0.5185781274414873,1.2048215951126258,0.6862434676711384,"Horvitz-Thompson(recency=40.0,delta=0.20)",HT,40.0,0.2,10,20,169,10000,,yes,0.035,0.9111475905555232
8941,0.479942632438965,1.010404389139905,0.53046175670094,"Horvitz-Thompson(recency=40.0,delta=0.20)",HT,40.0,0.2,10,20,169,10000,,yes,0.035,0.9111475905555232
8942,0.5433255743717272,1.217667157871877,0.6743415835001497,"Horvitz-Thompson(recency=40.0,delta=0.20)",HT,40.0,0.2,10,20,169,10000,,yes,0.035,0.9111475905555232
8943,0.4701923069861378,1.134925933268241,0.6647336262821033,"Horvitz-Thompson(recency=40.0,delta=0.20)",HT,40.0,0.2,10,20,169,10000,,yes,0.035,0.9111475905555232
8944,0.521374441747114,0.9749567956894414,0.4535823539423274,"Horvitz-Thompson(recency=40.0,delta=0.20)",HT,40.0,0.2,10,20,169,10000,,yes,0.035,0.9111475905555232
8945,0.4996240381031586,0.9186483259701682,0.4190242878670096,"Horvitz-Thompson(recency=40.0,delta=0.20)",HT,40.0,0.2,10,20,169,10000,,yes,0.035,0.9111475905555232
8946,0.4858146459269615,1.053175019358174,0.5673603734312125,"Horvitz-Thompson(recency=40.0,delta=0.20)",HT,40.0,0.2,10,20,169,10000,,yes,0.035,0.9111475905555232
8947,0.4797456228730534,0.9935312594927612,0.5137856366197078,"Horvitz-Thompson(recency=40.0,delta=0.20)",HT,40.0,0.2,10,20,169,10000,,yes,0.035,0.9111475905555232
8948,0.6955484214238727,1.143859439120727,0.44831101769685433,"Horvitz-Thompson(recency=40.0,delta=0.20)",HT,40.0,0.2,10,20,169,10000,,yes,0.035,0.9111475905555232
8949,0.5752412282903806,1.0191042596217543,0.4438630313313737,"Horvitz-Thompson(recency=40.0,delta=0.20)",HT,40.0,0.2,10,20,169,10000,,yes,0.035,0.9111475905555232
8950,0.5466803342622498,1.2821803784855403,0.7355000442232905,"Horvitz-Thompson(recency=40.0,delta=0.20)",HT,40.0,0.2,10,20,169,10000,,yes,0.035,0.9111475905555232
8951,0.48501798739802415,1.2529360119789956,0.7679180245809715,"Horvitz-Thompson(recency=40.0,delta=0.20)",HT,40.0,0.2,10,20,169,10000,,yes,0.035,0.9111475905555232
8952,0.41999492145117107,1.3084495169165689,0.8884545954653977,"Horvitz-Thompson(recency=40.0,delta=0.20)",HT,40.0,0.2,10,20,169,10000,,yes,0.035,0.9111475905555232
8953,0.49015307829175475,1.200019068364432,0.7098659900726774,"Horvitz-Thompson(recency=40.0,delta=0.20)",HT,40.0,0.2,10,20,169,10000,,yes,0.035,0.9111475905555232
8954,0.6254797306523409,1.0297233394383436,0.40424360878600274,"Horvitz-Thompson(recency=40.0,delta=0.20)",HT,40.0,0.2,10,20,169,10000,,yes,0.035,0.9111475905555232
8955,0.5000775883816252,1.1188696550845598,0.6187920667029346,"Horvitz-Thompson(recency=40.0,delta=0.20)",HT,40.0,0.2,10,20,169,10000,,yes,0.035,0.9111475905555232
8956,0.5080859395935297,1.1260913355414943,0.6180053959479647,"Horvitz-Thompson(recency=40.0,delta=0.20)",HT,40.0,0.2,10,20,169,10000,,yes,0.035,0.9111475905555232
8957,0.5921288406597017,1.0107489259116267,0.41862008525192496,"Horvitz-Thompson(recency=40.0,delta=0.20)",HT,40.0,0.2,10,20,169,10000,,yes,0.035,0.9111475905555232
8958,0.4943652094639941,1.2319986389589923,0.7376334294949982,"Horvitz-Thompson(recency=40.0,delta=0.20)",HT,40.0,0.2,10,20,169,10000,,yes,0.035,0.9111475905555232
8959,0.3883152381837289,1.1412955503909,0.752980312207171,"Horvitz-Thompson(recency=40.0,delta=0.20)",HT,40.0,0.2,10,20,169,10000,,yes,0.035,0.9111475905555232
8960,0.5057507196053926,1.1820109460241857,0.676260226418793,"Horvitz-Thompson(recency=40.0,delta=0.20)",HT,40.0,0.2,10,20,169,10000,,yes,0.035,0.9111475905555232
8961,0.5655187289078843,1.2158662213028921,0.6503474923950078,"Horvitz-Thompson(recency=40.0,delta=0.20)",HT,40.0,0.2,10,20,169,10000,,yes,0.035,0.9111475905555232
8962,0.44988111628820754,1.3431861949142796,0.8933050786260721,"Horvitz-Thompson(recency=40.0,delta=0.20)",HT,40.0,0.2,10,20,169,10000,,yes,0.035,0.9111475905555232
8963,0.5280489382410039,0.9806588810953676,0.45260994285436373,"Horvitz-Thompson(recency=40.0,delta=0.20)",HT,40.0,0.2,10,20,169,10000,,yes,0.035,0.9111475905555232
8964,0.46982652828694704,0.8460827112804654,0.3762561829935184,"Horvitz-Thompson(recency=40.0,delta=0.20)",HT,40.0,0.2,10,20,169,10000,,yes,0.035,0.9111475905555232
8965,0.4950462396531973,0.9937945397266057,0.4987483000734084,"Horvitz-Thompson(recency=40.0,delta=0.20)",HT,40.0,0.2,10,20,169,10000,,yes,0.035,0.9111475905555232
8966,0.5879444839255706,1.02394149617491,0.4359970122493394,"Horvitz-Thompson(recency=40.0,delta=0.20)",HT,40.0,0.2,10,20,169,10000,,yes,0.035,0.9111475905555232
8967,0.41614726023277243,1.3891445886336624,0.9729973284008899,"Horvitz-Thompson(recency=40.0,delta=0.20)",HT,40.0,0.2,10,20,169,10000,,yes,0.035,0.9111475905555232
8968,0.5880139856495186,1.0684175596560788,0.4804035740065602,"Horvitz-Thompson(recency=40.0,delta=0.20)",HT,40.0,0.2,10,20,169,10000,,yes,0.035,0.9111475905555232
8969,0.46350772386216177,1.253058159178115,0.7895504353159531,"Horvitz-Thompson(recency=40.0,delta=0.20)",HT,40.0,0.2,10,20,169,10000,,yes,0.035,0.9111475905555232
8970,0.5461125428882618,1.3079302007758284,0.7618176578875666,"Horvitz-Thompson(recency=40.0,delta=0.20)",HT,40.0,0.2,10,20,169,10000,,yes,0.035,0.9111475905555232
8971,0.5613520239248052,1.124785247842296,0.5634332239174907,"Horvitz-Thompson(recency=40.0,delta=0.20)",HT,40.0,0.2,10,20,169,10000,,yes,0.035,0.9111475905555232
8972,0.4928713415307936,1.1694071560633716,0.676535814532578,"Horvitz-Thompson(recency=40.0,delta=0.20)",HT,40.0,0.2,10,20,169,10000,,yes,0.035,0.9111475905555232
8973,0.5056262529979182,1.314931146885257,0.8093048938873387,"Horvitz-Thompson(recency=40.0,delta=0.20)",HT,40.0,0.2,10,20,169,10000,,yes,0.035,0.9111475905555232
8974,0.469724067519446,1.1245183612717762,0.6547942937523301,"Horvitz-Thompson(recency=40.0,delta=0.20)",HT,40.0,0.2,10,20,169,10000,,yes,0.035,0.9111475905555232
8975,0.5293202915219437,1.1502267032401905,0.6209064117182468,"Horvitz-Thompson(recency=40.0,delta=0.20)",HT,40.0,0.2,10,20,169,10000,,yes,0.035,0.9111475905555232
8976,0.5311265149325792,1.0945075684448646,0.5633810535122854,"Horvitz-Thompson(recency=40.0,delta=0.20)",HT,40.0,0.2,10,20,169,10000,,yes,0.035,0.9111475905555232
8977,0.47349031124433144,0.9926369050024252,0.5191465937580937,"Horvitz-Thompson(recency=40.0,delta=0.20)",HT,40.0,0.2,10,20,169,10000,,yes,0.035,0.9111475905555232
8978,0.49821142230255366,1.249241599958364,0.7510301776558103,"Horvitz-Thompson(recency=40.0,delta=0.20)",HT,40.0,0.2,10,20,169,10000,,yes,0.035,0.9111475905555232
8979,0.4462211343806133,1.0530985062219245,0.6068773718413112,"Horvitz-Thompson(recency=40.0,delta=0.20)",HT,40.0,0.2,10,20,169,10000,,yes,0.035,0.9111475905555232
8980,0.42442748305718164,0.9872745912172294,0.5628471081600477,"Horvitz-Thompson(recency=40.0,delta=0.20)",HT,40.0,0.2,10,20,169,10000,,yes,0.035,0.9111475905555232
8981,0.4459330966004649,1.1555939034098717,0.7096608068094068,"Horvitz-Thompson(recency=40.0,delta=0.20)",HT,40.0,0.2,10,20,169,10000,,yes,0.035,0.9111475905555232
8982,0.46198149605506605,1.0888817771952821,0.626900281140216,"Horvitz-Thompson(recency=40.0,delta=0.20)",HT,40.0,0.2,10,20,169,10000,,yes,0.035,0.9111475905555232
8983,0.4381063799020201,1.004989268870395,0.5668828889683748,"Horvitz-Thompson(recency=40.0,delta=0.20)",HT,40.0,0.2,10,20,169,10000,,yes,0.035,0.9111475905555232
8984,0.5460418001628,1.1125960461648752,0.5665542460020752,"Horvitz-Thompson(recency=40.0,delta=0.20)",HT,40.0,0.2,10,20,169,10000,,yes,0.035,0.9111475905555232
8985,0.6130557024692352,1.0113870617231822,0.3983313592539469,"Horvitz-Thompson(recency=40.0,delta=0.20)",HT,40.0,0.2,10,20,169,10000,,yes,0.035,0.9111475905555232
8986,0.5741801986795555,1.1157069155662678,0.5415267168867123,"Horvitz-Thompson(recency=40.0,delta=0.20)",HT,40.0,0.2,10,20,169,10000,,yes,0.035,0.9111475905555232
8987,0.5395640806616835,1.1347191779355426,0.5951550972738591,"Horvitz-Thompson(recency=40.0,delta=0.20)",HT,40.0,0.2,10,20,169,10000,,yes,0.035,0.9111475905555232
8988,0.5103929260826291,1.1350342177799113,0.6246412916972822,"Horvitz-Thompson(recency=40.0,delta=0.20)",HT,40.0,0.2,10,20,169,10000,,yes,0.035,0.9111475905555232
8989,0.5245740564641772,0.9669716532791923,0.4423975968150151,"Horvitz-Thompson(recency=40.0,delta=0.20)",HT,40.0,0.2,10,20,169,10000,,yes,0.035,0.9111475905555232
8990,0.5238989231051984,1.156976644009621,0.6330777209044226,"Horvitz-Thompson(recency=40.0,delta=0.20)",HT,40.0,0.2,10,20,169,10000,,yes,0.035,0.9111475905555232
8991,0.5127030158269221,1.1156433035634887,0.6029402877365666,"Horvitz-Thompson(recency=40.0,delta=0.20)",HT,40.0,0.2,10,20,169,10000,,yes,0.035,0.9111475905555232
8992,0.5044691052262497,0.8951287210867486,0.3906596158604989,"Horvitz-Thompson(recency=40.0,delta=0.20)",HT,40.0,0.2,10,20,169,10000,,yes,0.035,0.9111475905555232
8993,0.6667172120306507,1.1574545037894748,0.4907372917588241,"Horvitz-Thompson(recency=40.0,delta=0.20)",HT,40.0,0.2,10,20,169,10000,,yes,0.035,0.9111475905555232
8994,0.5733174538022573,0.8769707846618663,0.303653330859609,"Horvitz-Thompson(recency=40.0,delta=0.20)",HT,40.0,0.2,10,20,169,10000,,yes,0.035,0.9111475905555232
8995,0.5168588350046244,1.0580100593497372,0.5411512243451129,"Horvitz-Thompson(recency=40.0,delta=0.20)",HT,40.0,0.2,10,20,169,10000,,yes,0.035,0.9111475905555232
8996,0.3827098855332253,1.1197903046971593,0.737080419163934,"Horvitz-Thompson(recency=40.0,delta=0.20)",HT,40.0,0.2,10,20,169,10000,,yes,0.035,0.9111475905555232
8997,0.4382299314964048,1.0928872728466696,0.6546573413502648,"Horvitz-Thompson(recency=40.0,delta=0.20)",HT,40.0,0.2,10,20,169,10000,,yes,0.035,0.9111475905555232
8998,0.4353846326264058,1.125181507250408,0.6897968746240023,"Horvitz-Thompson(recency=40.0,delta=0.20)",HT,40.0,0.2,10,20,169,10000,,yes,0.035,0.9111475905555232
8999,0.5140913850968931,1.031683621259722,0.5175922361628289,"Horvitz-Thompson(recency=40.0,delta=0.20)",HT,40.0,0.2,10,20,169,10000,,yes,0.035,0.9111475905555232
9000,0.5054510175021443,1.1331210711272188,0.6276700536250746,"Hajek(recency=40.0,delta=0.20)",Hajek,40.0,0.2,10,20,169,10000,,yes,0.035,0.9111475905555232
9001,0.5034424317965556,1.1535521050497517,0.6501096732531961,"Hajek(recency=40.0,delta=0.20)",Hajek,40.0,0.2,10,20,169,10000,,yes,0.035,0.9111475905555232
9002,0.5271076218853074,1.1363473417958359,0.6092397199105285,"Hajek(recency=40.0,delta=0.20)",Hajek,40.0,0.2,10,20,169,10000,,yes,0.035,0.9111475905555232
9003,0.5151702155030387,1.170772561424421,0.6556023459213824,"Hajek(recency=40.0,delta=0.20)",Hajek,40.0,0.2,10,20,169,10000,,yes,0.035,0.9111475905555232
9004,0.5182262924907856,1.1296837543059945,0.611457461815209,"Hajek(recency=40.0,delta=0.20)",Hajek,40.0,0.2,10,20,169,10000,,yes,0.035,0.9111475905555232
9005,0.5261182672111628,1.1753807401960115,0.6492624729848486,"Hajek(recency=40.0,delta=0.20)",Hajek,40.0,0.2,10,20,169,10000,,yes,0.035,0.9111475905555232
9006,0.5305922055921536,1.1484180991292883,0.6178258935371347,"Hajek(recency=40.0,delta=0.20)",Hajek,40.0,0.2,10,20,169,10000,,yes,0.035,0.9111475905555232
9007,0.5195384703718366,1.1493260671403547,0.629787596768518,"Hajek(recency=40.0,delta=0.20)",Hajek,40.0,0.2,10,20,169,10000,,yes,0.035,0.9111475905555232
9008,0.5024209690303333,1.1211312650573415,0.6187102960270082,"Hajek(recency=40.0,delta=0.20)",Hajek,40.0,0.2,10,20,169,10000,,yes,0.035,0.9111475905555232
9009,0.5344434453001982,1.1770764025051557,0.6426329572049575,"Hajek(recency=40.0,delta=0.20)",Hajek,40.0,0.2,10,20,169,10000,,yes,0.035,0.9111475905555232
9010,0.5228321133258121,1.1460798589101457,0.6232477455843336,"Hajek(recency=40.0,delta=0.20)",Hajek,40.0,0.2,10,20,169,10000,,yes,0.035,0.9111475905555232
9011,0.5115297149588267,1.1373850524876656,0.6258553375288389,"Hajek(recency=40.0,delta=0.20)",Hajek,40.0,0.2,10,20,169,10000,,yes,0.035,0.9111475905555232
9012,0.5217243110467682,1.1355783139319782,0.61385400288521,"Hajek(recency=40.0,delta=0.20)",Hajek,40.0,0.2,10,20,169,10000,,yes,0.035,0.9111475905555232
9013,0.5131719493279134,1.1733163388683514,0.660144389540438,"Hajek(recency=40.0,delta=0.20)",Hajek,40.0,0.2,10,20,169,10000,,yes,0.035,0.9111475905555232
9014,0.5304777331577495,1.1243525532917742,0.5938748201340247,"Hajek(recency=40.0,delta=0.20)",Hajek,40.0,0.2,10,20,169,10000,,yes,0.035,0.9111475905555232
9015,0.53445895170117,1.161987176716386,0.6275282250152161,"Hajek(recency=40.0,delta=0.20)",Hajek,40.0,0.2,10,20,169,10000,,yes,0.035,0.9111475905555232
9016,0.5247958238125737,1.133834601085014,0.6090387772724403,"Hajek(recency=40.0,delta=0.20)",Hajek,40.0,0.2,10,20,169,10000,,yes,0.035,0.9111475905555232
9017,0.523061727076748,1.1501164868542297,0.6270547597774817,"Hajek(recency=40.0,delta=0.20)",Hajek,40.0,0.2,10,20,169,10000,,yes,0.035,0.9111475905555232
9018,0.5229298158764707,1.1433638801553379,0.6204340642788672,"Hajek(recency=40.0,delta=0.20)",Hajek,40.0,0.2,10,20,169,10000,,yes,0.035,0.9111475905555232
9019,0.5171218495042268,1.1329350849477033,0.6158132354434765,"Hajek(recency=40.0,delta=0.20)",Hajek,40.0,0.2,10,20,169,10000,,yes,0.035,0.9111475905555232
9020,0.5220487235372545,1.1430223481561377,0.6209736246188832,"Hajek(recency=40.0,delta=0.20)",Hajek,40.0,0.2,10,20,169,10000,,yes,0.035,0.9111475905555232
9021,0.49846257432831437,1.155127207324711,0.6566646329963965,"Hajek(recency=40.0,delta=0.20)",Hajek,40.0,0.2,10,20,169,10000,,yes,0.035,0.9111475905555232
9022,0.5034896200127175,1.1530795589843634,0.649589938971646,"Hajek(recency=40.0,delta=0.20)",Hajek,40.0,0.2,10,20,169,10000,,yes,0.035,0.9111475905555232
9023,0.5236110788331293,1.1615588829937993,0.63794780416067,"Hajek(recency=40.0,delta=0.20)",Hajek,40.0,0.2,10,20,169,10000,,yes,0.035,0.9111475905555232
9024,0.5254630610946647,1.1179573626574557,0.592494301562791,"Hajek(recency=40.0,delta=0.20)",Hajek,40.0,0.2,10,20,169,10000,,yes,0.035,0.9111475905555232
9025,0.5359197974138866,1.1659555273374675,0.6300357299235809,"Hajek(recency=40.0,delta=0.20)",Hajek,40.0,0.2,10,20,169,10000,,yes,0.035,0.9111475905555232
9026,0.5280328379323819,1.159913514069659,0.6318806761372772,"Hajek(recency=40.0,delta=0.20)",Hajek,40.0,0.2,10,20,169,10000,,yes,0.035,0.9111475905555232
9027,0.5090691590025088,1.119978580033922,0.6109094210314131,"Hajek(recency=40.0,delta=0.20)",Hajek,40.0,0.2,10,20,169,10000,,yes,0.035,0.9111475905555232
9028,0.5185704786512882,1.1209024634934917,0.6023319848422034,"Hajek(recency=40.0,delta=0.20)",Hajek,40.0,0.2,10,20,169,10000,,yes,0.035,0.9111475905555232
9029,0.5241532496425101,1.146991983417065,0.6228387337745549,"Hajek(recency=40.0,delta=0.20)",Hajek,40.0,0.2,10,20,169,10000,,yes,0.035,0.9111475905555232
9030,0.5161341851059316,1.1338250603309459,0.6176908752250143,"Hajek(recency=40.0,delta=0.20)",Hajek,40.0,0.2,10,20,169,10000,,yes,0.035,0.9111475905555232
9031,0.5167378072785204,1.1536257639143521,0.6368879566358318,"Hajek(recency=40.0,delta=0.20)",Hajek,40.0,0.2,10,20,169,10000,,yes,0.035,0.9111475905555232
9032,0.511126903579765,1.1546929039976888,0.6435660004179238,"Hajek(recency=40.0,delta=0.20)",Hajek,40.0,0.2,10,20,169,10000,,yes,0.035,0.9111475905555232
9033,0.4875197772102449,1.1402324773638168,0.652712700153572,"Hajek(recency=40.0,delta=0.20)",Hajek,40.0,0.2,10,20,169,10000,,yes,0.035,0.9111475905555232
9034,0.5073617883983016,1.1439454890351892,0.6365837006368876,"Hajek(recency=40.0,delta=0.20)",Hajek,40.0,0.2,10,20,169,10000,,yes,0.035,0.9111475905555232
9035,0.5050221000253844,1.137724903372724,0.6327028033473395,"Hajek(recency=40.0,delta=0.20)",Hajek,40.0,0.2,10,20,169,10000,,yes,0.035,0.9111475905555232
9036,0.5211592544996251,1.1460203122142596,0.6248610577146345,"Hajek(recency=40.0,delta=0.20)",Hajek,40.0,0.2,10,20,169,10000,,yes,0.035,0.9111475905555232
9037,0.5069867099152299,1.1368303986734287,0.6298436887581988,"Hajek(recency=40.0,delta=0.20)",Hajek,40.0,0.2,10,20,169,10000,,yes,0.035,0.9111475905555232
9038,0.5066344231721556,1.153657443640816,0.6470230204686604,"Hajek(recency=40.0,delta=0.20)",Hajek,40.0,0.2,10,20,169,10000,,yes,0.035,0.9111475905555232
9039,0.5220508156419865,1.1514573457009445,0.629406530058958,"Hajek(recency=40.0,delta=0.20)",Hajek,40.0,0.2,10,20,169,10000,,yes,0.035,0.9111475905555232
9040,0.5105148079239846,1.1288529106745389,0.6183381027505542,"Hajek(recency=40.0,delta=0.20)",Hajek,40.0,0.2,10,20,169,10000,,yes,0.035,0.9111475905555232
9041,0.5063364486685843,1.143690123352894,0.6373536746843097,"Hajek(recency=40.0,delta=0.20)",Hajek,40.0,0.2,10,20,169,10000,,yes,0.035,0.9111475905555232
9042,0.5100670853496182,1.1549150709747842,0.644847985625166,"Hajek(recency=40.0,delta=0.20)",Hajek,40.0,0.2,10,20,169,10000,,yes,0.035,0.9111475905555232
9043,0.5150009472473929,1.1731527390851153,0.6581517918377224,"Hajek(recency=40.0,delta=0.20)",Hajek,40.0,0.2,10,20,169,10000,,yes,0.035,0.9111475905555232
9044,0.5027817858666875,1.1512158472738379,0.6484340614071503,"Hajek(recency=40.0,delta=0.20)",Hajek,40.0,0.2,10,20,169,10000,,yes,0.035,0.9111475905555232
9045,0.510645637064062,1.177736747047582,0.66709110998352,"Hajek(recency=40.0,delta=0.20)",Hajek,40.0,0.2,10,20,169,10000,,yes,0.035,0.9111475905555232
9046,0.5331590679256811,1.149803130816689,0.6166440628910078,"Hajek(recency=40.0,delta=0.20)",Hajek,40.0,0.2,10,20,169,10000,,yes,0.035,0.9111475905555232
9047,0.5114586528429304,1.1254357714396304,0.6139771185967,"Hajek(recency=40.0,delta=0.20)",Hajek,40.0,0.2,10,20,169,10000,,yes,0.035,0.9111475905555232
9048,0.5209054717443856,1.1493506561561944,0.6284451844118087,"Hajek(recency=40.0,delta=0.20)",Hajek,40.0,0.2,10,20,169,10000,,yes,0.035,0.9111475905555232
9049,0.5068812535656472,1.1126530353293365,0.6057717817636893,"Hajek(recency=40.0,delta=0.20)",Hajek,40.0,0.2,10,20,169,10000,,yes,0.035,0.9111475905555232
9050,0.5000866922562344,1.1698389602184283,0.6697522679621939,"Hajek(recency=40.0,delta=0.20)",Hajek,40.0,0.2,10,20,169,10000,,yes,0.035,0.9111475905555232
9051,0.4975043535352058,1.1406284575419243,0.6431241040067186,"Hajek(recency=40.0,delta=0.20)",Hajek,40.0,0.2,10,20,169,10000,,yes,0.035,0.9111475905555232
9052,0.5004396911864459,1.1480707460627528,0.6476310548763069,"Hajek(recency=40.0,delta=0.20)",Hajek,40.0,0.2,10,20,169,10000,,yes,0.035,0.9111475905555232
9053,0.5039635443476955,1.166209327475477,0.6622457831277815,"Hajek(recency=40.0,delta=0.20)",Hajek,40.0,0.2,10,20,169,10000,,yes,0.035,0.9111475905555232
9054,0.5162873278152535,1.1308350412668027,0.6145477134515491,"Hajek(recency=40.0,delta=0.20)",Hajek,40.0,0.2,10,20,169,10000,,yes,0.035,0.9111475905555232
9055,0.5173330872360198,1.154345283185367,0.6370121959493473,"Hajek(recency=40.0,delta=0.20)",Hajek,40.0,0.2,10,20,169,10000,,yes,0.035,0.9111475905555232
9056,0.524767935512332,1.1481079541424464,0.6233400186301143,"Hajek(recency=40.0,delta=0.20)",Hajek,40.0,0.2,10,20,169,10000,,yes,0.035,0.9111475905555232
9057,0.5325703434660308,1.1300958347214147,0.5975254912553839,"Hajek(recency=40.0,delta=0.20)",Hajek,40.0,0.2,10,20,169,10000,,yes,0.035,0.9111475905555232
9058,0.5122383640240096,1.1671534782881554,0.6549151142641458,"Hajek(recency=40.0,delta=0.20)",Hajek,40.0,0.2,10,20,169,10000,,yes,0.035,0.9111475905555232
9059,0.5114211746955732,1.1178216055078984,0.6064004308123252,"Hajek(recency=40.0,delta=0.20)",Hajek,40.0,0.2,10,20,169,10000,,yes,0.035,0.9111475905555232
9060,0.5003075045404928,1.1631047283283222,0.6627972237878295,"Hajek(recency=40.0,delta=0.20)",Hajek,40.0,0.2,10,20,169,10000,,yes,0.035,0.9111475905555232
9061,0.5182968568755152,1.128916384202992,0.6106195273274767,"Hajek(recency=40.0,delta=0.20)",Hajek,40.0,0.2,10,20,169,10000,,yes,0.035,0.9111475905555232
9062,0.49541886539460145,1.14133873238558,0.6459198669909785,"Hajek(recency=40.0,delta=0.20)",Hajek,40.0,0.2,10,20,169,10000,,yes,0.035,0.9111475905555232
9063,0.5306537638709163,1.1251034107738138,0.5944496469028975,"Hajek(recency=40.0,delta=0.20)",Hajek,40.0,0.2,10,20,169,10000,,yes,0.035,0.9111475905555232
9064,0.514900199306501,1.1551329887251727,0.6402327894186717,"Hajek(recency=40.0,delta=0.20)",Hajek,40.0,0.2,10,20,169,10000,,yes,0.035,0.9111475905555232
9065,0.5167679539457317,1.1257292758939712,0.6089613219482395,"Hajek(recency=40.0,delta=0.20)",Hajek,40.0,0.2,10,20,169,10000,,yes,0.035,0.9111475905555232
9066,0.4954261532774419,1.1601726626174909,0.664746509340049,"Hajek(recency=40.0,delta=0.20)",Hajek,40.0,0.2,10,20,169,10000,,yes,0.035,0.9111475905555232
9067,0.517893181167633,1.1336972998493715,0.6158041186817385,"Hajek(recency=40.0,delta=0.20)",Hajek,40.0,0.2,10,20,169,10000,,yes,0.035,0.9111475905555232
9068,0.49874812644947225,1.151994056987263,0.6532459305377909,"Hajek(recency=40.0,delta=0.20)",Hajek,40.0,0.2,10,20,169,10000,,yes,0.035,0.9111475905555232
9069,0.5292865660611961,1.1491189935396977,0.6198324274785016,"Hajek(recency=40.0,delta=0.20)",Hajek,40.0,0.2,10,20,169,10000,,yes,0.035,0.9111475905555232
9070,0.5182765410204302,1.1278999757235408,0.6096234347031106,"Hajek(recency=40.0,delta=0.20)",Hajek,40.0,0.2,10,20,169,10000,,yes,0.035,0.9111475905555232
9071,0.5108345850193395,1.1314373724002154,0.6206027873808758,"Hajek(recency=40.0,delta=0.20)",Hajek,40.0,0.2,10,20,169,10000,,yes,0.035,0.9111475905555232
9072,0.5014651500659443,1.1731763197272242,0.67171116966128,"Hajek(recency=40.0,delta=0.20)",Hajek,40.0,0.2,10,20,169,10000,,yes,0.035,0.9111475905555232
9073,0.529496334880122,1.1713400044722804,0.6418436695921583,"Hajek(recency=40.0,delta=0.20)",Hajek,40.0,0.2,10,20,169,10000,,yes,0.035,0.9111475905555232
9074,0.5016891174675625,1.1389033736978589,0.6372142562302964,"Hajek(recency=40.0,delta=0.20)",Hajek,40.0,0.2,10,20,169,10000,,yes,0.035,0.9111475905555232
9075,0.5227910919453529,1.1602141844071914,0.6374230924618385,"Hajek(recency=40.0,delta=0.20)",Hajek,40.0,0.2,10,20,169,10000,,yes,0.035,0.9111475905555232
9076,0.5332135342511598,1.147818976418162,0.6146054421670023,"Hajek(recency=40.0,delta=0.20)",Hajek,40.0,0.2,10,20,169,10000,,yes,0.035,0.9111475905555232
9077,0.5401794315941666,1.1571943320606852,0.6170149004665186,"Hajek(recency=40.0,delta=0.20)",Hajek,40.0,0.2,10,20,169,10000,,yes,0.035,0.9111475905555232
9078,0.5281499817371551,1.135011472033835,0.6068614902966798,"Hajek(recency=40.0,delta=0.20)",Hajek,40.0,0.2,10,20,169,10000,,yes,0.035,0.9111475905555232
9079,0.530908771450943,1.1264943948868407,0.5955856234358977,"Hajek(recency=40.0,delta=0.20)",Hajek,40.0,0.2,10,20,169,10000,,yes,0.035,0.9111475905555232
9080,0.5238478868168106,1.1489384032302246,0.625090516413414,"Hajek(recency=40.0,delta=0.20)",Hajek,40.0,0.2,10,20,169,10000,,yes,0.035,0.9111475905555232
9081,0.5195855430047196,1.1369612227525803,0.6173756797478607,"Hajek(recency=40.0,delta=0.20)",Hajek,40.0,0.2,10,20,169,10000,,yes,0.035,0.9111475905555232
9082,0.5100024795216933,1.1511567743197564,0.6411542947980631,"Hajek(recency=40.0,delta=0.20)",Hajek,40.0,0.2,10,20,169,10000,,yes,0.035,0.9111475905555232
9083,0.5138650131624817,1.1720777264762734,0.6582127133137917,"Hajek(recency=40.0,delta=0.20)",Hajek,40.0,0.2,10,20,169,10000,,yes,0.035,0.9111475905555232
9084,0.5117331646548295,1.1492389574634518,0.6375057928086223,"Hajek(recency=40.0,delta=0.20)",Hajek,40.0,0.2,10,20,169,10000,,yes,0.035,0.9111475905555232
9085,0.5068114463344172,1.148242797679771,0.6414313513453539,"Hajek(recency=40.0,delta=0.20)",Hajek,40.0,0.2,10,20,169,10000,,yes,0.035,0.9111475905555232
9086,0.5147155211522214,1.1453571892863625,0.6306416681341411,"Hajek(recency=40.0,delta=0.20)",Hajek,40.0,0.2,10,20,169,10000,,yes,0.035,0.9111475905555232
9087,0.521045129832561,1.1650022629952337,0.6439571331626727,"Hajek(recency=40.0,delta=0.20)",Hajek,40.0,0.2,10,20,169,10000,,yes,0.035,0.9111475905555232
9088,0.5084658926641518,1.114184262266739,0.6057183696025873,"Hajek(recency=40.0,delta=0.20)",Hajek,40.0,0.2,10,20,169,10000,,yes,0.035,0.9111475905555232
9089,0.5331519751585341,1.1340012607925152,0.6008492856339811,"Hajek(recency=40.0,delta=0.20)",Hajek,40.0,0.2,10,20,169,10000,,yes,0.035,0.9111475905555232
9090,0.505267481663779,1.145549317293075,0.6402818356292961,"Hajek(recency=40.0,delta=0.20)",Hajek,40.0,0.2,10,20,169,10000,,yes,0.035,0.9111475905555232
9091,0.5076713493265065,1.1347194639881653,0.6270481146616588,"Hajek(recency=40.0,delta=0.20)",Hajek,40.0,0.2,10,20,169,10000,,yes,0.035,0.9111475905555232
9092,0.5153031692323062,1.1654386922125766,0.6501355229802703,"Hajek(recency=40.0,delta=0.20)",Hajek,40.0,0.2,10,20,169,10000,,yes,0.035,0.9111475905555232
9093,0.5320652928923976,1.1458136625227882,0.6137483696303906,"Hajek(recency=40.0,delta=0.20)",Hajek,40.0,0.2,10,20,169,10000,,yes,0.035,0.9111475905555232
9094,0.5439803788526693,1.1650761916995769,0.6210958128469076,"Hajek(recency=40.0,delta=0.20)",Hajek,40.0,0.2,10,20,169,10000,,yes,0.035,0.9111475905555232
9095,0.5202463045910936,1.1284285561962375,0.6081822516051439,"Hajek(recency=40.0,delta=0.20)",Hajek,40.0,0.2,10,20,169,10000,,yes,0.035,0.9111475905555232
9096,0.49986527142612885,1.1119736454098859,0.612108373983757,"Hajek(recency=40.0,delta=0.20)",Hajek,40.0,0.2,10,20,169,10000,,yes,0.035,0.9111475905555232
9097,0.5190796415233017,1.1141321217926063,0.5950524802693047,"Hajek(recency=40.0,delta=0.20)",Hajek,40.0,0.2,10,20,169,10000,,yes,0.035,0.9111475905555232
9098,0.5404125651113352,1.1392878050824202,0.598875239971085,"Hajek(recency=40.0,delta=0.20)",Hajek,40.0,0.2,10,20,169,10000,,yes,0.035,0.9111475905555232
9099,0.5040587608559354,1.1130334583017973,0.608974697445862,"Hajek(recency=40.0,delta=0.20)",Hajek,40.0,0.2,10,20,169,10000,,yes,0.035,0.9111475905555232
9100,0.5141711621041093,1.1541036910922884,0.6399325289881791,"Hajek(recency=40.0,delta=0.20)",Hajek,40.0,0.2,10,20,169,10000,,yes,0.035,0.9111475905555232
9101,0.5196020525784147,1.132807610185477,0.6132055576070622,"Hajek(recency=40.0,delta=0.20)",Hajek,40.0,0.2,10,20,169,10000,,yes,0.035,0.9111475905555232
9102,0.5013440015211038,1.1524436816059056,0.6510996800848018,"Hajek(recency=40.0,delta=0.20)",Hajek,40.0,0.2,10,20,169,10000,,yes,0.035,0.9111475905555232
9103,0.5118134318999964,1.1600542728694854,0.648240840969489,"Hajek(recency=40.0,delta=0.20)",Hajek,40.0,0.2,10,20,169,10000,,yes,0.035,0.9111475905555232
9104,0.5096161781483551,1.152624265966742,0.6430080878183869,"Hajek(recency=40.0,delta=0.20)",Hajek,40.0,0.2,10,20,169,10000,,yes,0.035,0.9111475905555232
9105,0.4911418758186907,1.167680964717549,0.6765390888988583,"Hajek(recency=40.0,delta=0.20)",Hajek,40.0,0.2,10,20,169,10000,,yes,0.035,0.9111475905555232
9106,0.5127426461887569,1.1364592493103784,0.6237166031216216,"Hajek(recency=40.0,delta=0.20)",Hajek,40.0,0.2,10,20,169,10000,,yes,0.035,0.9111475905555232
9107,0.5301831107808892,1.1611206213507996,0.6309375105699104,"Hajek(recency=40.0,delta=0.20)",Hajek,40.0,0.2,10,20,169,10000,,yes,0.035,0.9111475905555232
9108,0.5269860318062347,1.1506920896619615,0.6237060578557267,"Hajek(recency=40.0,delta=0.20)",Hajek,40.0,0.2,10,20,169,10000,,yes,0.035,0.9111475905555232
9109,0.5076378252638248,1.128397915461428,0.6207600901976033,"Hajek(recency=40.0,delta=0.20)",Hajek,40.0,0.2,10,20,169,10000,,yes,0.035,0.9111475905555232
9110,0.5108970371643342,1.145908800049907,0.6350117628855727,"Hajek(recency=40.0,delta=0.20)",Hajek,40.0,0.2,10,20,169,10000,,yes,0.035,0.9111475905555232
9111,0.5125069778808494,1.1536288517272302,0.6411218738463808,"Hajek(recency=40.0,delta=0.20)",Hajek,40.0,0.2,10,20,169,10000,,yes,0.035,0.9111475905555232
9112,0.5163731343838194,1.1490396597407864,0.632666525356967,"Hajek(recency=40.0,delta=0.20)",Hajek,40.0,0.2,10,20,169,10000,,yes,0.035,0.9111475905555232
9113,0.5063759969935342,1.126570832811968,0.6201948358184337,"Hajek(recency=40.0,delta=0.20)",Hajek,40.0,0.2,10,20,169,10000,,yes,0.035,0.9111475905555232
9114,0.525653714198632,1.1290482692875488,0.6033945550889167,"Hajek(recency=40.0,delta=0.20)",Hajek,40.0,0.2,10,20,169,10000,,yes,0.035,0.9111475905555232
9115,0.5252262933219253,1.1479034898284977,0.6226771965065724,"Hajek(recency=40.0,delta=0.20)",Hajek,40.0,0.2,10,20,169,10000,,yes,0.035,0.9111475905555232
9116,0.5207726983285865,1.1560769820893755,0.635304283760789,"Hajek(recency=40.0,delta=0.20)",Hajek,40.0,0.2,10,20,169,10000,,yes,0.035,0.9111475905555232
9117,0.5124620834547503,1.1310433835069118,0.6185813000521615,"Hajek(recency=40.0,delta=0.20)",Hajek,40.0,0.2,10,20,169,10000,,yes,0.035,0.9111475905555232
9118,0.5270784895689156,1.1344381425778916,0.607359653008976,"Hajek(recency=40.0,delta=0.20)",Hajek,40.0,0.2,10,20,169,10000,,yes,0.035,0.9111475905555232
9119,0.5296719019777124,1.139220517814958,0.6095486158372455,"Hajek(recency=40.0,delta=0.20)",Hajek,40.0,0.2,10,20,169,10000,,yes,0.035,0.9111475905555232
9120,0.5226433944202171,1.1585678242159436,0.6359244297957265,"Hajek(recency=40.0,delta=0.20)",Hajek,40.0,0.2,10,20,169,10000,,yes,0.035,0.9111475905555232
9121,0.5188415504789244,1.1491662897227466,0.6303247392438222,"Hajek(recency=40.0,delta=0.20)",Hajek,40.0,0.2,10,20,169,10000,,yes,0.035,0.9111475905555232
9122,0.5297988137384838,1.1522813440904673,0.6224825303519835,"Hajek(recency=40.0,delta=0.20)",Hajek,40.0,0.2,10,20,169,10000,,yes,0.035,0.9111475905555232
9123,0.5157952865341333,1.1488250395301225,0.6330297529959892,"Hajek(recency=40.0,delta=0.20)",Hajek,40.0,0.2,10,20,169,10000,,yes,0.035,0.9111475905555232
9124,0.5084227915296526,1.1717753001554703,0.6633525086258176,"Hajek(recency=40.0,delta=0.20)",Hajek,40.0,0.2,10,20,169,10000,,yes,0.035,0.9111475905555232
9125,0.5087140914369811,1.163770396822696,0.6550563053857149,"Hajek(recency=40.0,delta=0.20)",Hajek,40.0,0.2,10,20,169,10000,,yes,0.035,0.9111475905555232
9126,0.5322204917128065,1.1503361639928764,0.6181156722800699,"Hajek(recency=40.0,delta=0.20)",Hajek,40.0,0.2,10,20,169,10000,,yes,0.035,0.9111475905555232
9127,0.49789972795767684,1.1422922171670316,0.6443924892093547,"Hajek(recency=40.0,delta=0.20)",Hajek,40.0,0.2,10,20,169,10000,,yes,0.035,0.9111475905555232
9128,0.4960997273204007,1.1370253670434938,0.6409256397230931,"Hajek(recency=40.0,delta=0.20)",Hajek,40.0,0.2,10,20,169,10000,,yes,0.035,0.9111475905555232
9129,0.5151090490025009,1.161395374016784,0.6462863250142831,"Hajek(recency=40.0,delta=0.20)",Hajek,40.0,0.2,10,20,169,10000,,yes,0.035,0.9111475905555232
9130,0.5097491342644653,1.1528486410486911,0.6430995067842258,"Hajek(recency=40.0,delta=0.20)",Hajek,40.0,0.2,10,20,169,10000,,yes,0.035,0.9111475905555232
9131,0.5151217596166513,1.1658839691427907,0.6507622095261394,"Hajek(recency=40.0,delta=0.20)",Hajek,40.0,0.2,10,20,169,10000,,yes,0.035,0.9111475905555232
9132,0.5314885933725016,1.1286725410723122,0.5971839476998105,"Hajek(recency=40.0,delta=0.20)",Hajek,40.0,0.2,10,20,169,10000,,yes,0.035,0.9111475905555232
9133,0.5121562748285019,1.1692803919846002,0.6571241171560983,"Hajek(recency=40.0,delta=0.20)",Hajek,40.0,0.2,10,20,169,10000,,yes,0.035,0.9111475905555232
9134,0.5097464376413098,1.145153814241681,0.6354073766003713,"Hajek(recency=40.0,delta=0.20)",Hajek,40.0,0.2,10,20,169,10000,,yes,0.035,0.9111475905555232
9135,0.5206812498356057,1.167791193320097,0.6471099434844914,"Hajek(recency=40.0,delta=0.20)",Hajek,40.0,0.2,10,20,169,10000,,yes,0.035,0.9111475905555232
9136,0.5078379533507712,1.160748828086057,0.6529108747352858,"Hajek(recency=40.0,delta=0.20)",Hajek,40.0,0.2,10,20,169,10000,,yes,0.035,0.9111475905555232
9137,0.5013002791911054,1.16467535484324,0.6633750756521346,"Hajek(recency=40.0,delta=0.20)",Hajek,40.0,0.2,10,20,169,10000,,yes,0.035,0.9111475905555232
9138,0.5149383443881445,1.1418221596804725,0.6268838152923281,"Hajek(recency=40.0,delta=0.20)",Hajek,40.0,0.2,10,20,169,10000,,yes,0.035,0.9111475905555232
9139,0.5180357284891051,1.1402348870893388,0.6221991586002338,"Hajek(recency=40.0,delta=0.20)",Hajek,40.0,0.2,10,20,169,10000,,yes,0.035,0.9111475905555232
9140,0.5035265106844661,1.1630827258536631,0.659556215169197,"Hajek(recency=40.0,delta=0.20)",Hajek,40.0,0.2,10,20,169,10000,,yes,0.035,0.9111475905555232
9141,0.5341747747682974,1.1588140807241043,0.6246393059558069,"Hajek(recency=40.0,delta=0.20)",Hajek,40.0,0.2,10,20,169,10000,,yes,0.035,0.9111475905555232
9142,0.5137337931806502,1.160667040594304,0.6469332474136539,"Hajek(recency=40.0,delta=0.20)",Hajek,40.0,0.2,10,20,169,10000,,yes,0.035,0.9111475905555232
9143,0.5148477033895653,1.141211257470233,0.6263635540806678,"Hajek(recency=40.0,delta=0.20)",Hajek,40.0,0.2,10,20,169,10000,,yes,0.035,0.9111475905555232
9144,0.5139477882525235,1.1450540588153537,0.6311062705628302,"Hajek(recency=40.0,delta=0.20)",Hajek,40.0,0.2,10,20,169,10000,,yes,0.035,0.9111475905555232
9145,0.5379321804350851,1.1401189102658542,0.6021867298307692,"Hajek(recency=40.0,delta=0.20)",Hajek,40.0,0.2,10,20,169,10000,,yes,0.035,0.9111475905555232
9146,0.4922254337280864,1.1423889280220143,0.6501634942939278,"Hajek(recency=40.0,delta=0.20)",Hajek,40.0,0.2,10,20,169,10000,,yes,0.035,0.9111475905555232
9147,0.5223778641154629,1.1566624863183808,0.6342846222029178,"Hajek(recency=40.0,delta=0.20)",Hajek,40.0,0.2,10,20,169,10000,,yes,0.035,0.9111475905555232
9148,0.5305989088054791,1.1564754180874393,0.6258765092819601,"Hajek(recency=40.0,delta=0.20)",Hajek,40.0,0.2,10,20,169,10000,,yes,0.035,0.9111475905555232
9149,0.518939298528848,1.1324511146371137,0.6135118161082657,"Hajek(recency=40.0,delta=0.20)",Hajek,40.0,0.2,10,20,169,10000,,yes,0.035,0.9111475905555232
9150,0.5272136271693479,1.1405533568053101,0.6133397296359622,"Hajek(recency=40.0,delta=0.20)",Hajek,40.0,0.2,10,20,169,10000,,yes,0.035,0.9111475905555232
9151,0.5181943523363867,1.1651845269602934,0.6469901746239067,"Hajek(recency=40.0,delta=0.20)",Hajek,40.0,0.2,10,20,169,10000,,yes,0.035,0.9111475905555232
9152,0.5152897765965427,1.132968216802169,0.6176784402056263,"Hajek(recency=40.0,delta=0.20)",Hajek,40.0,0.2,10,20,169,10000,,yes,0.035,0.9111475905555232
9153,0.52488863440417,1.1383674293013584,0.6134787948971884,"Hajek(recency=40.0,delta=0.20)",Hajek,40.0,0.2,10,20,169,10000,,yes,0.035,0.9111475905555232
9154,0.5005059505409539,1.1496034941205722,0.6490975435796182,"Hajek(recency=40.0,delta=0.20)",Hajek,40.0,0.2,10,20,169,10000,,yes,0.035,0.9111475905555232
9155,0.5266985747093045,1.1380308736988876,0.6113322989895831,"Hajek(recency=40.0,delta=0.20)",Hajek,40.0,0.2,10,20,169,10000,,yes,0.035,0.9111475905555232
9156,0.4784934945162279,1.1434184562725003,0.6649249617562724,"Hajek(recency=40.0,delta=0.20)",Hajek,40.0,0.2,10,20,169,10000,,yes,0.035,0.9111475905555232
9157,0.5139547925315493,1.163699678483669,0.6497448859521198,"Hajek(recency=40.0,delta=0.20)",Hajek,40.0,0.2,10,20,169,10000,,yes,0.035,0.9111475905555232
9158,0.5179662915786195,1.1408278375902976,0.6228615460116781,"Hajek(recency=40.0,delta=0.20)",Hajek,40.0,0.2,10,20,169,10000,,yes,0.035,0.9111475905555232
9159,0.5088267190438847,1.1260715570059578,0.6172448379620732,"Hajek(recency=40.0,delta=0.20)",Hajek,40.0,0.2,10,20,169,10000,,yes,0.035,0.9111475905555232
9160,0.504330594158426,1.1467057552221587,0.6423751610637327,"Hajek(recency=40.0,delta=0.20)",Hajek,40.0,0.2,10,20,169,10000,,yes,0.035,0.9111475905555232
9161,0.5020410934107257,1.1660280141314134,0.6639869207206878,"Hajek(recency=40.0,delta=0.20)",Hajek,40.0,0.2,10,20,169,10000,,yes,0.035,0.9111475905555232
9162,0.5156392196851568,1.1191445172189078,0.603505297533751,"Hajek(recency=40.0,delta=0.20)",Hajek,40.0,0.2,10,20,169,10000,,yes,0.035,0.9111475905555232
9163,0.5151025087239289,1.1752091075144653,0.6601065987905363,"Hajek(recency=40.0,delta=0.20)",Hajek,40.0,0.2,10,20,169,10000,,yes,0.035,0.9111475905555232
9164,0.5045758661591236,1.1764702016095614,0.6718943354504378,"Hajek(recency=40.0,delta=0.20)",Hajek,40.0,0.2,10,20,169,10000,,yes,0.035,0.9111475905555232
9165,0.5181398452968736,1.1510608805256344,0.6329210352287608,"Hajek(recency=40.0,delta=0.20)",Hajek,40.0,0.2,10,20,169,10000,,yes,0.035,0.9111475905555232
9166,0.5027871330327046,1.157417104807563,0.6546299717748584,"Hajek(recency=40.0,delta=0.20)",Hajek,40.0,0.2,10,20,169,10000,,yes,0.035,0.9111475905555232
9167,0.5275757669584148,1.132524798794634,0.6049490318362193,"Hajek(recency=40.0,delta=0.20)",Hajek,40.0,0.2,10,20,169,10000,,yes,0.035,0.9111475905555232
9168,0.5047090312504228,1.1584339370840773,0.6537249058336545,"Hajek(recency=40.0,delta=0.20)",Hajek,40.0,0.2,10,20,169,10000,,yes,0.035,0.9111475905555232
9169,0.4826574354012924,1.1518112179498476,0.6691537825485552,"Hajek(recency=40.0,delta=0.20)",Hajek,40.0,0.2,10,20,169,10000,,yes,0.035,0.9111475905555232
9170,0.5176527071994091,1.1171097918622228,0.5994570846628137,"Hajek(recency=40.0,delta=0.20)",Hajek,40.0,0.2,10,20,169,10000,,yes,0.035,0.9111475905555232
9171,0.5128328864373136,1.1359918136142233,0.6231589271769097,"Hajek(recency=40.0,delta=0.20)",Hajek,40.0,0.2,10,20,169,10000,,yes,0.035,0.9111475905555232
9172,0.5313565482431857,1.145760579886999,0.6144040316438133,"Hajek(recency=40.0,delta=0.20)",Hajek,40.0,0.2,10,20,169,10000,,yes,0.035,0.9111475905555232
9173,0.5240317741348566,1.157271690127399,0.6332399159925424,"Hajek(recency=40.0,delta=0.20)",Hajek,40.0,0.2,10,20,169,10000,,yes,0.035,0.9111475905555232
9174,0.5088738435080369,1.1543731930723196,0.6454993495642827,"Hajek(recency=40.0,delta=0.20)",Hajek,40.0,0.2,10,20,169,10000,,yes,0.035,0.9111475905555232
9175,0.5218815549741664,1.1475271565044916,0.6256456015303251,"Hajek(recency=40.0,delta=0.20)",Hajek,40.0,0.2,10,20,169,10000,,yes,0.035,0.9111475905555232
9176,0.5140088674635833,1.1389891246925794,0.6249802572289961,"Hajek(recency=40.0,delta=0.20)",Hajek,40.0,0.2,10,20,169,10000,,yes,0.035,0.9111475905555232
9177,0.5235762239497035,1.148413178019314,0.6248369540696106,"Hajek(recency=40.0,delta=0.20)",Hajek,40.0,0.2,10,20,169,10000,,yes,0.035,0.9111475905555232
9178,0.49203714314303215,1.1488948636639353,0.6568577205209032,"Hajek(recency=40.0,delta=0.20)",Hajek,40.0,0.2,10,20,169,10000,,yes,0.035,0.9111475905555232
9179,0.5207594118861641,1.1471983733022688,0.6264389614161047,"Hajek(recency=40.0,delta=0.20)",Hajek,40.0,0.2,10,20,169,10000,,yes,0.035,0.9111475905555232
9180,0.5028613448066724,1.1674584010141993,0.6645970562075268,"Hajek(recency=40.0,delta=0.20)",Hajek,40.0,0.2,10,20,169,10000,,yes,0.035,0.9111475905555232
9181,0.5025582145568721,1.1640977952221094,0.6615395806652373,"Hajek(recency=40.0,delta=0.20)",Hajek,40.0,0.2,10,20,169,10000,,yes,0.035,0.9111475905555232
9182,0.521776605948267,1.1650346217249208,0.6432580157766538,"Hajek(recency=40.0,delta=0.20)",Hajek,40.0,0.2,10,20,169,10000,,yes,0.035,0.9111475905555232
9183,0.49665805009378095,1.1680169507597975,0.6713589006660166,"Hajek(recency=40.0,delta=0.20)",Hajek,40.0,0.2,10,20,169,10000,,yes,0.035,0.9111475905555232
9184,0.5091791955276639,1.14241913196736,0.6332399364396961,"Hajek(recency=40.0,delta=0.20)",Hajek,40.0,0.2,10,20,169,10000,,yes,0.035,0.9111475905555232
9185,0.4965341989480714,1.1424329093151286,0.6458987103670573,"Hajek(recency=40.0,delta=0.20)",Hajek,40.0,0.2,10,20,169,10000,,yes,0.035,0.9111475905555232
9186,0.5201428046554889,1.1627961097762791,0.6426533051207902,"Hajek(recency=40.0,delta=0.20)",Hajek,40.0,0.2,10,20,169,10000,,yes,0.035,0.9111475905555232
9187,0.5220187314780245,1.1282525607304499,0.6062338292524254,"Hajek(recency=40.0,delta=0.20)",Hajek,40.0,0.2,10,20,169,10000,,yes,0.035,0.9111475905555232
9188,0.5137295081530774,1.135586906479168,0.6218573983260905,"Hajek(recency=40.0,delta=0.20)",Hajek,40.0,0.2,10,20,169,10000,,yes,0.035,0.9111475905555232
9189,0.5165537059239664,1.146711452900716,0.6301577469767496,"Hajek(recency=40.0,delta=0.20)",Hajek,40.0,0.2,10,20,169,10000,,yes,0.035,0.9111475905555232
9190,0.5024863374605045,1.1296844117554001,0.6271980742948956,"Hajek(recency=40.0,delta=0.20)",Hajek,40.0,0.2,10,20,169,10000,,yes,0.035,0.9111475905555232
9191,0.5260362169440418,1.1452670951111934,0.6192308781671516,"Hajek(recency=40.0,delta=0.20)",Hajek,40.0,0.2,10,20,169,10000,,yes,0.035,0.9111475905555232
9192,0.5127489372305917,1.1296772659468255,0.6169283287162338,"Hajek(recency=40.0,delta=0.20)",Hajek,40.0,0.2,10,20,169,10000,,yes,0.035,0.9111475905555232
9193,0.5077141042658425,1.1443150998139173,0.6366009955480748,"Hajek(recency=40.0,delta=0.20)",Hajek,40.0,0.2,10,20,169,10000,,yes,0.035,0.9111475905555232
9194,0.5231065868795022,1.1450025604177987,0.6218959735382965,"Hajek(recency=40.0,delta=0.20)",Hajek,40.0,0.2,10,20,169,10000,,yes,0.035,0.9111475905555232
9195,0.5022194940170162,1.1485613353627184,0.6463418413457023,"Hajek(recency=40.0,delta=0.20)",Hajek,40.0,0.2,10,20,169,10000,,yes,0.035,0.9111475905555232
9196,0.5259975132216181,1.156970986197522,0.6309734729759038,"Hajek(recency=40.0,delta=0.20)",Hajek,40.0,0.2,10,20,169,10000,,yes,0.035,0.9111475905555232
9197,0.518477544291646,1.1332875340040853,0.6148099897124393,"Hajek(recency=40.0,delta=0.20)",Hajek,40.0,0.2,10,20,169,10000,,yes,0.035,0.9111475905555232
9198,0.5164289031064925,1.1538773966564015,0.6374484935499091,"Hajek(recency=40.0,delta=0.20)",Hajek,40.0,0.2,10,20,169,10000,,yes,0.035,0.9111475905555232
9199,0.4937241421040557,1.1371868250324837,0.643462682928428,"Hajek(recency=40.0,delta=0.20)",Hajek,40.0,0.2,10,20,169,10000,,yes,0.035,0.9111475905555232
9200,0.5114822505820449,1.1570288079968667,0.6455465574148218,"Hajek(recency=40.0,delta=0.20)",Hajek,40.0,0.2,10,20,169,10000,,yes,0.035,0.9111475905555232
9201,0.5169759954146934,1.1479732095948345,0.6309972141801411,"Hajek(recency=40.0,delta=0.20)",Hajek,40.0,0.2,10,20,169,10000,,yes,0.035,0.9111475905555232
9202,0.5008394612696844,1.15411578490831,0.6532763236386255,"Hajek(recency=40.0,delta=0.20)",Hajek,40.0,0.2,10,20,169,10000,,yes,0.035,0.9111475905555232
9203,0.5342460645911509,1.13841553186971,0.6041694672785591,"Hajek(recency=40.0,delta=0.20)",Hajek,40.0,0.2,10,20,169,10000,,yes,0.035,0.9111475905555232
9204,0.5077382570877444,1.1811716815977975,0.6734334245100531,"Hajek(recency=40.0,delta=0.20)",Hajek,40.0,0.2,10,20,169,10000,,yes,0.035,0.9111475905555232
9205,0.510079485875448,1.1661470866066617,0.6560676007312136,"Hajek(recency=40.0,delta=0.20)",Hajek,40.0,0.2,10,20,169,10000,,yes,0.035,0.9111475905555232
9206,0.5048214344304308,1.168901331760058,0.6640798973296272,"Hajek(recency=40.0,delta=0.20)",Hajek,40.0,0.2,10,20,169,10000,,yes,0.035,0.9111475905555232
9207,0.5226227761099504,1.1396619150007499,0.6170391388907994,"Hajek(recency=40.0,delta=0.20)",Hajek,40.0,0.2,10,20,169,10000,,yes,0.035,0.9111475905555232
9208,0.5297133564790213,1.1446521108430059,0.6149387543639846,"Hajek(recency=40.0,delta=0.20)",Hajek,40.0,0.2,10,20,169,10000,,yes,0.035,0.9111475905555232
9209,0.5006650782485976,1.1609965044478276,0.66033142619923,"Hajek(recency=40.0,delta=0.20)",Hajek,40.0,0.2,10,20,169,10000,,yes,0.035,0.9111475905555232
9210,0.5253603584810933,1.161849331508861,0.6364889730277676,"Hajek(recency=40.0,delta=0.20)",Hajek,40.0,0.2,10,20,169,10000,,yes,0.035,0.9111475905555232
9211,0.5140368517725203,1.130486116320192,0.6164492645476717,"Hajek(recency=40.0,delta=0.20)",Hajek,40.0,0.2,10,20,169,10000,,yes,0.035,0.9111475905555232
9212,0.517539942599411,1.1501016152543677,0.6325616726549567,"Hajek(recency=40.0,delta=0.20)",Hajek,40.0,0.2,10,20,169,10000,,yes,0.035,0.9111475905555232
9213,0.5285005567432955,1.1720724730776735,0.6435719163343779,"Hajek(recency=40.0,delta=0.20)",Hajek,40.0,0.2,10,20,169,10000,,yes,0.035,0.9111475905555232
9214,0.5345046798307905,1.13570247268098,0.6011977928501894,"Hajek(recency=40.0,delta=0.20)",Hajek,40.0,0.2,10,20,169,10000,,yes,0.035,0.9111475905555232
9215,0.46280964275312175,1.1166047935869652,0.6537951508338434,"Hajek(recency=40.0,delta=0.20)",Hajek,40.0,0.2,10,20,169,10000,,yes,0.035,0.9111475905555232
9216,0.49841673046966667,1.148793319429718,0.6503765889600512,"Hajek(recency=40.0,delta=0.20)",Hajek,40.0,0.2,10,20,169,10000,,yes,0.035,0.9111475905555232
9217,0.5027792968285529,1.1441653771639937,0.6413860803354408,"Hajek(recency=40.0,delta=0.20)",Hajek,40.0,0.2,10,20,169,10000,,yes,0.035,0.9111475905555232
9218,0.486304005333432,1.1511195548100823,0.6648155494766503,"Hajek(recency=40.0,delta=0.20)",Hajek,40.0,0.2,10,20,169,10000,,yes,0.035,0.9111475905555232
9219,0.5189695052676518,1.143541484270697,0.6245719790030452,"Hajek(recency=40.0,delta=0.20)",Hajek,40.0,0.2,10,20,169,10000,,yes,0.035,0.9111475905555232
9220,0.5084255449933027,1.1751458780019102,0.6667203330086074,"Hajek(recency=40.0,delta=0.20)",Hajek,40.0,0.2,10,20,169,10000,,yes,0.035,0.9111475905555232
9221,0.5122864829012024,1.1296427015750417,0.6173562186738393,"Hajek(recency=40.0,delta=0.20)",Hajek,40.0,0.2,10,20,169,10000,,yes,0.035,0.9111475905555232
9222,0.5192238794000728,1.1528288732082042,0.6336049938081314,"Hajek(recency=40.0,delta=0.20)",Hajek,40.0,0.2,10,20,169,10000,,yes,0.035,0.9111475905555232
9223,0.4983313520086231,1.1164441222736265,0.6181127702650034,"Hajek(recency=40.0,delta=0.20)",Hajek,40.0,0.2,10,20,169,10000,,yes,0.035,0.9111475905555232
9224,0.5105224463116044,1.1480079754555186,0.6374855291439142,"Hajek(recency=40.0,delta=0.20)",Hajek,40.0,0.2,10,20,169,10000,,yes,0.035,0.9111475905555232
9225,0.4935677322970938,1.1497786470221898,0.6562109147250961,"Hajek(recency=40.0,delta=0.20)",Hajek,40.0,0.2,10,20,169,10000,,yes,0.035,0.9111475905555232
9226,0.5254323815563648,1.1353205803873336,0.6098881988309688,"Hajek(recency=40.0,delta=0.20)",Hajek,40.0,0.2,10,20,169,10000,,yes,0.035,0.9111475905555232
9227,0.5259738637599107,1.1515125129801063,0.6255386492201955,"Hajek(recency=40.0,delta=0.20)",Hajek,40.0,0.2,10,20,169,10000,,yes,0.035,0.9111475905555232
9228,0.49279274276962715,1.1500741842402207,0.6572814414705935,"Hajek(recency=40.0,delta=0.20)",Hajek,40.0,0.2,10,20,169,10000,,yes,0.035,0.9111475905555232
9229,0.514394234219159,1.1517868617025186,0.6373926274833597,"Hajek(recency=40.0,delta=0.20)",Hajek,40.0,0.2,10,20,169,10000,,yes,0.035,0.9111475905555232
9230,0.5118989840959631,1.1435175162888391,0.631618532192876,"Hajek(recency=40.0,delta=0.20)",Hajek,40.0,0.2,10,20,169,10000,,yes,0.035,0.9111475905555232
9231,0.5191648693033435,1.155137312116541,0.6359724428131974,"Hajek(recency=40.0,delta=0.20)",Hajek,40.0,0.2,10,20,169,10000,,yes,0.035,0.9111475905555232
9232,0.4992373189395845,1.1329965046109343,0.6337591856713498,"Hajek(recency=40.0,delta=0.20)",Hajek,40.0,0.2,10,20,169,10000,,yes,0.035,0.9111475905555232
9233,0.5331433488339792,1.1516199857921223,0.6184766369581431,"Hajek(recency=40.0,delta=0.20)",Hajek,40.0,0.2,10,20,169,10000,,yes,0.035,0.9111475905555232
9234,0.5180692605128132,1.1575517013611267,0.6394824408483135,"Hajek(recency=40.0,delta=0.20)",Hajek,40.0,0.2,10,20,169,10000,,yes,0.035,0.9111475905555232
9235,0.5243066293172237,1.1411897257597448,0.616883096442521,"Hajek(recency=40.0,delta=0.20)",Hajek,40.0,0.2,10,20,169,10000,,yes,0.035,0.9111475905555232
9236,0.5228159189530395,1.1292265469534448,0.6064106280004053,"Hajek(recency=40.0,delta=0.20)",Hajek,40.0,0.2,10,20,169,10000,,yes,0.035,0.9111475905555232
9237,0.5163225734722243,1.1402291624157943,0.62390658894357,"Hajek(recency=40.0,delta=0.20)",Hajek,40.0,0.2,10,20,169,10000,,yes,0.035,0.9111475905555232
9238,0.5319213403815108,1.1673813117005385,0.6354599713190276,"Hajek(recency=40.0,delta=0.20)",Hajek,40.0,0.2,10,20,169,10000,,yes,0.035,0.9111475905555232
9239,0.5038502837932224,1.1681201120812672,0.6642698282880448,"Hajek(recency=40.0,delta=0.20)",Hajek,40.0,0.2,10,20,169,10000,,yes,0.035,0.9111475905555232
9240,0.502699362035809,1.1545227127906637,0.6518233507548546,"Hajek(recency=40.0,delta=0.20)",Hajek,40.0,0.2,10,20,169,10000,,yes,0.035,0.9111475905555232
9241,0.5231302467770821,1.1290541203545796,0.6059238735774976,"Hajek(recency=40.0,delta=0.20)",Hajek,40.0,0.2,10,20,169,10000,,yes,0.035,0.9111475905555232
9242,0.5172170120083408,1.1216902741995363,0.6044732621911955,"Hajek(recency=40.0,delta=0.20)",Hajek,40.0,0.2,10,20,169,10000,,yes,0.035,0.9111475905555232
9243,0.5181386755223399,1.1707380841140174,0.6525994085916774,"Hajek(recency=40.0,delta=0.20)",Hajek,40.0,0.2,10,20,169,10000,,yes,0.035,0.9111475905555232
9244,0.5265703779195007,1.1459585609242318,0.6193881830047311,"Hajek(recency=40.0,delta=0.20)",Hajek,40.0,0.2,10,20,169,10000,,yes,0.035,0.9111475905555232
9245,0.519533838609336,1.150048038285771,0.630514199676435,"Hajek(recency=40.0,delta=0.20)",Hajek,40.0,0.2,10,20,169,10000,,yes,0.035,0.9111475905555232
9246,0.4917823641813675,1.1828251895343882,0.6910428253530208,"Hajek(recency=40.0,delta=0.20)",Hajek,40.0,0.2,10,20,169,10000,,yes,0.035,0.9111475905555232
9247,0.5156521069305294,1.1608392788421695,0.6451871719116401,"Hajek(recency=40.0,delta=0.20)",Hajek,40.0,0.2,10,20,169,10000,,yes,0.035,0.9111475905555232
9248,0.5030351601575953,1.1746343960986905,0.6715992359410952,"Hajek(recency=40.0,delta=0.20)",Hajek,40.0,0.2,10,20,169,10000,,yes,0.035,0.9111475905555232
9249,0.5287653293160104,1.1316976832573855,0.6029323539413751,"Hajek(recency=40.0,delta=0.20)",Hajek,40.0,0.2,10,20,169,10000,,yes,0.035,0.9111475905555232
9250,0.5294881284422102,1.1425914050541874,0.6131032766119773,"Hajek(recency=40.0,delta=0.20)",Hajek,40.0,0.2,10,20,169,10000,,yes,0.035,0.9111475905555232
9251,0.5015302450477509,1.138537946941986,0.6370077018942352,"Hajek(recency=40.0,delta=0.20)",Hajek,40.0,0.2,10,20,169,10000,,yes,0.035,0.9111475905555232
9252,0.5287874446281255,1.1606842012146243,0.6318967565864988,"Hajek(recency=40.0,delta=0.20)",Hajek,40.0,0.2,10,20,169,10000,,yes,0.035,0.9111475905555232
9253,0.5116647002266825,1.1660979766806931,0.6544332764540106,"Hajek(recency=40.0,delta=0.20)",Hajek,40.0,0.2,10,20,169,10000,,yes,0.035,0.9111475905555232
9254,0.5021009616324634,1.1648288659632835,0.6627279043308201,"Hajek(recency=40.0,delta=0.20)",Hajek,40.0,0.2,10,20,169,10000,,yes,0.035,0.9111475905555232
9255,0.5110416151589581,1.1050793194013826,0.5940377042424245,"Hajek(recency=40.0,delta=0.20)",Hajek,40.0,0.2,10,20,169,10000,,yes,0.035,0.9111475905555232
9256,0.532735198324708,1.1346297514023929,0.6018945530776849,"Hajek(recency=40.0,delta=0.20)",Hajek,40.0,0.2,10,20,169,10000,,yes,0.035,0.9111475905555232
9257,0.49689906335690126,1.1520540400549137,0.6551549766980125,"Hajek(recency=40.0,delta=0.20)",Hajek,40.0,0.2,10,20,169,10000,,yes,0.035,0.9111475905555232
9258,0.5091041734726683,1.1487833410342678,0.6396791675615995,"Hajek(recency=40.0,delta=0.20)",Hajek,40.0,0.2,10,20,169,10000,,yes,0.035,0.9111475905555232
9259,0.5037162984446537,1.1731227799846613,0.6694064815400076,"Hajek(recency=40.0,delta=0.20)",Hajek,40.0,0.2,10,20,169,10000,,yes,0.035,0.9111475905555232
9260,0.5097892289527671,1.1352657628243206,0.6254765338715534,"Hajek(recency=40.0,delta=0.20)",Hajek,40.0,0.2,10,20,169,10000,,yes,0.035,0.9111475905555232
9261,0.5214279303868284,1.1507205314518096,0.6292926010649812,"Hajek(recency=40.0,delta=0.20)",Hajek,40.0,0.2,10,20,169,10000,,yes,0.035,0.9111475905555232
9262,0.5179942626221873,1.1282972909162323,0.610303028294045,"Hajek(recency=40.0,delta=0.20)",Hajek,40.0,0.2,10,20,169,10000,,yes,0.035,0.9111475905555232
9263,0.4931705317716254,1.1609251650160155,0.6677546332443901,"Hajek(recency=40.0,delta=0.20)",Hajek,40.0,0.2,10,20,169,10000,,yes,0.035,0.9111475905555232
9264,0.5289827168201341,1.1411668452641917,0.6121841284440576,"Hajek(recency=40.0,delta=0.20)",Hajek,40.0,0.2,10,20,169,10000,,yes,0.035,0.9111475905555232
9265,0.498996734701377,1.1531679103144064,0.6541711756130293,"Hajek(recency=40.0,delta=0.20)",Hajek,40.0,0.2,10,20,169,10000,,yes,0.035,0.9111475905555232
9266,0.5291191053171285,1.1542156847316147,0.6250965794144863,"Hajek(recency=40.0,delta=0.20)",Hajek,40.0,0.2,10,20,169,10000,,yes,0.035,0.9111475905555232
9267,0.5252477984593097,1.1640591560327838,0.6388113575734741,"Hajek(recency=40.0,delta=0.20)",Hajek,40.0,0.2,10,20,169,10000,,yes,0.035,0.9111475905555232
9268,0.5174565606812828,1.1287506016008557,0.611294040919573,"Hajek(recency=40.0,delta=0.20)",Hajek,40.0,0.2,10,20,169,10000,,yes,0.035,0.9111475905555232
9269,0.4994284737697706,1.1553360265306958,0.6559075527609252,"Hajek(recency=40.0,delta=0.20)",Hajek,40.0,0.2,10,20,169,10000,,yes,0.035,0.9111475905555232
9270,0.5066225974052007,1.154798324626359,0.6481757272211582,"Hajek(recency=40.0,delta=0.20)",Hajek,40.0,0.2,10,20,169,10000,,yes,0.035,0.9111475905555232
9271,0.521269183011604,1.162307249997584,0.64103806698598,"Hajek(recency=40.0,delta=0.20)",Hajek,40.0,0.2,10,20,169,10000,,yes,0.035,0.9111475905555232
9272,0.5029362592722744,1.1766822882677088,0.6737460289954345,"Hajek(recency=40.0,delta=0.20)",Hajek,40.0,0.2,10,20,169,10000,,yes,0.035,0.9111475905555232
9273,0.5208566235864296,1.158705478776706,0.6378488551902763,"Hajek(recency=40.0,delta=0.20)",Hajek,40.0,0.2,10,20,169,10000,,yes,0.035,0.9111475905555232
9274,0.5214668621572816,1.138557268088666,0.6170904059313844,"Hajek(recency=40.0,delta=0.20)",Hajek,40.0,0.2,10,20,169,10000,,yes,0.035,0.9111475905555232
9275,0.5199300356719495,1.1277972860918073,0.6078672504198578,"Hajek(recency=40.0,delta=0.20)",Hajek,40.0,0.2,10,20,169,10000,,yes,0.035,0.9111475905555232
9276,0.5127214321381545,1.1450228170373509,0.6323013848991964,"Hajek(recency=40.0,delta=0.20)",Hajek,40.0,0.2,10,20,169,10000,,yes,0.035,0.9111475905555232
9277,0.5068329176034919,1.1543024623950147,0.6474695447915227,"Hajek(recency=40.0,delta=0.20)",Hajek,40.0,0.2,10,20,169,10000,,yes,0.035,0.9111475905555232
9278,0.5258876297244839,1.1291623174634078,0.6032746877389239,"Hajek(recency=40.0,delta=0.20)",Hajek,40.0,0.2,10,20,169,10000,,yes,0.035,0.9111475905555232
9279,0.5083526075067925,1.1135083485644917,0.6051557410576992,"Hajek(recency=40.0,delta=0.20)",Hajek,40.0,0.2,10,20,169,10000,,yes,0.035,0.9111475905555232
9280,0.5046013306244038,1.1233179563864488,0.618716625762045,"Hajek(recency=40.0,delta=0.20)",Hajek,40.0,0.2,10,20,169,10000,,yes,0.035,0.9111475905555232
9281,0.522794636998328,1.1367984001908,0.6140037631924721,"Hajek(recency=40.0,delta=0.20)",Hajek,40.0,0.2,10,20,169,10000,,yes,0.035,0.9111475905555232
9282,0.5105388274336208,1.14574732883145,0.6352085013978291,"Hajek(recency=40.0,delta=0.20)",Hajek,40.0,0.2,10,20,169,10000,,yes,0.035,0.9111475905555232
9283,0.530753992823582,1.142598487489719,0.611844494666137,"Hajek(recency=40.0,delta=0.20)",Hajek,40.0,0.2,10,20,169,10000,,yes,0.035,0.9111475905555232
9284,0.519358539448669,1.16838422013607,0.6490256806874009,"Hajek(recency=40.0,delta=0.20)",Hajek,40.0,0.2,10,20,169,10000,,yes,0.035,0.9111475905555232
9285,0.5274158567556825,1.125440367887794,0.5980245111321115,"Hajek(recency=40.0,delta=0.20)",Hajek,40.0,0.2,10,20,169,10000,,yes,0.035,0.9111475905555232
9286,0.5134244103322185,1.1621135157695066,0.6486891054372881,"Hajek(recency=40.0,delta=0.20)",Hajek,40.0,0.2,10,20,169,10000,,yes,0.035,0.9111475905555232
9287,0.5143383206236117,1.1207290648709831,0.6063907442473714,"Hajek(recency=40.0,delta=0.20)",Hajek,40.0,0.2,10,20,169,10000,,yes,0.035,0.9111475905555232
9288,0.5011759328504394,1.1465243905624336,0.6453484577119942,"Hajek(recency=40.0,delta=0.20)",Hajek,40.0,0.2,10,20,169,10000,,yes,0.035,0.9111475905555232
9289,0.514940258934066,1.1352521513273346,0.6203118923932686,"Hajek(recency=40.0,delta=0.20)",Hajek,40.0,0.2,10,20,169,10000,,yes,0.035,0.9111475905555232
9290,0.515187729995214,1.151463367002771,0.636275637007557,"Hajek(recency=40.0,delta=0.20)",Hajek,40.0,0.2,10,20,169,10000,,yes,0.035,0.9111475905555232
9291,0.5160251212166245,1.1636342405324998,0.6476091193158753,"Hajek(recency=40.0,delta=0.20)",Hajek,40.0,0.2,10,20,169,10000,,yes,0.035,0.9111475905555232
9292,0.5192286566126492,1.1320994335530432,0.612870776940394,"Hajek(recency=40.0,delta=0.20)",Hajek,40.0,0.2,10,20,169,10000,,yes,0.035,0.9111475905555232
9293,0.5056209055584933,1.1395161092679933,0.6338952037095,"Hajek(recency=40.0,delta=0.20)",Hajek,40.0,0.2,10,20,169,10000,,yes,0.035,0.9111475905555232
9294,0.5028026659417899,1.141892279436971,0.6390896134951811,"Hajek(recency=40.0,delta=0.20)",Hajek,40.0,0.2,10,20,169,10000,,yes,0.035,0.9111475905555232
9295,0.49784444560985,1.1394918492211783,0.6416474036113283,"Hajek(recency=40.0,delta=0.20)",Hajek,40.0,0.2,10,20,169,10000,,yes,0.035,0.9111475905555232
9296,0.5076518374126529,1.1624352019893325,0.6547833645766796,"Hajek(recency=40.0,delta=0.20)",Hajek,40.0,0.2,10,20,169,10000,,yes,0.035,0.9111475905555232
9297,0.5236539014284493,1.157820850201393,0.6341669487729437,"Hajek(recency=40.0,delta=0.20)",Hajek,40.0,0.2,10,20,169,10000,,yes,0.035,0.9111475905555232
9298,0.5161433008198729,1.1385648002253612,0.6224214994054883,"Hajek(recency=40.0,delta=0.20)",Hajek,40.0,0.2,10,20,169,10000,,yes,0.035,0.9111475905555232
9299,0.5009815859074864,1.147515004551189,0.6465334186437026,"Hajek(recency=40.0,delta=0.20)",Hajek,40.0,0.2,10,20,169,10000,,yes,0.035,0.9111475905555232
9300,0.5095501325528555,1.1536489805548118,0.6440988480019563,"Hajek(recency=40.0,delta=0.20)",Hajek,40.0,0.2,10,20,169,10000,,yes,0.035,0.9111475905555232
9301,0.5266611592937381,1.1477025106501142,0.6210413513563761,"Hajek(recency=40.0,delta=0.20)",Hajek,40.0,0.2,10,20,169,10000,,yes,0.035,0.9111475905555232
9302,0.5043700801611212,1.1425249312928258,0.6381548511317047,"Hajek(recency=40.0,delta=0.20)",Hajek,40.0,0.2,10,20,169,10000,,yes,0.035,0.9111475905555232
9303,0.533635308159268,1.1761634953121105,0.6425281871528425,"Hajek(recency=40.0,delta=0.20)",Hajek,40.0,0.2,10,20,169,10000,,yes,0.035,0.9111475905555232
9304,0.5296675414155851,1.1122456028353012,0.582578061419716,"Hajek(recency=40.0,delta=0.20)",Hajek,40.0,0.2,10,20,169,10000,,yes,0.035,0.9111475905555232
9305,0.5108479756238409,1.1821529220045484,0.6713049463807075,"Hajek(recency=40.0,delta=0.20)",Hajek,40.0,0.2,10,20,169,10000,,yes,0.035,0.9111475905555232
9306,0.4990334051121029,1.146986902129815,0.647953497017712,"Hajek(recency=40.0,delta=0.20)",Hajek,40.0,0.2,10,20,169,10000,,yes,0.035,0.9111475905555232
9307,0.5103357778202379,1.1466331989145417,0.6362974210943039,"Hajek(recency=40.0,delta=0.20)",Hajek,40.0,0.2,10,20,169,10000,,yes,0.035,0.9111475905555232
9308,0.5377232050417238,1.1351940996561851,0.5974708946144613,"Hajek(recency=40.0,delta=0.20)",Hajek,40.0,0.2,10,20,169,10000,,yes,0.035,0.9111475905555232
9309,0.5406748082470997,1.135308270473755,0.5946334622266553,"Hajek(recency=40.0,delta=0.20)",Hajek,40.0,0.2,10,20,169,10000,,yes,0.035,0.9111475905555232
9310,0.5156145734371835,1.1440600378841421,0.6284454644469586,"Hajek(recency=40.0,delta=0.20)",Hajek,40.0,0.2,10,20,169,10000,,yes,0.035,0.9111475905555232
9311,0.5071702561025885,1.1480370331873824,0.6408667770847939,"Hajek(recency=40.0,delta=0.20)",Hajek,40.0,0.2,10,20,169,10000,,yes,0.035,0.9111475905555232
9312,0.5031546360626128,1.1265096313129637,0.6233549952503509,"Hajek(recency=40.0,delta=0.20)",Hajek,40.0,0.2,10,20,169,10000,,yes,0.035,0.9111475905555232
9313,0.5337783258803577,1.1543761504820524,0.6205978246016948,"Hajek(recency=40.0,delta=0.20)",Hajek,40.0,0.2,10,20,169,10000,,yes,0.035,0.9111475905555232
9314,0.5137735707199774,1.1156069309630545,0.6018333602430771,"Hajek(recency=40.0,delta=0.20)",Hajek,40.0,0.2,10,20,169,10000,,yes,0.035,0.9111475905555232
9315,0.49931415440990334,1.1441453732677282,0.6448312188578249,"Hajek(recency=40.0,delta=0.20)",Hajek,40.0,0.2,10,20,169,10000,,yes,0.035,0.9111475905555232
9316,0.516491225341704,1.1569111682511963,0.6404199429094923,"Hajek(recency=40.0,delta=0.20)",Hajek,40.0,0.2,10,20,169,10000,,yes,0.035,0.9111475905555232
9317,0.5217169592533011,1.1263215063913277,0.6046045471380266,"Hajek(recency=40.0,delta=0.20)",Hajek,40.0,0.2,10,20,169,10000,,yes,0.035,0.9111475905555232
9318,0.500496925171854,1.155355475648041,0.6548585504761871,"Hajek(recency=40.0,delta=0.20)",Hajek,40.0,0.2,10,20,169,10000,,yes,0.035,0.9111475905555232
9319,0.49464077083437746,1.1362640044733097,0.6416232336389323,"Hajek(recency=40.0,delta=0.20)",Hajek,40.0,0.2,10,20,169,10000,,yes,0.035,0.9111475905555232
9320,0.494394026235642,1.1708626322286542,0.6764686059930122,"Hajek(recency=40.0,delta=0.20)",Hajek,40.0,0.2,10,20,169,10000,,yes,0.035,0.9111475905555232
9321,0.5125564584813952,1.1321194496284694,0.6195629911470742,"Hajek(recency=40.0,delta=0.20)",Hajek,40.0,0.2,10,20,169,10000,,yes,0.035,0.9111475905555232
9322,0.5119121268449321,1.1186533877740776,0.6067412609291455,"Hajek(recency=40.0,delta=0.20)",Hajek,40.0,0.2,10,20,169,10000,,yes,0.035,0.9111475905555232
9323,0.5157200613093256,1.154108913039327,0.6383888517300014,"Hajek(recency=40.0,delta=0.20)",Hajek,40.0,0.2,10,20,169,10000,,yes,0.035,0.9111475905555232
9324,0.5028252582205615,1.1536469454081875,0.650821687187626,"Hajek(recency=40.0,delta=0.20)",Hajek,40.0,0.2,10,20,169,10000,,yes,0.035,0.9111475905555232
9325,0.516678163700696,1.1426782059334317,0.6260000422327358,"Hajek(recency=40.0,delta=0.20)",Hajek,40.0,0.2,10,20,169,10000,,yes,0.035,0.9111475905555232
9326,0.5351028898080743,1.1579716502854784,0.6228687604774041,"Hajek(recency=40.0,delta=0.20)",Hajek,40.0,0.2,10,20,169,10000,,yes,0.035,0.9111475905555232
9327,0.5087521559986714,1.1441120026584919,0.6353598466598205,"Hajek(recency=40.0,delta=0.20)",Hajek,40.0,0.2,10,20,169,10000,,yes,0.035,0.9111475905555232
9328,0.5032611281566765,1.1276930293858072,0.6244319012291307,"Hajek(recency=40.0,delta=0.20)",Hajek,40.0,0.2,10,20,169,10000,,yes,0.035,0.9111475905555232
9329,0.5199215348568564,1.1357864797342072,0.6158649448773508,"Hajek(recency=40.0,delta=0.20)",Hajek,40.0,0.2,10,20,169,10000,,yes,0.035,0.9111475905555232
9330,0.5196844743128631,1.152333310293964,0.6326488359811008,"Hajek(recency=40.0,delta=0.20)",Hajek,40.0,0.2,10,20,169,10000,,yes,0.035,0.9111475905555232
9331,0.4874341072488257,1.1403964243195057,0.65296231707068,"Hajek(recency=40.0,delta=0.20)",Hajek,40.0,0.2,10,20,169,10000,,yes,0.035,0.9111475905555232
9332,0.47825380121060623,1.1314988607090546,0.6532450594984484,"Hajek(recency=40.0,delta=0.20)",Hajek,40.0,0.2,10,20,169,10000,,yes,0.035,0.9111475905555232
9333,0.5102587086982525,1.1411263937674707,0.6308676850692182,"Hajek(recency=40.0,delta=0.20)",Hajek,40.0,0.2,10,20,169,10000,,yes,0.035,0.9111475905555232
9334,0.5061617892347429,1.1484230617507578,0.642261272516015,"Hajek(recency=40.0,delta=0.20)",Hajek,40.0,0.2,10,20,169,10000,,yes,0.035,0.9111475905555232
9335,0.49700832182872773,1.1537368157671575,0.6567284939384297,"Hajek(recency=40.0,delta=0.20)",Hajek,40.0,0.2,10,20,169,10000,,yes,0.035,0.9111475905555232
9336,0.5137202781031482,1.1774097441227387,0.6636894660195904,"Hajek(recency=40.0,delta=0.20)",Hajek,40.0,0.2,10,20,169,10000,,yes,0.035,0.9111475905555232
9337,0.5208641552013049,1.1379775266893026,0.6171133714879977,"Hajek(recency=40.0,delta=0.20)",Hajek,40.0,0.2,10,20,169,10000,,yes,0.035,0.9111475905555232
9338,0.5192221292573691,1.1617384205344539,0.6425162912770848,"Hajek(recency=40.0,delta=0.20)",Hajek,40.0,0.2,10,20,169,10000,,yes,0.035,0.9111475905555232
9339,0.5211539971375483,1.1544971443273997,0.6333431471898514,"Hajek(recency=40.0,delta=0.20)",Hajek,40.0,0.2,10,20,169,10000,,yes,0.035,0.9111475905555232
9340,0.5170558807228387,1.1213228138502693,0.6042669331274306,"Hajek(recency=40.0,delta=0.20)",Hajek,40.0,0.2,10,20,169,10000,,yes,0.035,0.9111475905555232
9341,0.5173455370983143,1.1459215974448398,0.6285760603465255,"Hajek(recency=40.0,delta=0.20)",Hajek,40.0,0.2,10,20,169,10000,,yes,0.035,0.9111475905555232
9342,0.4913566420650052,1.1735804301656048,0.6822237881005996,"Hajek(recency=40.0,delta=0.20)",Hajek,40.0,0.2,10,20,169,10000,,yes,0.035,0.9111475905555232
9343,0.5011713545729364,1.1413939157479434,0.640222561175007,"Hajek(recency=40.0,delta=0.20)",Hajek,40.0,0.2,10,20,169,10000,,yes,0.035,0.9111475905555232
9344,0.5248249084337174,1.1284681133653196,0.6036432049316022,"Hajek(recency=40.0,delta=0.20)",Hajek,40.0,0.2,10,20,169,10000,,yes,0.035,0.9111475905555232
9345,0.5210974622499703,1.1905354743667713,0.669438012116801,"Hajek(recency=40.0,delta=0.20)",Hajek,40.0,0.2,10,20,169,10000,,yes,0.035,0.9111475905555232
9346,0.5241294987889228,1.1270337645566988,0.602904265767776,"Hajek(recency=40.0,delta=0.20)",Hajek,40.0,0.2,10,20,169,10000,,yes,0.035,0.9111475905555232
9347,0.5030552165848364,1.13914307891516,0.6360878623303236,"Hajek(recency=40.0,delta=0.20)",Hajek,40.0,0.2,10,20,169,10000,,yes,0.035,0.9111475905555232
9348,0.49124566590951907,1.1477651049369209,0.6565194390274018,"Hajek(recency=40.0,delta=0.20)",Hajek,40.0,0.2,10,20,169,10000,,yes,0.035,0.9111475905555232
9349,0.5198699234471268,1.144224495082914,0.6243545716357871,"Hajek(recency=40.0,delta=0.20)",Hajek,40.0,0.2,10,20,169,10000,,yes,0.035,0.9111475905555232
9350,0.5119788114189444,1.1434818221362784,0.631503010717334,"Hajek(recency=40.0,delta=0.20)",Hajek,40.0,0.2,10,20,169,10000,,yes,0.035,0.9111475905555232
9351,0.5172721186991897,1.112407221482273,0.5951351027830832,"Hajek(recency=40.0,delta=0.20)",Hajek,40.0,0.2,10,20,169,10000,,yes,0.035,0.9111475905555232
9352,0.5054125880583369,1.1448330927992143,0.6394205047408774,"Hajek(recency=40.0,delta=0.20)",Hajek,40.0,0.2,10,20,169,10000,,yes,0.035,0.9111475905555232
9353,0.4991836667737451,1.1362119454207589,0.6370282786470138,"Hajek(recency=40.0,delta=0.20)",Hajek,40.0,0.2,10,20,169,10000,,yes,0.035,0.9111475905555232
9354,0.48754592115067574,1.1379167968820147,0.650370875731339,"Hajek(recency=40.0,delta=0.20)",Hajek,40.0,0.2,10,20,169,10000,,yes,0.035,0.9111475905555232
9355,0.526102162077011,1.156314460354712,0.630212298277701,"Hajek(recency=40.0,delta=0.20)",Hajek,40.0,0.2,10,20,169,10000,,yes,0.035,0.9111475905555232
9356,0.5226345150083306,1.155130855661955,0.6324963406536245,"Hajek(recency=40.0,delta=0.20)",Hajek,40.0,0.2,10,20,169,10000,,yes,0.035,0.9111475905555232
9357,0.5363881799261212,1.1413801427572472,0.604991962831126,"Hajek(recency=40.0,delta=0.20)",Hajek,40.0,0.2,10,20,169,10000,,yes,0.035,0.9111475905555232
9358,0.5130672164591716,1.1514422183451918,0.6383750018860201,"Hajek(recency=40.0,delta=0.20)",Hajek,40.0,0.2,10,20,169,10000,,yes,0.035,0.9111475905555232
9359,0.5178372538460079,1.151211531628286,0.6333742777822782,"Hajek(recency=40.0,delta=0.20)",Hajek,40.0,0.2,10,20,169,10000,,yes,0.035,0.9111475905555232
9360,0.5281416093294689,1.1287748561889805,0.6006332468595117,"Hajek(recency=40.0,delta=0.20)",Hajek,40.0,0.2,10,20,169,10000,,yes,0.035,0.9111475905555232
9361,0.5287671517525917,1.1308661897916215,0.6020990380390298,"Hajek(recency=40.0,delta=0.20)",Hajek,40.0,0.2,10,20,169,10000,,yes,0.035,0.9111475905555232
9362,0.5064548254708615,1.1529143980765855,0.646459572605724,"Hajek(recency=40.0,delta=0.20)",Hajek,40.0,0.2,10,20,169,10000,,yes,0.035,0.9111475905555232
9363,0.5072580883405741,1.1611982897268387,0.6539402013862646,"Hajek(recency=40.0,delta=0.20)",Hajek,40.0,0.2,10,20,169,10000,,yes,0.035,0.9111475905555232
9364,0.5366724712848475,1.1618341992286336,0.6251617279437861,"Hajek(recency=40.0,delta=0.20)",Hajek,40.0,0.2,10,20,169,10000,,yes,0.035,0.9111475905555232
9365,0.5004383695726365,1.1417211791377506,0.6412828095651141,"Hajek(recency=40.0,delta=0.20)",Hajek,40.0,0.2,10,20,169,10000,,yes,0.035,0.9111475905555232
9366,0.5035571263240306,1.19092211633235,0.6873649900083194,"Hajek(recency=40.0,delta=0.20)",Hajek,40.0,0.2,10,20,169,10000,,yes,0.035,0.9111475905555232
9367,0.49696159972967957,1.1646145913915473,0.6676529916618678,"Hajek(recency=40.0,delta=0.20)",Hajek,40.0,0.2,10,20,169,10000,,yes,0.035,0.9111475905555232
9368,0.5191980289160014,1.1237164504141552,0.6045184214981538,"Hajek(recency=40.0,delta=0.20)",Hajek,40.0,0.2,10,20,169,10000,,yes,0.035,0.9111475905555232
9369,0.5193533051892576,1.109433269836764,0.5900799646475063,"Hajek(recency=40.0,delta=0.20)",Hajek,40.0,0.2,10,20,169,10000,,yes,0.035,0.9111475905555232
9370,0.5363133762687212,1.1392936781299527,0.6029803018612315,"Hajek(recency=40.0,delta=0.20)",Hajek,40.0,0.2,10,20,169,10000,,yes,0.035,0.9111475905555232
9371,0.5176288546711729,1.1735173536985921,0.6558884990274192,"Hajek(recency=40.0,delta=0.20)",Hajek,40.0,0.2,10,20,169,10000,,yes,0.035,0.9111475905555232
9372,0.5208496682358063,1.144554732039956,0.6237050638041498,"Hajek(recency=40.0,delta=0.20)",Hajek,40.0,0.2,10,20,169,10000,,yes,0.035,0.9111475905555232
9373,0.5116656644117898,1.16807364166598,0.6564079772541902,"Hajek(recency=40.0,delta=0.20)",Hajek,40.0,0.2,10,20,169,10000,,yes,0.035,0.9111475905555232
9374,0.533725398638465,1.1373680307188407,0.6036426320803757,"Hajek(recency=40.0,delta=0.20)",Hajek,40.0,0.2,10,20,169,10000,,yes,0.035,0.9111475905555232
9375,0.5082219661374021,1.139486759691236,0.6312647935538338,"Hajek(recency=40.0,delta=0.20)",Hajek,40.0,0.2,10,20,169,10000,,yes,0.035,0.9111475905555232
9376,0.5126323639333932,1.138996971042253,0.6263646071088598,"Hajek(recency=40.0,delta=0.20)",Hajek,40.0,0.2,10,20,169,10000,,yes,0.035,0.9111475905555232
9377,0.5070134043252927,1.1620250663490452,0.6550116620237525,"Hajek(recency=40.0,delta=0.20)",Hajek,40.0,0.2,10,20,169,10000,,yes,0.035,0.9111475905555232
9378,0.504129442740247,1.1393383011249607,0.6352088583847137,"Hajek(recency=40.0,delta=0.20)",Hajek,40.0,0.2,10,20,169,10000,,yes,0.035,0.9111475905555232
9379,0.5248277939888929,1.1403052082552267,0.6154774142663338,"Hajek(recency=40.0,delta=0.20)",Hajek,40.0,0.2,10,20,169,10000,,yes,0.035,0.9111475905555232
9380,0.49944060254568057,1.1582479341128353,0.6588073315671548,"Hajek(recency=40.0,delta=0.20)",Hajek,40.0,0.2,10,20,169,10000,,yes,0.035,0.9111475905555232
9381,0.5117423127928853,1.1461800711759567,0.6344377583830714,"Hajek(recency=40.0,delta=0.20)",Hajek,40.0,0.2,10,20,169,10000,,yes,0.035,0.9111475905555232
9382,0.5118584357400641,1.1222035501553425,0.6103451144152784,"Hajek(recency=40.0,delta=0.20)",Hajek,40.0,0.2,10,20,169,10000,,yes,0.035,0.9111475905555232
9383,0.5224458149902014,1.1650355202511784,0.642589705260977,"Hajek(recency=40.0,delta=0.20)",Hajek,40.0,0.2,10,20,169,10000,,yes,0.035,0.9111475905555232
9384,0.5085134547605312,1.1453689945272247,0.6368555397666935,"Hajek(recency=40.0,delta=0.20)",Hajek,40.0,0.2,10,20,169,10000,,yes,0.035,0.9111475905555232
9385,0.525130615291647,1.143963521984181,0.6188329066925341,"Hajek(recency=40.0,delta=0.20)",Hajek,40.0,0.2,10,20,169,10000,,yes,0.035,0.9111475905555232
9386,0.509925735293344,1.1657680866062867,0.6558423513129428,"Hajek(recency=40.0,delta=0.20)",Hajek,40.0,0.2,10,20,169,10000,,yes,0.035,0.9111475905555232
9387,0.5115535488347638,1.1473175189891216,0.6357639701543578,"Hajek(recency=40.0,delta=0.20)",Hajek,40.0,0.2,10,20,169,10000,,yes,0.035,0.9111475905555232
9388,0.5026876820554109,1.1364994901453125,0.6338118080899016,"Hajek(recency=40.0,delta=0.20)",Hajek,40.0,0.2,10,20,169,10000,,yes,0.035,0.9111475905555232
9389,0.5229187321206746,1.1297730679567803,0.6068543358361057,"Hajek(recency=40.0,delta=0.20)",Hajek,40.0,0.2,10,20,169,10000,,yes,0.035,0.9111475905555232
9390,0.5226148241124066,1.1340289266630623,0.6114141025506558,"Hajek(recency=40.0,delta=0.20)",Hajek,40.0,0.2,10,20,169,10000,,yes,0.035,0.9111475905555232
9391,0.5197879345176968,1.1462132525279731,0.6264253180102763,"Hajek(recency=40.0,delta=0.20)",Hajek,40.0,0.2,10,20,169,10000,,yes,0.035,0.9111475905555232
9392,0.5300384637476314,1.1408324803996683,0.6107940166520369,"Hajek(recency=40.0,delta=0.20)",Hajek,40.0,0.2,10,20,169,10000,,yes,0.035,0.9111475905555232
9393,0.5316306166459491,1.145345802280935,0.613715185634986,"Hajek(recency=40.0,delta=0.20)",Hajek,40.0,0.2,10,20,169,10000,,yes,0.035,0.9111475905555232
9394,0.5243003766110423,1.1438508355063288,0.6195504588952865,"Hajek(recency=40.0,delta=0.20)",Hajek,40.0,0.2,10,20,169,10000,,yes,0.035,0.9111475905555232
9395,0.5315234096360165,1.162848318715599,0.6313249090795824,"Hajek(recency=40.0,delta=0.20)",Hajek,40.0,0.2,10,20,169,10000,,yes,0.035,0.9111475905555232
9396,0.509505797524087,1.1398763474019389,0.6303705498778519,"Hajek(recency=40.0,delta=0.20)",Hajek,40.0,0.2,10,20,169,10000,,yes,0.035,0.9111475905555232
9397,0.5367252060395905,1.1501995694898823,0.6134743634502918,"Hajek(recency=40.0,delta=0.20)",Hajek,40.0,0.2,10,20,169,10000,,yes,0.035,0.9111475905555232
9398,0.5280830998705176,1.1557667624800823,0.6276836626095647,"Hajek(recency=40.0,delta=0.20)",Hajek,40.0,0.2,10,20,169,10000,,yes,0.035,0.9111475905555232
9399,0.5110853382352062,1.1482509817950648,0.6371656435598586,"Hajek(recency=40.0,delta=0.20)",Hajek,40.0,0.2,10,20,169,10000,,yes,0.035,0.9111475905555232
9400,0.5363370101833397,1.1475001077326812,0.6111630975493415,"Hajek(recency=40.0,delta=0.20)",Hajek,40.0,0.2,10,20,169,10000,,yes,0.035,0.9111475905555232
9401,0.5117328706582993,1.1455248828222193,0.63379201216392,"Hajek(recency=40.0,delta=0.20)",Hajek,40.0,0.2,10,20,169,10000,,yes,0.035,0.9111475905555232
9402,0.5204801447434266,1.164715628477434,0.6442354837340074,"Hajek(recency=40.0,delta=0.20)",Hajek,40.0,0.2,10,20,169,10000,,yes,0.035,0.9111475905555232
9403,0.5254407492924318,1.1574217415820094,0.6319809922895776,"Hajek(recency=40.0,delta=0.20)",Hajek,40.0,0.2,10,20,169,10000,,yes,0.035,0.9111475905555232
9404,0.49834161117591924,1.1273689935979578,0.6290273824220386,"Hajek(recency=40.0,delta=0.20)",Hajek,40.0,0.2,10,20,169,10000,,yes,0.035,0.9111475905555232
9405,0.49382151289119064,1.1791884689326686,0.6853669560414779,"Hajek(recency=40.0,delta=0.20)",Hajek,40.0,0.2,10,20,169,10000,,yes,0.035,0.9111475905555232
9406,0.518431561294728,1.1593839716447232,0.6409524103499952,"Hajek(recency=40.0,delta=0.20)",Hajek,40.0,0.2,10,20,169,10000,,yes,0.035,0.9111475905555232
9407,0.5127201195494413,1.1459879697474769,0.6332678501980356,"Hajek(recency=40.0,delta=0.20)",Hajek,40.0,0.2,10,20,169,10000,,yes,0.035,0.9111475905555232
9408,0.529999131471325,1.1362176127122177,0.6062184812408926,"Hajek(recency=40.0,delta=0.20)",Hajek,40.0,0.2,10,20,169,10000,,yes,0.035,0.9111475905555232
9409,0.5039756097003277,1.1598601975940146,0.6558845878936869,"Hajek(recency=40.0,delta=0.20)",Hajek,40.0,0.2,10,20,169,10000,,yes,0.035,0.9111475905555232
9410,0.5054510583720537,1.1588864002565062,0.6534353418844525,"Hajek(recency=40.0,delta=0.20)",Hajek,40.0,0.2,10,20,169,10000,,yes,0.035,0.9111475905555232
9411,0.53498801224829,1.1490664592120263,0.6140784469637364,"Hajek(recency=40.0,delta=0.20)",Hajek,40.0,0.2,10,20,169,10000,,yes,0.035,0.9111475905555232
9412,0.5003352228628377,1.1328805340567514,0.6325453111939137,"Hajek(recency=40.0,delta=0.20)",Hajek,40.0,0.2,10,20,169,10000,,yes,0.035,0.9111475905555232
9413,0.5235622145264847,1.1426193279913142,0.6190571134648295,"Hajek(recency=40.0,delta=0.20)",Hajek,40.0,0.2,10,20,169,10000,,yes,0.035,0.9111475905555232
9414,0.5363390553669494,1.1519442240054207,0.6156051686384714,"Hajek(recency=40.0,delta=0.20)",Hajek,40.0,0.2,10,20,169,10000,,yes,0.035,0.9111475905555232
9415,0.5242461687470164,1.1277621987285864,0.6035160299815701,"Hajek(recency=40.0,delta=0.20)",Hajek,40.0,0.2,10,20,169,10000,,yes,0.035,0.9111475905555232
9416,0.5036853792903864,1.1569942780585736,0.6533088987681872,"Hajek(recency=40.0,delta=0.20)",Hajek,40.0,0.2,10,20,169,10000,,yes,0.035,0.9111475905555232
9417,0.5380265051983609,1.1553814750209648,0.6173549698226038,"Hajek(recency=40.0,delta=0.20)",Hajek,40.0,0.2,10,20,169,10000,,yes,0.035,0.9111475905555232
9418,0.5023722889097968,1.1628999074463038,0.660527618536507,"Hajek(recency=40.0,delta=0.20)",Hajek,40.0,0.2,10,20,169,10000,,yes,0.035,0.9111475905555232
9419,0.5265497695552707,1.1343095852303513,0.6077598156750806,"Hajek(recency=40.0,delta=0.20)",Hajek,40.0,0.2,10,20,169,10000,,yes,0.035,0.9111475905555232
9420,0.49095064216820034,1.1612066959838088,0.6702560538156084,"Hajek(recency=40.0,delta=0.20)",Hajek,40.0,0.2,10,20,169,10000,,yes,0.035,0.9111475905555232
9421,0.5049935941663689,1.1618915350879617,0.6568979409215928,"Hajek(recency=40.0,delta=0.20)",Hajek,40.0,0.2,10,20,169,10000,,yes,0.035,0.9111475905555232
9422,0.5050864813112749,1.127176105891452,0.6220896245801771,"Hajek(recency=40.0,delta=0.20)",Hajek,40.0,0.2,10,20,169,10000,,yes,0.035,0.9111475905555232
9423,0.5127831815633692,1.1766584103605182,0.663875228797149,"Hajek(recency=40.0,delta=0.20)",Hajek,40.0,0.2,10,20,169,10000,,yes,0.035,0.9111475905555232
9424,0.5259997703366812,1.130533569501918,0.6045337991652369,"Hajek(recency=40.0,delta=0.20)",Hajek,40.0,0.2,10,20,169,10000,,yes,0.035,0.9111475905555232
9425,0.5176293952629583,1.1376332965778284,0.6200039013148702,"Hajek(recency=40.0,delta=0.20)",Hajek,40.0,0.2,10,20,169,10000,,yes,0.035,0.9111475905555232
9426,0.5392816970620833,1.1833035279822668,0.6440218309201835,"Hajek(recency=40.0,delta=0.20)",Hajek,40.0,0.2,10,20,169,10000,,yes,0.035,0.9111475905555232
9427,0.4951461698173853,1.1395870793201748,0.6444409095027894,"Hajek(recency=40.0,delta=0.20)",Hajek,40.0,0.2,10,20,169,10000,,yes,0.035,0.9111475905555232
9428,0.5140867863943221,1.1536785630158857,0.6395917766215635,"Hajek(recency=40.0,delta=0.20)",Hajek,40.0,0.2,10,20,169,10000,,yes,0.035,0.9111475905555232
9429,0.5180391938691647,1.128334237402275,0.6102950435331101,"Hajek(recency=40.0,delta=0.20)",Hajek,40.0,0.2,10,20,169,10000,,yes,0.035,0.9111475905555232
9430,0.5150455573725108,1.1672779296230138,0.652232372250503,"Hajek(recency=40.0,delta=0.20)",Hajek,40.0,0.2,10,20,169,10000,,yes,0.035,0.9111475905555232
9431,0.5358234338651483,1.1357466407617476,0.5999232068965993,"Hajek(recency=40.0,delta=0.20)",Hajek,40.0,0.2,10,20,169,10000,,yes,0.035,0.9111475905555232
9432,0.5236470778230576,1.1300867143066535,0.6064396364835959,"Hajek(recency=40.0,delta=0.20)",Hajek,40.0,0.2,10,20,169,10000,,yes,0.035,0.9111475905555232
9433,0.5034234254623221,1.1425099283030336,0.6390865028407114,"Hajek(recency=40.0,delta=0.20)",Hajek,40.0,0.2,10,20,169,10000,,yes,0.035,0.9111475905555232
9434,0.5161491113821618,1.1405828908814801,0.6244337794993183,"Hajek(recency=40.0,delta=0.20)",Hajek,40.0,0.2,10,20,169,10000,,yes,0.035,0.9111475905555232
9435,0.5249618141068646,1.1422828487491112,0.6173210346422466,"Hajek(recency=40.0,delta=0.20)",Hajek,40.0,0.2,10,20,169,10000,,yes,0.035,0.9111475905555232
9436,0.5230424172044776,1.1585209095387499,0.6354784923342722,"Hajek(recency=40.0,delta=0.20)",Hajek,40.0,0.2,10,20,169,10000,,yes,0.035,0.9111475905555232
9437,0.5079783204767231,1.1505589487614014,0.6425806282846783,"Hajek(recency=40.0,delta=0.20)",Hajek,40.0,0.2,10,20,169,10000,,yes,0.035,0.9111475905555232
9438,0.5150292289988673,1.1675513566432354,0.6525221276443681,"Hajek(recency=40.0,delta=0.20)",Hajek,40.0,0.2,10,20,169,10000,,yes,0.035,0.9111475905555232
9439,0.5012772764306035,1.156119247337598,0.6548419709069946,"Hajek(recency=40.0,delta=0.20)",Hajek,40.0,0.2,10,20,169,10000,,yes,0.035,0.9111475905555232
9440,0.49860494317576753,1.1646912428502252,0.6660862996744576,"Hajek(recency=40.0,delta=0.20)",Hajek,40.0,0.2,10,20,169,10000,,yes,0.035,0.9111475905555232
9441,0.5296925730110624,1.151600648924723,0.6219080759136606,"Hajek(recency=40.0,delta=0.20)",Hajek,40.0,0.2,10,20,169,10000,,yes,0.035,0.9111475905555232
9442,0.5170807753658638,1.1376393432875933,0.6205585679217295,"Hajek(recency=40.0,delta=0.20)",Hajek,40.0,0.2,10,20,169,10000,,yes,0.035,0.9111475905555232
9443,0.5377168493586785,1.1466571440107807,0.6089402946521022,"Hajek(recency=40.0,delta=0.20)",Hajek,40.0,0.2,10,20,169,10000,,yes,0.035,0.9111475905555232
9444,0.5264240728937161,1.126652422435187,0.600228349541471,"Hajek(recency=40.0,delta=0.20)",Hajek,40.0,0.2,10,20,169,10000,,yes,0.035,0.9111475905555232
9445,0.5248863758884763,1.1311813993776987,0.6062950234892224,"Hajek(recency=40.0,delta=0.20)",Hajek,40.0,0.2,10,20,169,10000,,yes,0.035,0.9111475905555232
9446,0.5192863433691326,1.1278232445248302,0.6085369011556976,"Hajek(recency=40.0,delta=0.20)",Hajek,40.0,0.2,10,20,169,10000,,yes,0.035,0.9111475905555232
9447,0.4970593155629073,1.1672541798303313,0.670194864267424,"Hajek(recency=40.0,delta=0.20)",Hajek,40.0,0.2,10,20,169,10000,,yes,0.035,0.9111475905555232
9448,0.48695964582081497,1.1499365883684518,0.6629769425476368,"Hajek(recency=40.0,delta=0.20)",Hajek,40.0,0.2,10,20,169,10000,,yes,0.035,0.9111475905555232
9449,0.5251969753725777,1.1428132340312775,0.6176162586586998,"Hajek(recency=40.0,delta=0.20)",Hajek,40.0,0.2,10,20,169,10000,,yes,0.035,0.9111475905555232
9450,0.5087204493209999,1.1389016207816853,0.6301811714606854,"Hajek(recency=40.0,delta=0.20)",Hajek,40.0,0.2,10,20,169,10000,,yes,0.035,0.9111475905555232
9451,0.5209953336562634,1.151089446532287,0.6300941128760236,"Hajek(recency=40.0,delta=0.20)",Hajek,40.0,0.2,10,20,169,10000,,yes,0.035,0.9111475905555232
9452,0.5012278479945312,1.1208330574783145,0.6196052094837833,"Hajek(recency=40.0,delta=0.20)",Hajek,40.0,0.2,10,20,169,10000,,yes,0.035,0.9111475905555232
9453,0.5109429369709269,1.136927605791532,0.6259846688206052,"Hajek(recency=40.0,delta=0.20)",Hajek,40.0,0.2,10,20,169,10000,,yes,0.035,0.9111475905555232
9454,0.5243826729505919,1.1711333016147465,0.6467506286641546,"Hajek(recency=40.0,delta=0.20)",Hajek,40.0,0.2,10,20,169,10000,,yes,0.035,0.9111475905555232
9455,0.5336910870076733,1.1525514833411992,0.6188603963335259,"Hajek(recency=40.0,delta=0.20)",Hajek,40.0,0.2,10,20,169,10000,,yes,0.035,0.9111475905555232
9456,0.507660016861934,1.1443684656649187,0.6367084488029847,"Hajek(recency=40.0,delta=0.20)",Hajek,40.0,0.2,10,20,169,10000,,yes,0.035,0.9111475905555232
9457,0.5104303916312224,1.151508405468342,0.6410780138371196,"Hajek(recency=40.0,delta=0.20)",Hajek,40.0,0.2,10,20,169,10000,,yes,0.035,0.9111475905555232
9458,0.5137355865451624,1.1298926553700575,0.6161570688248951,"Hajek(recency=40.0,delta=0.20)",Hajek,40.0,0.2,10,20,169,10000,,yes,0.035,0.9111475905555232
9459,0.5167955098663347,1.1515925651880068,0.6347970553216721,"Hajek(recency=40.0,delta=0.20)",Hajek,40.0,0.2,10,20,169,10000,,yes,0.035,0.9111475905555232
9460,0.4906128917753614,1.134492883840437,0.6438799920650755,"Hajek(recency=40.0,delta=0.20)",Hajek,40.0,0.2,10,20,169,10000,,yes,0.035,0.9111475905555232
9461,0.5144748359106581,1.1414111499089883,0.6269363139983302,"Hajek(recency=40.0,delta=0.20)",Hajek,40.0,0.2,10,20,169,10000,,yes,0.035,0.9111475905555232
9462,0.5337784813974316,1.1335143005362973,0.5997358191388658,"Hajek(recency=40.0,delta=0.20)",Hajek,40.0,0.2,10,20,169,10000,,yes,0.035,0.9111475905555232
9463,0.5186727637308989,1.1608393611048624,0.6421665973739635,"Hajek(recency=40.0,delta=0.20)",Hajek,40.0,0.2,10,20,169,10000,,yes,0.035,0.9111475905555232
9464,0.5289873113706867,1.1462781687616617,0.617290857390975,"Hajek(recency=40.0,delta=0.20)",Hajek,40.0,0.2,10,20,169,10000,,yes,0.035,0.9111475905555232
9465,0.49609075239580924,1.1514358592205423,0.655345106824733,"Hajek(recency=40.0,delta=0.20)",Hajek,40.0,0.2,10,20,169,10000,,yes,0.035,0.9111475905555232
9466,0.5198397285642434,1.1778600029603632,0.6580202743961198,"Hajek(recency=40.0,delta=0.20)",Hajek,40.0,0.2,10,20,169,10000,,yes,0.035,0.9111475905555232
9467,0.517439384808567,1.1561485401083575,0.6387091552997906,"Hajek(recency=40.0,delta=0.20)",Hajek,40.0,0.2,10,20,169,10000,,yes,0.035,0.9111475905555232
9468,0.5154763963425522,1.1692374960542524,0.6537610997117003,"Hajek(recency=40.0,delta=0.20)",Hajek,40.0,0.2,10,20,169,10000,,yes,0.035,0.9111475905555232
9469,0.5369006399019149,1.1407645335264436,0.6038638936245286,"Hajek(recency=40.0,delta=0.20)",Hajek,40.0,0.2,10,20,169,10000,,yes,0.035,0.9111475905555232
9470,0.5009316792427996,1.1675994504294507,0.6666677711866511,"Hajek(recency=40.0,delta=0.20)",Hajek,40.0,0.2,10,20,169,10000,,yes,0.035,0.9111475905555232
9471,0.49911988233552723,1.1440325789534942,0.644912696617967,"Hajek(recency=40.0,delta=0.20)",Hajek,40.0,0.2,10,20,169,10000,,yes,0.035,0.9111475905555232
9472,0.501675793108443,1.151265851288406,0.649590058179963,"Hajek(recency=40.0,delta=0.20)",Hajek,40.0,0.2,10,20,169,10000,,yes,0.035,0.9111475905555232
9473,0.49707636006049105,1.137988696289176,0.640912336228685,"Hajek(recency=40.0,delta=0.20)",Hajek,40.0,0.2,10,20,169,10000,,yes,0.035,0.9111475905555232
9474,0.5264054110696363,1.1523905298548018,0.6259851187851655,"Hajek(recency=40.0,delta=0.20)",Hajek,40.0,0.2,10,20,169,10000,,yes,0.035,0.9111475905555232
9475,0.5250068597979426,1.1311543161969995,0.6061474563990569,"Hajek(recency=40.0,delta=0.20)",Hajek,40.0,0.2,10,20,169,10000,,yes,0.035,0.9111475905555232
9476,0.5140397762976678,1.1670008714743731,0.6529610951767053,"Hajek(recency=40.0,delta=0.20)",Hajek,40.0,0.2,10,20,169,10000,,yes,0.035,0.9111475905555232
9477,0.5253098801366377,1.1498019071604262,0.6244920270237885,"Hajek(recency=40.0,delta=0.20)",Hajek,40.0,0.2,10,20,169,10000,,yes,0.035,0.9111475905555232
9478,0.5235866301002936,1.1519731094823682,0.6283864793820746,"Hajek(recency=40.0,delta=0.20)",Hajek,40.0,0.2,10,20,169,10000,,yes,0.035,0.9111475905555232
9479,0.508303042306969,1.1433577788159712,0.6350547365090022,"Hajek(recency=40.0,delta=0.20)",Hajek,40.0,0.2,10,20,169,10000,,yes,0.035,0.9111475905555232
9480,0.5176151717397095,1.1455769136999494,0.6279617419602399,"Hajek(recency=40.0,delta=0.20)",Hajek,40.0,0.2,10,20,169,10000,,yes,0.035,0.9111475905555232
9481,0.5185632601036466,1.1241125946519879,0.6055493345483413,"Hajek(recency=40.0,delta=0.20)",Hajek,40.0,0.2,10,20,169,10000,,yes,0.035,0.9111475905555232
9482,0.513397933274328,1.1293672961699888,0.6159693628956607,"Hajek(recency=40.0,delta=0.20)",Hajek,40.0,0.2,10,20,169,10000,,yes,0.035,0.9111475905555232
9483,0.5259748426571735,1.1689995575316088,0.6430247148744352,"Hajek(recency=40.0,delta=0.20)",Hajek,40.0,0.2,10,20,169,10000,,yes,0.035,0.9111475905555232
9484,0.5153102076245836,1.136884971047366,0.6215747634227825,"Hajek(recency=40.0,delta=0.20)",Hajek,40.0,0.2,10,20,169,10000,,yes,0.035,0.9111475905555232
9485,0.5263734885842482,1.1569980788739995,0.6306245902897514,"Hajek(recency=40.0,delta=0.20)",Hajek,40.0,0.2,10,20,169,10000,,yes,0.035,0.9111475905555232
9486,0.5126387379003726,1.1635036681497706,0.650864930249398,"Hajek(recency=40.0,delta=0.20)",Hajek,40.0,0.2,10,20,169,10000,,yes,0.035,0.9111475905555232
9487,0.5028087908779506,1.1497875566556262,0.6469787657776755,"Hajek(recency=40.0,delta=0.20)",Hajek,40.0,0.2,10,20,169,10000,,yes,0.035,0.9111475905555232
9488,0.5329409975436069,1.1597381618830145,0.6267971643394076,"Hajek(recency=40.0,delta=0.20)",Hajek,40.0,0.2,10,20,169,10000,,yes,0.035,0.9111475905555232
9489,0.5160964192305422,1.1611478563010642,0.645051437070522,"Hajek(recency=40.0,delta=0.20)",Hajek,40.0,0.2,10,20,169,10000,,yes,0.035,0.9111475905555232
9490,0.4929431104616377,1.1556472451493627,0.6627041346877249,"Hajek(recency=40.0,delta=0.20)",Hajek,40.0,0.2,10,20,169,10000,,yes,0.035,0.9111475905555232
9491,0.5079922286554976,1.1477465945697272,0.6397543659142295,"Hajek(recency=40.0,delta=0.20)",Hajek,40.0,0.2,10,20,169,10000,,yes,0.035,0.9111475905555232
9492,0.5105455933313622,1.144359012926103,0.6338134195947408,"Hajek(recency=40.0,delta=0.20)",Hajek,40.0,0.2,10,20,169,10000,,yes,0.035,0.9111475905555232
9493,0.49950694879357754,1.1636571243041842,0.6641501755106067,"Hajek(recency=40.0,delta=0.20)",Hajek,40.0,0.2,10,20,169,10000,,yes,0.035,0.9111475905555232
9494,0.5270127210709207,1.125418977019385,0.5984062559484643,"Hajek(recency=40.0,delta=0.20)",Hajek,40.0,0.2,10,20,169,10000,,yes,0.035,0.9111475905555232
9495,0.5287378058520396,1.154512357006543,0.6257745511545034,"Hajek(recency=40.0,delta=0.20)",Hajek,40.0,0.2,10,20,169,10000,,yes,0.035,0.9111475905555232
9496,0.5065569489826358,1.1313466671161025,0.6247897181334667,"Hajek(recency=40.0,delta=0.20)",Hajek,40.0,0.2,10,20,169,10000,,yes,0.035,0.9111475905555232
9497,0.5197620435230949,1.1232667546596953,0.6035047111366004,"Hajek(recency=40.0,delta=0.20)",Hajek,40.0,0.2,10,20,169,10000,,yes,0.035,0.9111475905555232
9498,0.5041850935001925,1.129964530464813,0.6257794369646205,"Hajek(recency=40.0,delta=0.20)",Hajek,40.0,0.2,10,20,169,10000,,yes,0.035,0.9111475905555232
9499,0.5122334065697384,1.1319747354334468,0.6197413288637085,"Hajek(recency=40.0,delta=0.20)",Hajek,40.0,0.2,10,20,169,10000,,yes,0.035,0.9111475905555232
9500,0.5061153204320321,1.1351101205901781,0.628994800158146,"Hajek(recency=40.0,delta=0.20)",Hajek,40.0,0.2,10,20,169,10000,,yes,0.035,0.9111475905555232
9501,0.5083945142218518,1.1748695933506137,0.6664750791287619,"Hajek(recency=40.0,delta=0.20)",Hajek,40.0,0.2,10,20,169,10000,,yes,0.035,0.9111475905555232
9502,0.5112715926940065,1.1494101240469283,0.6381385313529219,"Hajek(recency=40.0,delta=0.20)",Hajek,40.0,0.2,10,20,169,10000,,yes,0.035,0.9111475905555232
9503,0.49325643380918877,1.1779200915770855,0.6846636577678968,"Hajek(recency=40.0,delta=0.20)",Hajek,40.0,0.2,10,20,169,10000,,yes,0.035,0.9111475905555232
9504,0.5050261539778477,1.1316576034890868,0.6266314495112392,"Hajek(recency=40.0,delta=0.20)",Hajek,40.0,0.2,10,20,169,10000,,yes,0.035,0.9111475905555232
9505,0.5450982425088676,1.157453185998379,0.6123549434895114,"Hajek(recency=40.0,delta=0.20)",Hajek,40.0,0.2,10,20,169,10000,,yes,0.035,0.9111475905555232
9506,0.5118055077510676,1.150498368345096,0.6386928605940284,"Hajek(recency=40.0,delta=0.20)",Hajek,40.0,0.2,10,20,169,10000,,yes,0.035,0.9111475905555232
9507,0.5111256182922962,1.1608477537994957,0.6497221355071995,"Hajek(recency=40.0,delta=0.20)",Hajek,40.0,0.2,10,20,169,10000,,yes,0.035,0.9111475905555232
9508,0.5340527158642719,1.1271862887008097,0.5931335728365378,"Hajek(recency=40.0,delta=0.20)",Hajek,40.0,0.2,10,20,169,10000,,yes,0.035,0.9111475905555232
9509,0.50925714285073,1.13705045404338,0.6277933111926499,"Hajek(recency=40.0,delta=0.20)",Hajek,40.0,0.2,10,20,169,10000,,yes,0.035,0.9111475905555232
9510,0.5083786698691012,1.13830620438335,0.6299275345142489,"Hajek(recency=40.0,delta=0.20)",Hajek,40.0,0.2,10,20,169,10000,,yes,0.035,0.9111475905555232
9511,0.5135129842633069,1.1414424796268188,0.6279294953635118,"Hajek(recency=40.0,delta=0.20)",Hajek,40.0,0.2,10,20,169,10000,,yes,0.035,0.9111475905555232
9512,0.5057276719702293,1.160255416492937,0.6545277445227078,"Hajek(recency=40.0,delta=0.20)",Hajek,40.0,0.2,10,20,169,10000,,yes,0.035,0.9111475905555232
9513,0.5195368360644305,1.1433221495665953,0.6237853135021648,"Hajek(recency=40.0,delta=0.20)",Hajek,40.0,0.2,10,20,169,10000,,yes,0.035,0.9111475905555232
9514,0.5211999410394944,1.1652912081931628,0.6440912671536684,"Hajek(recency=40.0,delta=0.20)",Hajek,40.0,0.2,10,20,169,10000,,yes,0.035,0.9111475905555232
9515,0.5112362105394306,1.1537956276700674,0.6425594171306368,"Hajek(recency=40.0,delta=0.20)",Hajek,40.0,0.2,10,20,169,10000,,yes,0.035,0.9111475905555232
9516,0.5165097903210298,1.1567704605455176,0.6402606702244877,"Hajek(recency=40.0,delta=0.20)",Hajek,40.0,0.2,10,20,169,10000,,yes,0.035,0.9111475905555232
9517,0.5103840130204595,1.1307241578243965,0.620340144803937,"Hajek(recency=40.0,delta=0.20)",Hajek,40.0,0.2,10,20,169,10000,,yes,0.035,0.9111475905555232
9518,0.5244697045681285,1.1438676088302413,0.6193979042621128,"Hajek(recency=40.0,delta=0.20)",Hajek,40.0,0.2,10,20,169,10000,,yes,0.035,0.9111475905555232
9519,0.5212859393539928,1.1745758421661086,0.6532899028121157,"Hajek(recency=40.0,delta=0.20)",Hajek,40.0,0.2,10,20,169,10000,,yes,0.035,0.9111475905555232
9520,0.5189374543090961,1.1466108539706406,0.6276733996615445,"Hajek(recency=40.0,delta=0.20)",Hajek,40.0,0.2,10,20,169,10000,,yes,0.035,0.9111475905555232
9521,0.5316489420862401,1.1303170956871686,0.5986681536009285,"Hajek(recency=40.0,delta=0.20)",Hajek,40.0,0.2,10,20,169,10000,,yes,0.035,0.9111475905555232
9522,0.5221835616382865,1.163777123836966,0.6415935621986796,"Hajek(recency=40.0,delta=0.20)",Hajek,40.0,0.2,10,20,169,10000,,yes,0.035,0.9111475905555232
9523,0.508774658665164,1.1371310336968459,0.6283563750316818,"Hajek(recency=40.0,delta=0.20)",Hajek,40.0,0.2,10,20,169,10000,,yes,0.035,0.9111475905555232
9524,0.5125208246977371,1.1414218773171705,0.6289010526194334,"Hajek(recency=40.0,delta=0.20)",Hajek,40.0,0.2,10,20,169,10000,,yes,0.035,0.9111475905555232
9525,0.4827376638726525,1.166106987842735,0.6833693239700825,"Hajek(recency=40.0,delta=0.20)",Hajek,40.0,0.2,10,20,169,10000,,yes,0.035,0.9111475905555232
9526,0.5218738814890979,1.183532054965329,0.6616581734762311,"Hajek(recency=40.0,delta=0.20)",Hajek,40.0,0.2,10,20,169,10000,,yes,0.035,0.9111475905555232
9527,0.5316790720933883,1.1388359179582266,0.6071568458648383,"Hajek(recency=40.0,delta=0.20)",Hajek,40.0,0.2,10,20,169,10000,,yes,0.035,0.9111475905555232
9528,0.5311105361941564,1.1423324410773708,0.6112219048832144,"Hajek(recency=40.0,delta=0.20)",Hajek,40.0,0.2,10,20,169,10000,,yes,0.035,0.9111475905555232
9529,0.48759111486501544,1.1623293631224472,0.6747382482574318,"Hajek(recency=40.0,delta=0.20)",Hajek,40.0,0.2,10,20,169,10000,,yes,0.035,0.9111475905555232
9530,0.5209991919418275,1.1506227331221426,0.629623541180315,"Hajek(recency=40.0,delta=0.20)",Hajek,40.0,0.2,10,20,169,10000,,yes,0.035,0.9111475905555232
9531,0.5137629667673297,1.146950697789251,0.6331877310219213,"Hajek(recency=40.0,delta=0.20)",Hajek,40.0,0.2,10,20,169,10000,,yes,0.035,0.9111475905555232
9532,0.5171671618864023,1.1429119349332493,0.625744773046847,"Hajek(recency=40.0,delta=0.20)",Hajek,40.0,0.2,10,20,169,10000,,yes,0.035,0.9111475905555232
9533,0.5113314044576495,1.1507672073054893,0.6394358028478399,"Hajek(recency=40.0,delta=0.20)",Hajek,40.0,0.2,10,20,169,10000,,yes,0.035,0.9111475905555232
9534,0.49209862152167083,1.1389055278646594,0.6468069063429885,"Hajek(recency=40.0,delta=0.20)",Hajek,40.0,0.2,10,20,169,10000,,yes,0.035,0.9111475905555232
9535,0.5166986298430615,1.1191847651775864,0.6024861353345249,"Hajek(recency=40.0,delta=0.20)",Hajek,40.0,0.2,10,20,169,10000,,yes,0.035,0.9111475905555232
9536,0.5470630312423944,1.1433123969350885,0.596249365692694,"Hajek(recency=40.0,delta=0.20)",Hajek,40.0,0.2,10,20,169,10000,,yes,0.035,0.9111475905555232
9537,0.5123104917052944,1.143456308307805,0.6311458166025107,"Hajek(recency=40.0,delta=0.20)",Hajek,40.0,0.2,10,20,169,10000,,yes,0.035,0.9111475905555232
9538,0.49179676521958093,1.136721079206037,0.644924313986456,"Hajek(recency=40.0,delta=0.20)",Hajek,40.0,0.2,10,20,169,10000,,yes,0.035,0.9111475905555232
9539,0.5035584845441579,1.144022509024992,0.6404640244808342,"Hajek(recency=40.0,delta=0.20)",Hajek,40.0,0.2,10,20,169,10000,,yes,0.035,0.9111475905555232
9540,0.5080112562134235,1.1355091236949126,0.6274978674814892,"Hajek(recency=40.0,delta=0.20)",Hajek,40.0,0.2,10,20,169,10000,,yes,0.035,0.9111475905555232
9541,0.5249393578021636,1.116235880427512,0.5912965226253485,"Hajek(recency=40.0,delta=0.20)",Hajek,40.0,0.2,10,20,169,10000,,yes,0.035,0.9111475905555232
9542,0.5307303717037104,1.1655669824881076,0.6348366107843972,"Hajek(recency=40.0,delta=0.20)",Hajek,40.0,0.2,10,20,169,10000,,yes,0.035,0.9111475905555232
9543,0.5046243029112826,1.137277663576734,0.6326533606654515,"Hajek(recency=40.0,delta=0.20)",Hajek,40.0,0.2,10,20,169,10000,,yes,0.035,0.9111475905555232
9544,0.477188293920874,1.1319584625284644,0.6547701686075904,"Hajek(recency=40.0,delta=0.20)",Hajek,40.0,0.2,10,20,169,10000,,yes,0.035,0.9111475905555232
9545,0.5192084049769701,1.1526108283608503,0.6334024233838802,"Hajek(recency=40.0,delta=0.20)",Hajek,40.0,0.2,10,20,169,10000,,yes,0.035,0.9111475905555232
9546,0.5012889709528133,1.1177816991507021,0.6164927281978888,"Hajek(recency=40.0,delta=0.20)",Hajek,40.0,0.2,10,20,169,10000,,yes,0.035,0.9111475905555232
9547,0.5274385288776596,1.1390406297601283,0.6116021008824687,"Hajek(recency=40.0,delta=0.20)",Hajek,40.0,0.2,10,20,169,10000,,yes,0.035,0.9111475905555232
9548,0.5246031218122592,1.1536352716569804,0.6290321498447212,"Hajek(recency=40.0,delta=0.20)",Hajek,40.0,0.2,10,20,169,10000,,yes,0.035,0.9111475905555232
9549,0.5155030572921124,1.1430146149947311,0.6275115577026187,"Hajek(recency=40.0,delta=0.20)",Hajek,40.0,0.2,10,20,169,10000,,yes,0.035,0.9111475905555232
9550,0.5159058668273921,1.1609608746444298,0.6450550078170376,"Hajek(recency=40.0,delta=0.20)",Hajek,40.0,0.2,10,20,169,10000,,yes,0.035,0.9111475905555232
9551,0.516716387218571,1.1677401589054535,0.6510237716868824,"Hajek(recency=40.0,delta=0.20)",Hajek,40.0,0.2,10,20,169,10000,,yes,0.035,0.9111475905555232
9552,0.5125779691273111,1.144380177951259,0.6318022088239479,"Hajek(recency=40.0,delta=0.20)",Hajek,40.0,0.2,10,20,169,10000,,yes,0.035,0.9111475905555232
9553,0.5391728245778659,1.1395317478817157,0.6003589233038499,"Hajek(recency=40.0,delta=0.20)",Hajek,40.0,0.2,10,20,169,10000,,yes,0.035,0.9111475905555232
9554,0.5084280390308676,1.1662195194278027,0.657791480396935,"Hajek(recency=40.0,delta=0.20)",Hajek,40.0,0.2,10,20,169,10000,,yes,0.035,0.9111475905555232
9555,0.4985742315385315,1.1676266970867692,0.6690524655482377,"Hajek(recency=40.0,delta=0.20)",Hajek,40.0,0.2,10,20,169,10000,,yes,0.035,0.9111475905555232
9556,0.5211671407108655,1.1213598728875203,0.6001927321766548,"Hajek(recency=40.0,delta=0.20)",Hajek,40.0,0.2,10,20,169,10000,,yes,0.035,0.9111475905555232
9557,0.5022513780250034,1.1616771694030095,0.659425791378006,"Hajek(recency=40.0,delta=0.20)",Hajek,40.0,0.2,10,20,169,10000,,yes,0.035,0.9111475905555232
9558,0.5126777580626579,1.167093777976547,0.654416019913889,"Hajek(recency=40.0,delta=0.20)",Hajek,40.0,0.2,10,20,169,10000,,yes,0.035,0.9111475905555232
9559,0.5206206811130106,1.1520850483996237,0.631464367286613,"Hajek(recency=40.0,delta=0.20)",Hajek,40.0,0.2,10,20,169,10000,,yes,0.035,0.9111475905555232
9560,0.5222676466965005,1.1443934280468284,0.6221257813503279,"Hajek(recency=40.0,delta=0.20)",Hajek,40.0,0.2,10,20,169,10000,,yes,0.035,0.9111475905555232
9561,0.5350882740645106,1.127865199771062,0.5927769257065514,"Hajek(recency=40.0,delta=0.20)",Hajek,40.0,0.2,10,20,169,10000,,yes,0.035,0.9111475905555232
9562,0.525861250014638,1.1482664556762043,0.6224052056615663,"Hajek(recency=40.0,delta=0.20)",Hajek,40.0,0.2,10,20,169,10000,,yes,0.035,0.9111475905555232
9563,0.5394014793704146,1.168558856647732,0.6291573772773175,"Hajek(recency=40.0,delta=0.20)",Hajek,40.0,0.2,10,20,169,10000,,yes,0.035,0.9111475905555232
9564,0.517884323306866,1.1435354320942037,0.6256511087873378,"Hajek(recency=40.0,delta=0.20)",Hajek,40.0,0.2,10,20,169,10000,,yes,0.035,0.9111475905555232
9565,0.5068982806165845,1.173143010019037,0.6662447294024525,"Hajek(recency=40.0,delta=0.20)",Hajek,40.0,0.2,10,20,169,10000,,yes,0.035,0.9111475905555232
9566,0.5111758826343928,1.1239726001834558,0.612796717549063,"Hajek(recency=40.0,delta=0.20)",Hajek,40.0,0.2,10,20,169,10000,,yes,0.035,0.9111475905555232
9567,0.517091406252316,1.1451074117954851,0.6280160055431692,"Hajek(recency=40.0,delta=0.20)",Hajek,40.0,0.2,10,20,169,10000,,yes,0.035,0.9111475905555232
9568,0.5367094296000694,1.1394427650501622,0.6027333354500928,"Hajek(recency=40.0,delta=0.20)",Hajek,40.0,0.2,10,20,169,10000,,yes,0.035,0.9111475905555232
9569,0.5148263602091371,1.1654800324565913,0.6506536722474542,"Hajek(recency=40.0,delta=0.20)",Hajek,40.0,0.2,10,20,169,10000,,yes,0.035,0.9111475905555232
9570,0.5083133494879435,1.1389226653771451,0.6306093158892017,"Hajek(recency=40.0,delta=0.20)",Hajek,40.0,0.2,10,20,169,10000,,yes,0.035,0.9111475905555232
9571,0.5295459155121872,1.1687136332981993,0.6391677177860121,"Hajek(recency=40.0,delta=0.20)",Hajek,40.0,0.2,10,20,169,10000,,yes,0.035,0.9111475905555232
9572,0.5368196414232935,1.1484748081281289,0.6116551667048353,"Hajek(recency=40.0,delta=0.20)",Hajek,40.0,0.2,10,20,169,10000,,yes,0.035,0.9111475905555232
9573,0.5177277411147307,1.1278753370385555,0.6101475959238247,"Hajek(recency=40.0,delta=0.20)",Hajek,40.0,0.2,10,20,169,10000,,yes,0.035,0.9111475905555232
9574,0.526694629634198,1.1045545993531194,0.5778599697189214,"Hajek(recency=40.0,delta=0.20)",Hajek,40.0,0.2,10,20,169,10000,,yes,0.035,0.9111475905555232
9575,0.5126121884367413,1.1502345527547364,0.6376223643179951,"Hajek(recency=40.0,delta=0.20)",Hajek,40.0,0.2,10,20,169,10000,,yes,0.035,0.9111475905555232
9576,0.4996613331797999,1.138874023143357,0.6392126899635571,"Hajek(recency=40.0,delta=0.20)",Hajek,40.0,0.2,10,20,169,10000,,yes,0.035,0.9111475905555232
9577,0.5278075591212493,1.1395748738830858,0.6117673147618364,"Hajek(recency=40.0,delta=0.20)",Hajek,40.0,0.2,10,20,169,10000,,yes,0.035,0.9111475905555232
9578,0.5193888157006101,1.1605553307176706,0.6411665150170605,"Hajek(recency=40.0,delta=0.20)",Hajek,40.0,0.2,10,20,169,10000,,yes,0.035,0.9111475905555232
9579,0.5074053637524287,1.140429120923293,0.6330237571708643,"Hajek(recency=40.0,delta=0.20)",Hajek,40.0,0.2,10,20,169,10000,,yes,0.035,0.9111475905555232
9580,0.49910743367873717,1.135730246644804,0.6366228129660669,"Hajek(recency=40.0,delta=0.20)",Hajek,40.0,0.2,10,20,169,10000,,yes,0.035,0.9111475905555232
9581,0.49882949606512816,1.1383717286355943,0.6395422325704662,"Hajek(recency=40.0,delta=0.20)",Hajek,40.0,0.2,10,20,169,10000,,yes,0.035,0.9111475905555232
9582,0.4925510073952714,1.1273758532407185,0.6348248458454471,"Hajek(recency=40.0,delta=0.20)",Hajek,40.0,0.2,10,20,169,10000,,yes,0.035,0.9111475905555232
9583,0.49606525403936386,1.1340501123920392,0.6379848583526754,"Hajek(recency=40.0,delta=0.20)",Hajek,40.0,0.2,10,20,169,10000,,yes,0.035,0.9111475905555232
9584,0.5287766910397772,1.17944968941499,0.6506729983752128,"Hajek(recency=40.0,delta=0.20)",Hajek,40.0,0.2,10,20,169,10000,,yes,0.035,0.9111475905555232
9585,0.522655742987927,1.1590390968574946,0.6363833538695676,"Hajek(recency=40.0,delta=0.20)",Hajek,40.0,0.2,10,20,169,10000,,yes,0.035,0.9111475905555232
9586,0.527456440636642,1.1511514734519395,0.6236950328152975,"Hajek(recency=40.0,delta=0.20)",Hajek,40.0,0.2,10,20,169,10000,,yes,0.035,0.9111475905555232
9587,0.5202822273775584,1.1472350879631212,0.6269528605855629,"Hajek(recency=40.0,delta=0.20)",Hajek,40.0,0.2,10,20,169,10000,,yes,0.035,0.9111475905555232
9588,0.50900952139051,1.1623961851894518,0.6533866637989417,"Hajek(recency=40.0,delta=0.20)",Hajek,40.0,0.2,10,20,169,10000,,yes,0.035,0.9111475905555232
9589,0.5056289111121621,1.1593511209283827,0.6537222098162205,"Hajek(recency=40.0,delta=0.20)",Hajek,40.0,0.2,10,20,169,10000,,yes,0.035,0.9111475905555232
9590,0.5295645088838915,1.1373128609767482,0.6077483520928567,"Hajek(recency=40.0,delta=0.20)",Hajek,40.0,0.2,10,20,169,10000,,yes,0.035,0.9111475905555232
9591,0.5152435534059424,1.1706858234915776,0.6554422700856352,"Hajek(recency=40.0,delta=0.20)",Hajek,40.0,0.2,10,20,169,10000,,yes,0.035,0.9111475905555232
9592,0.5021962351033502,1.1609763347579354,0.6587800996545852,"Hajek(recency=40.0,delta=0.20)",Hajek,40.0,0.2,10,20,169,10000,,yes,0.035,0.9111475905555232
9593,0.5037562805098924,1.162573073933392,0.6588167934234995,"Hajek(recency=40.0,delta=0.20)",Hajek,40.0,0.2,10,20,169,10000,,yes,0.035,0.9111475905555232
9594,0.5125980680817492,1.1543653749281069,0.6417673068463576,"Hajek(recency=40.0,delta=0.20)",Hajek,40.0,0.2,10,20,169,10000,,yes,0.035,0.9111475905555232
9595,0.5153162886465907,1.1612444557338555,0.6459281670872647,"Hajek(recency=40.0,delta=0.20)",Hajek,40.0,0.2,10,20,169,10000,,yes,0.035,0.9111475905555232
9596,0.5304125023109563,1.1133352995555426,0.5829227972445863,"Hajek(recency=40.0,delta=0.20)",Hajek,40.0,0.2,10,20,169,10000,,yes,0.035,0.9111475905555232
9597,0.5118657082380965,1.16392409143892,0.6520583832008234,"Hajek(recency=40.0,delta=0.20)",Hajek,40.0,0.2,10,20,169,10000,,yes,0.035,0.9111475905555232
9598,0.5208400129778178,1.1746706404210119,0.6538306274431941,"Hajek(recency=40.0,delta=0.20)",Hajek,40.0,0.2,10,20,169,10000,,yes,0.035,0.9111475905555232
9599,0.5212573405043177,1.1645609625221058,0.6433036220177881,"Hajek(recency=40.0,delta=0.20)",Hajek,40.0,0.2,10,20,169,10000,,yes,0.035,0.9111475905555232
9600,0.514526798066749,1.1366671220423559,0.6221403239756069,"Hajek(recency=40.0,delta=0.20)",Hajek,40.0,0.2,10,20,169,10000,,yes,0.035,0.9111475905555232
9601,0.5053880449562203,1.17482950366581,0.6694414587095898,"Hajek(recency=40.0,delta=0.20)",Hajek,40.0,0.2,10,20,169,10000,,yes,0.035,0.9111475905555232
9602,0.5194205759791664,1.1562750768128924,0.6368545008337261,"Hajek(recency=40.0,delta=0.20)",Hajek,40.0,0.2,10,20,169,10000,,yes,0.035,0.9111475905555232
9603,0.4757359520955008,1.1663401248863041,0.6906041727908033,"Hajek(recency=40.0,delta=0.20)",Hajek,40.0,0.2,10,20,169,10000,,yes,0.035,0.9111475905555232
9604,0.4955130551326565,1.1530443672648414,0.6575313121321849,"Hajek(recency=40.0,delta=0.20)",Hajek,40.0,0.2,10,20,169,10000,,yes,0.035,0.9111475905555232
9605,0.518552807850836,1.148454221661633,0.6299014138107969,"Hajek(recency=40.0,delta=0.20)",Hajek,40.0,0.2,10,20,169,10000,,yes,0.035,0.9111475905555232
9606,0.5252211959017237,1.1240764846076672,0.5988552887059435,"Hajek(recency=40.0,delta=0.20)",Hajek,40.0,0.2,10,20,169,10000,,yes,0.035,0.9111475905555232
9607,0.5321705271929473,1.1794951646058498,0.6473246374129025,"Hajek(recency=40.0,delta=0.20)",Hajek,40.0,0.2,10,20,169,10000,,yes,0.035,0.9111475905555232
9608,0.5364861164893406,1.1608356007903355,0.6243494843009949,"Hajek(recency=40.0,delta=0.20)",Hajek,40.0,0.2,10,20,169,10000,,yes,0.035,0.9111475905555232
9609,0.5272024406638905,1.1403581687176627,0.6131557280537722,"Hajek(recency=40.0,delta=0.20)",Hajek,40.0,0.2,10,20,169,10000,,yes,0.035,0.9111475905555232
9610,0.4838121279066921,1.1359789739777264,0.6521668460710344,"Hajek(recency=40.0,delta=0.20)",Hajek,40.0,0.2,10,20,169,10000,,yes,0.035,0.9111475905555232
9611,0.4960863071225087,1.1524641039664894,0.6563777968439807,"Hajek(recency=40.0,delta=0.20)",Hajek,40.0,0.2,10,20,169,10000,,yes,0.035,0.9111475905555232
9612,0.5281788674677196,1.1703176235675672,0.6421387560998476,"Hajek(recency=40.0,delta=0.20)",Hajek,40.0,0.2,10,20,169,10000,,yes,0.035,0.9111475905555232
9613,0.5326379180563776,1.176879248926721,0.6442413308703434,"Hajek(recency=40.0,delta=0.20)",Hajek,40.0,0.2,10,20,169,10000,,yes,0.035,0.9111475905555232
9614,0.5134591375163994,1.1806095673556025,0.6671504298392031,"Hajek(recency=40.0,delta=0.20)",Hajek,40.0,0.2,10,20,169,10000,,yes,0.035,0.9111475905555232
9615,0.5102681678645956,1.1669162688008565,0.6566481009362609,"Hajek(recency=40.0,delta=0.20)",Hajek,40.0,0.2,10,20,169,10000,,yes,0.035,0.9111475905555232
9616,0.5144954725803355,1.1541560069080976,0.6396605343277622,"Hajek(recency=40.0,delta=0.20)",Hajek,40.0,0.2,10,20,169,10000,,yes,0.035,0.9111475905555232
9617,0.527377680482912,1.153815893859835,0.6264382133769231,"Hajek(recency=40.0,delta=0.20)",Hajek,40.0,0.2,10,20,169,10000,,yes,0.035,0.9111475905555232
9618,0.5094853445169925,1.1606043752959765,0.651119030778984,"Hajek(recency=40.0,delta=0.20)",Hajek,40.0,0.2,10,20,169,10000,,yes,0.035,0.9111475905555232
9619,0.5271257065613717,1.15475230404223,0.6276265974808584,"Hajek(recency=40.0,delta=0.20)",Hajek,40.0,0.2,10,20,169,10000,,yes,0.035,0.9111475905555232
9620,0.5036222463620834,1.1464728668028326,0.6428506204407491,"Hajek(recency=40.0,delta=0.20)",Hajek,40.0,0.2,10,20,169,10000,,yes,0.035,0.9111475905555232
9621,0.5121081710766953,1.1527742311038542,0.640666060027159,"Hajek(recency=40.0,delta=0.20)",Hajek,40.0,0.2,10,20,169,10000,,yes,0.035,0.9111475905555232
9622,0.49525679497524894,1.1443682930790136,0.6491114981037647,"Hajek(recency=40.0,delta=0.20)",Hajek,40.0,0.2,10,20,169,10000,,yes,0.035,0.9111475905555232
9623,0.5038624209882947,1.1608657366191717,0.657003315630877,"Hajek(recency=40.0,delta=0.20)",Hajek,40.0,0.2,10,20,169,10000,,yes,0.035,0.9111475905555232
9624,0.524827074147554,1.144112374714724,0.6192853005671699,"Hajek(recency=40.0,delta=0.20)",Hajek,40.0,0.2,10,20,169,10000,,yes,0.035,0.9111475905555232
9625,0.5046248029215852,1.1442891834836102,0.639664380562025,"Hajek(recency=40.0,delta=0.20)",Hajek,40.0,0.2,10,20,169,10000,,yes,0.035,0.9111475905555232
9626,0.4967820448248204,1.1393011051340642,0.6425190603092439,"Hajek(recency=40.0,delta=0.20)",Hajek,40.0,0.2,10,20,169,10000,,yes,0.035,0.9111475905555232
9627,0.49730126373869954,1.1560291744111348,0.6587279106724353,"Hajek(recency=40.0,delta=0.20)",Hajek,40.0,0.2,10,20,169,10000,,yes,0.035,0.9111475905555232
9628,0.4972317417471906,1.1299835771040223,0.6327518353568318,"Hajek(recency=40.0,delta=0.20)",Hajek,40.0,0.2,10,20,169,10000,,yes,0.035,0.9111475905555232
9629,0.5033377883749419,1.1365123792886354,0.6331745909136934,"Hajek(recency=40.0,delta=0.20)",Hajek,40.0,0.2,10,20,169,10000,,yes,0.035,0.9111475905555232
9630,0.5109901145871275,1.1707310083176379,0.6597408937305104,"Hajek(recency=40.0,delta=0.20)",Hajek,40.0,0.2,10,20,169,10000,,yes,0.035,0.9111475905555232
9631,0.5057211518755647,1.1463411926874705,0.6406200408119058,"Hajek(recency=40.0,delta=0.20)",Hajek,40.0,0.2,10,20,169,10000,,yes,0.035,0.9111475905555232
9632,0.5360227046890546,1.1140869063656147,0.5780642016765601,"Hajek(recency=40.0,delta=0.20)",Hajek,40.0,0.2,10,20,169,10000,,yes,0.035,0.9111475905555232
9633,0.5199142343623603,1.1523134937607824,0.6323992593984221,"Hajek(recency=40.0,delta=0.20)",Hajek,40.0,0.2,10,20,169,10000,,yes,0.035,0.9111475905555232
9634,0.5040803815935807,1.1498780202315118,0.645797638637931,"Hajek(recency=40.0,delta=0.20)",Hajek,40.0,0.2,10,20,169,10000,,yes,0.035,0.9111475905555232
9635,0.5269044915921927,1.1549949745065047,0.628090482914312,"Hajek(recency=40.0,delta=0.20)",Hajek,40.0,0.2,10,20,169,10000,,yes,0.035,0.9111475905555232
9636,0.5245390183793922,1.1569057785185612,0.632366760139169,"Hajek(recency=40.0,delta=0.20)",Hajek,40.0,0.2,10,20,169,10000,,yes,0.035,0.9111475905555232
9637,0.5184237567409924,1.1623251496806604,0.643901392939668,"Hajek(recency=40.0,delta=0.20)",Hajek,40.0,0.2,10,20,169,10000,,yes,0.035,0.9111475905555232
9638,0.4993947977724765,1.1587055738674845,0.6593107760950081,"Hajek(recency=40.0,delta=0.20)",Hajek,40.0,0.2,10,20,169,10000,,yes,0.035,0.9111475905555232
9639,0.5062396848846865,1.1287007894026535,0.622461104517967,"Hajek(recency=40.0,delta=0.20)",Hajek,40.0,0.2,10,20,169,10000,,yes,0.035,0.9111475905555232
9640,0.5106834765918592,1.1571021286455094,0.6464186520536502,"Hajek(recency=40.0,delta=0.20)",Hajek,40.0,0.2,10,20,169,10000,,yes,0.035,0.9111475905555232
9641,0.5112243156191703,1.132561289246048,0.6213369736268777,"Hajek(recency=40.0,delta=0.20)",Hajek,40.0,0.2,10,20,169,10000,,yes,0.035,0.9111475905555232
9642,0.5099436495208657,1.156060420685667,0.6461167711648014,"Hajek(recency=40.0,delta=0.20)",Hajek,40.0,0.2,10,20,169,10000,,yes,0.035,0.9111475905555232
9643,0.5208637585515621,1.1551967255594584,0.6343329670078963,"Hajek(recency=40.0,delta=0.20)",Hajek,40.0,0.2,10,20,169,10000,,yes,0.035,0.9111475905555232
9644,0.5084243676464031,1.1503864649430484,0.6419620972966453,"Hajek(recency=40.0,delta=0.20)",Hajek,40.0,0.2,10,20,169,10000,,yes,0.035,0.9111475905555232
9645,0.498691179895642,1.1423015763242435,0.6436103964286015,"Hajek(recency=40.0,delta=0.20)",Hajek,40.0,0.2,10,20,169,10000,,yes,0.035,0.9111475905555232
9646,0.5040184637420293,1.1595841142791232,0.6555656505370939,"Hajek(recency=40.0,delta=0.20)",Hajek,40.0,0.2,10,20,169,10000,,yes,0.035,0.9111475905555232
9647,0.5071798605113161,1.1335251344036306,0.6263452738923144,"Hajek(recency=40.0,delta=0.20)",Hajek,40.0,0.2,10,20,169,10000,,yes,0.035,0.9111475905555232
9648,0.5109468745131595,1.1636719296675075,0.6527250551543481,"Hajek(recency=40.0,delta=0.20)",Hajek,40.0,0.2,10,20,169,10000,,yes,0.035,0.9111475905555232
9649,0.5205119251748305,1.1657305254551091,0.6452186002802787,"Hajek(recency=40.0,delta=0.20)",Hajek,40.0,0.2,10,20,169,10000,,yes,0.035,0.9111475905555232
9650,0.5192552503216514,1.1516942699367771,0.6324390196151257,"Hajek(recency=40.0,delta=0.20)",Hajek,40.0,0.2,10,20,169,10000,,yes,0.035,0.9111475905555232
9651,0.528486650771551,1.1322867012672062,0.6038000504956552,"Hajek(recency=40.0,delta=0.20)",Hajek,40.0,0.2,10,20,169,10000,,yes,0.035,0.9111475905555232
9652,0.5026239872432244,1.1472687438053486,0.6446447565621242,"Hajek(recency=40.0,delta=0.20)",Hajek,40.0,0.2,10,20,169,10000,,yes,0.035,0.9111475905555232
9653,0.5174731011424433,1.126227117801413,0.6087540166589697,"Hajek(recency=40.0,delta=0.20)",Hajek,40.0,0.2,10,20,169,10000,,yes,0.035,0.9111475905555232
9654,0.517156584880525,1.1462005541937867,0.6290439693132618,"Hajek(recency=40.0,delta=0.20)",Hajek,40.0,0.2,10,20,169,10000,,yes,0.035,0.9111475905555232
9655,0.4988770426058875,1.1178076968316353,0.6189306542257478,"Hajek(recency=40.0,delta=0.20)",Hajek,40.0,0.2,10,20,169,10000,,yes,0.035,0.9111475905555232
9656,0.516020411809842,1.1332393630874165,0.6172189512775744,"Hajek(recency=40.0,delta=0.20)",Hajek,40.0,0.2,10,20,169,10000,,yes,0.035,0.9111475905555232
9657,0.5324614460435864,1.128937379009103,0.5964759329655167,"Hajek(recency=40.0,delta=0.20)",Hajek,40.0,0.2,10,20,169,10000,,yes,0.035,0.9111475905555232
9658,0.520872290702809,1.1723750249866525,0.6515027342838434,"Hajek(recency=40.0,delta=0.20)",Hajek,40.0,0.2,10,20,169,10000,,yes,0.035,0.9111475905555232
9659,0.5044873092866118,1.1597136333480418,0.65522632406143,"Hajek(recency=40.0,delta=0.20)",Hajek,40.0,0.2,10,20,169,10000,,yes,0.035,0.9111475905555232
9660,0.5287388501612346,1.1548611529644923,0.6261223028032578,"Hajek(recency=40.0,delta=0.20)",Hajek,40.0,0.2,10,20,169,10000,,yes,0.035,0.9111475905555232
9661,0.5117436932803445,1.1559826924940775,0.644238999213733,"Hajek(recency=40.0,delta=0.20)",Hajek,40.0,0.2,10,20,169,10000,,yes,0.035,0.9111475905555232
9662,0.5074690802939459,1.1233924789740866,0.6159233986801407,"Hajek(recency=40.0,delta=0.20)",Hajek,40.0,0.2,10,20,169,10000,,yes,0.035,0.9111475905555232
9663,0.5019089728685119,1.1403585809176082,0.6384496080490963,"Hajek(recency=40.0,delta=0.20)",Hajek,40.0,0.2,10,20,169,10000,,yes,0.035,0.9111475905555232
9664,0.5190167350648816,1.1372103325471266,0.618193597482245,"Hajek(recency=40.0,delta=0.20)",Hajek,40.0,0.2,10,20,169,10000,,yes,0.035,0.9111475905555232
9665,0.5100358917886227,1.1463663028572268,0.6363304110686041,"Hajek(recency=40.0,delta=0.20)",Hajek,40.0,0.2,10,20,169,10000,,yes,0.035,0.9111475905555232
9666,0.5012818240167545,1.1460992406783914,0.6448174166616369,"Hajek(recency=40.0,delta=0.20)",Hajek,40.0,0.2,10,20,169,10000,,yes,0.035,0.9111475905555232
9667,0.514483747760504,1.1596013909159997,0.6451176431554957,"Hajek(recency=40.0,delta=0.20)",Hajek,40.0,0.2,10,20,169,10000,,yes,0.035,0.9111475905555232
9668,0.49751711686976374,1.129089711854334,0.6315725949845702,"Hajek(recency=40.0,delta=0.20)",Hajek,40.0,0.2,10,20,169,10000,,yes,0.035,0.9111475905555232
9669,0.5035983872812113,1.138399906397741,0.6348015191165297,"Hajek(recency=40.0,delta=0.20)",Hajek,40.0,0.2,10,20,169,10000,,yes,0.035,0.9111475905555232
9670,0.4831062398744778,1.1417095961614205,0.6586033562869427,"Hajek(recency=40.0,delta=0.20)",Hajek,40.0,0.2,10,20,169,10000,,yes,0.035,0.9111475905555232
9671,0.5334803329351525,1.166090912500612,0.6326105795654595,"Hajek(recency=40.0,delta=0.20)",Hajek,40.0,0.2,10,20,169,10000,,yes,0.035,0.9111475905555232
9672,0.5241456362248348,1.1581383331316022,0.6339926969067674,"Hajek(recency=40.0,delta=0.20)",Hajek,40.0,0.2,10,20,169,10000,,yes,0.035,0.9111475905555232
9673,0.5133628374304663,1.1455160960523014,0.6321532586218351,"Hajek(recency=40.0,delta=0.20)",Hajek,40.0,0.2,10,20,169,10000,,yes,0.035,0.9111475905555232
9674,0.5277407993990092,1.1650621776152348,0.6373213782162256,"Hajek(recency=40.0,delta=0.20)",Hajek,40.0,0.2,10,20,169,10000,,yes,0.035,0.9111475905555232
9675,0.527793657665552,1.1759348777557095,0.6481412200901575,"Hajek(recency=40.0,delta=0.20)",Hajek,40.0,0.2,10,20,169,10000,,yes,0.035,0.9111475905555232
9676,0.48139838713277794,1.1329269175894852,0.6515285304567072,"Hajek(recency=40.0,delta=0.20)",Hajek,40.0,0.2,10,20,169,10000,,yes,0.035,0.9111475905555232
9677,0.5103641386702188,1.1358170159510723,0.6254528772808535,"Hajek(recency=40.0,delta=0.20)",Hajek,40.0,0.2,10,20,169,10000,,yes,0.035,0.9111475905555232
9678,0.5268194959930474,1.1359117141253754,0.609092218132328,"Hajek(recency=40.0,delta=0.20)",Hajek,40.0,0.2,10,20,169,10000,,yes,0.035,0.9111475905555232
9679,0.5186459060061134,1.1525648404945938,0.6339189344884805,"Hajek(recency=40.0,delta=0.20)",Hajek,40.0,0.2,10,20,169,10000,,yes,0.035,0.9111475905555232
9680,0.5385554201498632,1.130605597161848,0.5920501770119848,"Hajek(recency=40.0,delta=0.20)",Hajek,40.0,0.2,10,20,169,10000,,yes,0.035,0.9111475905555232
9681,0.5273201260025987,1.160843344654694,0.6335232186520953,"Hajek(recency=40.0,delta=0.20)",Hajek,40.0,0.2,10,20,169,10000,,yes,0.035,0.9111475905555232
9682,0.5029663231714434,1.1652412362789326,0.6622749131074892,"Hajek(recency=40.0,delta=0.20)",Hajek,40.0,0.2,10,20,169,10000,,yes,0.035,0.9111475905555232
9683,0.5374692452831816,1.1573605860192546,0.619891340736073,"Hajek(recency=40.0,delta=0.20)",Hajek,40.0,0.2,10,20,169,10000,,yes,0.035,0.9111475905555232
9684,0.5074471108783931,1.173357010030716,0.6659098991523229,"Hajek(recency=40.0,delta=0.20)",Hajek,40.0,0.2,10,20,169,10000,,yes,0.035,0.9111475905555232
9685,0.5294481172807678,1.1416826340157704,0.6122345167350026,"Hajek(recency=40.0,delta=0.20)",Hajek,40.0,0.2,10,20,169,10000,,yes,0.035,0.9111475905555232
9686,0.5191342590263346,1.135480551773918,0.6163462927475833,"Hajek(recency=40.0,delta=0.20)",Hajek,40.0,0.2,10,20,169,10000,,yes,0.035,0.9111475905555232
9687,0.5186534957220489,1.1527437132523282,0.6340902175302793,"Hajek(recency=40.0,delta=0.20)",Hajek,40.0,0.2,10,20,169,10000,,yes,0.035,0.9111475905555232
9688,0.531301869247717,1.1618130405876317,0.6305111713399146,"Hajek(recency=40.0,delta=0.20)",Hajek,40.0,0.2,10,20,169,10000,,yes,0.035,0.9111475905555232
9689,0.5053160599125464,1.1494959587814595,0.6441798988689131,"Hajek(recency=40.0,delta=0.20)",Hajek,40.0,0.2,10,20,169,10000,,yes,0.035,0.9111475905555232
9690,0.4910443944753798,1.185772029936837,0.6947276354614573,"Hajek(recency=40.0,delta=0.20)",Hajek,40.0,0.2,10,20,169,10000,,yes,0.035,0.9111475905555232
9691,0.524373239999757,1.1359261038508217,0.6115528638510647,"Hajek(recency=40.0,delta=0.20)",Hajek,40.0,0.2,10,20,169,10000,,yes,0.035,0.9111475905555232
9692,0.5376915134726211,1.1550686413242295,0.6173771278516084,"Hajek(recency=40.0,delta=0.20)",Hajek,40.0,0.2,10,20,169,10000,,yes,0.035,0.9111475905555232
9693,0.5172598744244952,1.1434547467973575,0.6261948723728623,"Hajek(recency=40.0,delta=0.20)",Hajek,40.0,0.2,10,20,169,10000,,yes,0.035,0.9111475905555232
9694,0.4928109339950324,1.149488992134469,0.6566780581394367,"Hajek(recency=40.0,delta=0.20)",Hajek,40.0,0.2,10,20,169,10000,,yes,0.035,0.9111475905555232
9695,0.5305608311985849,1.1459964705543124,0.6154356393557275,"Hajek(recency=40.0,delta=0.20)",Hajek,40.0,0.2,10,20,169,10000,,yes,0.035,0.9111475905555232
9696,0.51068966120049,1.1270600798705686,0.6163704186700786,"Hajek(recency=40.0,delta=0.20)",Hajek,40.0,0.2,10,20,169,10000,,yes,0.035,0.9111475905555232
9697,0.49415171307355776,1.1358806613935952,0.6417289483200375,"Hajek(recency=40.0,delta=0.20)",Hajek,40.0,0.2,10,20,169,10000,,yes,0.035,0.9111475905555232
9698,0.5170213350940046,1.131295939846807,0.6142746047528024,"Hajek(recency=40.0,delta=0.20)",Hajek,40.0,0.2,10,20,169,10000,,yes,0.035,0.9111475905555232
9699,0.5105492982123228,1.1492853642868879,0.6387360660745651,"Hajek(recency=40.0,delta=0.20)",Hajek,40.0,0.2,10,20,169,10000,,yes,0.035,0.9111475905555232
9700,0.5008702319405418,1.1398111159245092,0.6389408839839674,"Hajek(recency=40.0,delta=0.20)",Hajek,40.0,0.2,10,20,169,10000,,yes,0.035,0.9111475905555232
9701,0.5110732485597167,1.1233335971096077,0.612260348549891,"Hajek(recency=40.0,delta=0.20)",Hajek,40.0,0.2,10,20,169,10000,,yes,0.035,0.9111475905555232
9702,0.5150702375298781,1.1397309657984034,0.6246607282685253,"Hajek(recency=40.0,delta=0.20)",Hajek,40.0,0.2,10,20,169,10000,,yes,0.035,0.9111475905555232
9703,0.5285600763967416,1.1610312474156246,0.632471171018883,"Hajek(recency=40.0,delta=0.20)",Hajek,40.0,0.2,10,20,169,10000,,yes,0.035,0.9111475905555232
9704,0.5188581854789421,1.1437429142834192,0.6248847288044771,"Hajek(recency=40.0,delta=0.20)",Hajek,40.0,0.2,10,20,169,10000,,yes,0.035,0.9111475905555232
9705,0.5184308819946076,1.1489395675626493,0.6305086855680416,"Hajek(recency=40.0,delta=0.20)",Hajek,40.0,0.2,10,20,169,10000,,yes,0.035,0.9111475905555232
9706,0.5039165182117264,1.1454940477469968,0.6415775295352704,"Hajek(recency=40.0,delta=0.20)",Hajek,40.0,0.2,10,20,169,10000,,yes,0.035,0.9111475905555232
9707,0.5197341753136715,1.133034263848456,0.6133000885347846,"Hajek(recency=40.0,delta=0.20)",Hajek,40.0,0.2,10,20,169,10000,,yes,0.035,0.9111475905555232
9708,0.5208936439116217,1.1282521493933628,0.6073585054817411,"Hajek(recency=40.0,delta=0.20)",Hajek,40.0,0.2,10,20,169,10000,,yes,0.035,0.9111475905555232
9709,0.5319745785313287,1.1446795068773314,0.6127049283460028,"Hajek(recency=40.0,delta=0.20)",Hajek,40.0,0.2,10,20,169,10000,,yes,0.035,0.9111475905555232
9710,0.504689119233638,1.1417018820012996,0.6370127627676616,"Hajek(recency=40.0,delta=0.20)",Hajek,40.0,0.2,10,20,169,10000,,yes,0.035,0.9111475905555232
9711,0.522147275901533,1.1604600274001338,0.6383127514986008,"Hajek(recency=40.0,delta=0.20)",Hajek,40.0,0.2,10,20,169,10000,,yes,0.035,0.9111475905555232
9712,0.5198594135719685,1.1639934646143302,0.6441340510423617,"Hajek(recency=40.0,delta=0.20)",Hajek,40.0,0.2,10,20,169,10000,,yes,0.035,0.9111475905555232
9713,0.5165269493838485,1.1282857061867693,0.6117587568029208,"Hajek(recency=40.0,delta=0.20)",Hajek,40.0,0.2,10,20,169,10000,,yes,0.035,0.9111475905555232
9714,0.5213955629065605,1.1467936152006144,0.6253980522940539,"Hajek(recency=40.0,delta=0.20)",Hajek,40.0,0.2,10,20,169,10000,,yes,0.035,0.9111475905555232
9715,0.5108870421297353,1.1509242382234919,0.6400371960937565,"Hajek(recency=40.0,delta=0.20)",Hajek,40.0,0.2,10,20,169,10000,,yes,0.035,0.9111475905555232
9716,0.5001792892410126,1.1500192038699248,0.6498399146289122,"Hajek(recency=40.0,delta=0.20)",Hajek,40.0,0.2,10,20,169,10000,,yes,0.035,0.9111475905555232
9717,0.5091689496467606,1.1084506075789544,0.5992816579321938,"Hajek(recency=40.0,delta=0.20)",Hajek,40.0,0.2,10,20,169,10000,,yes,0.035,0.9111475905555232
9718,0.5098296400920058,1.1306394524330299,0.6208098123410241,"Hajek(recency=40.0,delta=0.20)",Hajek,40.0,0.2,10,20,169,10000,,yes,0.035,0.9111475905555232
9719,0.5299833581211015,1.1244734389660205,0.5944900808449189,"Hajek(recency=40.0,delta=0.20)",Hajek,40.0,0.2,10,20,169,10000,,yes,0.035,0.9111475905555232
9720,0.4980355189324536,1.1686844277184503,0.6706489087859966,"Hajek(recency=40.0,delta=0.20)",Hajek,40.0,0.2,10,20,169,10000,,yes,0.035,0.9111475905555232
9721,0.5121041243092079,1.1375970522653251,0.6254929279561172,"Hajek(recency=40.0,delta=0.20)",Hajek,40.0,0.2,10,20,169,10000,,yes,0.035,0.9111475905555232
9722,0.523418844597981,1.1431021541827229,0.6196833095847418,"Hajek(recency=40.0,delta=0.20)",Hajek,40.0,0.2,10,20,169,10000,,yes,0.035,0.9111475905555232
9723,0.5293380562997791,1.1500345929177884,0.6206965366180093,"Hajek(recency=40.0,delta=0.20)",Hajek,40.0,0.2,10,20,169,10000,,yes,0.035,0.9111475905555232
9724,0.5174565055901388,1.144089742591039,0.6266332370009002,"Hajek(recency=40.0,delta=0.20)",Hajek,40.0,0.2,10,20,169,10000,,yes,0.035,0.9111475905555232
9725,0.5191045186077655,1.1544682689019585,0.635363750294193,"Hajek(recency=40.0,delta=0.20)",Hajek,40.0,0.2,10,20,169,10000,,yes,0.035,0.9111475905555232
9726,0.505178803670643,1.1583480880304726,0.6531692843598296,"Hajek(recency=40.0,delta=0.20)",Hajek,40.0,0.2,10,20,169,10000,,yes,0.035,0.9111475905555232
9727,0.5194683890033707,1.1623814026325014,0.6429130136291308,"Hajek(recency=40.0,delta=0.20)",Hajek,40.0,0.2,10,20,169,10000,,yes,0.035,0.9111475905555232
9728,0.5242971073109766,1.1646141254945708,0.6403170181835942,"Hajek(recency=40.0,delta=0.20)",Hajek,40.0,0.2,10,20,169,10000,,yes,0.035,0.9111475905555232
9729,0.5101071131819646,1.1632617175628939,0.6531546043809293,"Hajek(recency=40.0,delta=0.20)",Hajek,40.0,0.2,10,20,169,10000,,yes,0.035,0.9111475905555232
9730,0.5088424127427372,1.1499713294188414,0.6411289166761042,"Hajek(recency=40.0,delta=0.20)",Hajek,40.0,0.2,10,20,169,10000,,yes,0.035,0.9111475905555232
9731,0.5111941396328218,1.1543839598836025,0.6431898202507808,"Hajek(recency=40.0,delta=0.20)",Hajek,40.0,0.2,10,20,169,10000,,yes,0.035,0.9111475905555232
9732,0.5206886009875038,1.1254263387493868,0.604737737761883,"Hajek(recency=40.0,delta=0.20)",Hajek,40.0,0.2,10,20,169,10000,,yes,0.035,0.9111475905555232
9733,0.5086692511422426,1.1491441633586847,0.6404749122164421,"Hajek(recency=40.0,delta=0.20)",Hajek,40.0,0.2,10,20,169,10000,,yes,0.035,0.9111475905555232
9734,0.5099375763411558,1.1671236698985754,0.6571860935574196,"Hajek(recency=40.0,delta=0.20)",Hajek,40.0,0.2,10,20,169,10000,,yes,0.035,0.9111475905555232
9735,0.5387935873645328,1.141904904389004,0.6031113170244712,"Hajek(recency=40.0,delta=0.20)",Hajek,40.0,0.2,10,20,169,10000,,yes,0.035,0.9111475905555232
9736,0.5394653714186589,1.132855323561475,0.593389952142816,"Hajek(recency=40.0,delta=0.20)",Hajek,40.0,0.2,10,20,169,10000,,yes,0.035,0.9111475905555232
9737,0.5099627616098703,1.1476521980338685,0.6376894364239982,"Hajek(recency=40.0,delta=0.20)",Hajek,40.0,0.2,10,20,169,10000,,yes,0.035,0.9111475905555232
9738,0.49784081372213257,1.1556373402524363,0.6577965265303036,"Hajek(recency=40.0,delta=0.20)",Hajek,40.0,0.2,10,20,169,10000,,yes,0.035,0.9111475905555232
9739,0.47720704965797206,1.1215089713666704,0.6443019217086983,"Hajek(recency=40.0,delta=0.20)",Hajek,40.0,0.2,10,20,169,10000,,yes,0.035,0.9111475905555232
9740,0.5300093050562765,1.160951394060844,0.6309420890045675,"Hajek(recency=40.0,delta=0.20)",Hajek,40.0,0.2,10,20,169,10000,,yes,0.035,0.9111475905555232
9741,0.503367669272753,1.1335572842155004,0.6301896149427474,"Hajek(recency=40.0,delta=0.20)",Hajek,40.0,0.2,10,20,169,10000,,yes,0.035,0.9111475905555232
9742,0.5006126418023531,1.1255419360668657,0.6249292942645126,"Hajek(recency=40.0,delta=0.20)",Hajek,40.0,0.2,10,20,169,10000,,yes,0.035,0.9111475905555232
9743,0.5029197999871681,1.1658925054256173,0.6629727054384492,"Hajek(recency=40.0,delta=0.20)",Hajek,40.0,0.2,10,20,169,10000,,yes,0.035,0.9111475905555232
9744,0.5041850865799348,1.1426954931582813,0.6385104065783466,"Hajek(recency=40.0,delta=0.20)",Hajek,40.0,0.2,10,20,169,10000,,yes,0.035,0.9111475905555232
9745,0.5115214444229201,1.1279538084649368,0.6164323640420166,"Hajek(recency=40.0,delta=0.20)",Hajek,40.0,0.2,10,20,169,10000,,yes,0.035,0.9111475905555232
9746,0.49586767797448417,1.119399934133542,0.6235322561590579,"Hajek(recency=40.0,delta=0.20)",Hajek,40.0,0.2,10,20,169,10000,,yes,0.035,0.9111475905555232
9747,0.5191350856657777,1.1760371232427764,0.6569020375769987,"Hajek(recency=40.0,delta=0.20)",Hajek,40.0,0.2,10,20,169,10000,,yes,0.035,0.9111475905555232
9748,0.5212062394716324,1.1423878553810498,0.6211816159094175,"Hajek(recency=40.0,delta=0.20)",Hajek,40.0,0.2,10,20,169,10000,,yes,0.035,0.9111475905555232
9749,0.5058390187806785,1.152033781888409,0.6461947631077305,"Hajek(recency=40.0,delta=0.20)",Hajek,40.0,0.2,10,20,169,10000,,yes,0.035,0.9111475905555232
9750,0.5067922328025734,1.1321265071823388,0.6253342743797654,"Hajek(recency=40.0,delta=0.20)",Hajek,40.0,0.2,10,20,169,10000,,yes,0.035,0.9111475905555232
9751,0.5067922699178463,1.1269551277444507,0.6201628578266044,"Hajek(recency=40.0,delta=0.20)",Hajek,40.0,0.2,10,20,169,10000,,yes,0.035,0.9111475905555232
9752,0.5080499841582766,1.1742718839771724,0.6662218998188958,"Hajek(recency=40.0,delta=0.20)",Hajek,40.0,0.2,10,20,169,10000,,yes,0.035,0.9111475905555232
9753,0.5069431354632902,1.1499025419494528,0.6429594064861627,"Hajek(recency=40.0,delta=0.20)",Hajek,40.0,0.2,10,20,169,10000,,yes,0.035,0.9111475905555232
9754,0.5124513631390974,1.175957186019469,0.6635058228803716,"Hajek(recency=40.0,delta=0.20)",Hajek,40.0,0.2,10,20,169,10000,,yes,0.035,0.9111475905555232
9755,0.5383222949852059,1.1282827483222242,0.5899604533370183,"Hajek(recency=40.0,delta=0.20)",Hajek,40.0,0.2,10,20,169,10000,,yes,0.035,0.9111475905555232
9756,0.5235936055640446,1.1435543966546122,0.6199607910905677,"Hajek(recency=40.0,delta=0.20)",Hajek,40.0,0.2,10,20,169,10000,,yes,0.035,0.9111475905555232
9757,0.5149265688963827,1.1212187961306967,0.6062922272343141,"Hajek(recency=40.0,delta=0.20)",Hajek,40.0,0.2,10,20,169,10000,,yes,0.035,0.9111475905555232
9758,0.49296197729474917,1.1532070332310496,0.6602450559363005,"Hajek(recency=40.0,delta=0.20)",Hajek,40.0,0.2,10,20,169,10000,,yes,0.035,0.9111475905555232
9759,0.5102136596542863,1.1174923936672803,0.6072787340129939,"Hajek(recency=40.0,delta=0.20)",Hajek,40.0,0.2,10,20,169,10000,,yes,0.035,0.9111475905555232
9760,0.5203562401334466,1.1691510625247383,0.6487948223912917,"Hajek(recency=40.0,delta=0.20)",Hajek,40.0,0.2,10,20,169,10000,,yes,0.035,0.9111475905555232
9761,0.5185290915886722,1.1399034878637577,0.6213743962750855,"Hajek(recency=40.0,delta=0.20)",Hajek,40.0,0.2,10,20,169,10000,,yes,0.035,0.9111475905555232
9762,0.5231363861909692,1.1583516217659708,0.6352152355750016,"Hajek(recency=40.0,delta=0.20)",Hajek,40.0,0.2,10,20,169,10000,,yes,0.035,0.9111475905555232
9763,0.5020565215072371,1.1158815020354562,0.6138249805282191,"Hajek(recency=40.0,delta=0.20)",Hajek,40.0,0.2,10,20,169,10000,,yes,0.035,0.9111475905555232
9764,0.5208897235268831,1.1417928049030872,0.6209030813762041,"Hajek(recency=40.0,delta=0.20)",Hajek,40.0,0.2,10,20,169,10000,,yes,0.035,0.9111475905555232
9765,0.5244634361648884,1.1276664803603458,0.6032030441954573,"Hajek(recency=40.0,delta=0.20)",Hajek,40.0,0.2,10,20,169,10000,,yes,0.035,0.9111475905555232
9766,0.4812340080422095,1.125264969123858,0.6440309610816486,"Hajek(recency=40.0,delta=0.20)",Hajek,40.0,0.2,10,20,169,10000,,yes,0.035,0.9111475905555232
9767,0.5078927113760411,1.1550624937384755,0.6471697823624344,"Hajek(recency=40.0,delta=0.20)",Hajek,40.0,0.2,10,20,169,10000,,yes,0.035,0.9111475905555232
9768,0.5029871508249104,1.1129048309377034,0.609917680112793,"Hajek(recency=40.0,delta=0.20)",Hajek,40.0,0.2,10,20,169,10000,,yes,0.035,0.9111475905555232
9769,0.5274296958656232,1.131888445066977,0.6044587492013539,"Hajek(recency=40.0,delta=0.20)",Hajek,40.0,0.2,10,20,169,10000,,yes,0.035,0.9111475905555232
9770,0.5305321888327169,1.1500514260783847,0.6195192372456678,"Hajek(recency=40.0,delta=0.20)",Hajek,40.0,0.2,10,20,169,10000,,yes,0.035,0.9111475905555232
9771,0.5114085816678712,1.1407009324277166,0.6292923507598455,"Hajek(recency=40.0,delta=0.20)",Hajek,40.0,0.2,10,20,169,10000,,yes,0.035,0.9111475905555232
9772,0.4957108655724128,1.1335554159257346,0.6378445503533219,"Hajek(recency=40.0,delta=0.20)",Hajek,40.0,0.2,10,20,169,10000,,yes,0.035,0.9111475905555232
9773,0.530113503339706,1.1529611104239148,0.6228476070842088,"Hajek(recency=40.0,delta=0.20)",Hajek,40.0,0.2,10,20,169,10000,,yes,0.035,0.9111475905555232
9774,0.510586052250429,1.1224754005856308,0.6118893483352018,"Hajek(recency=40.0,delta=0.20)",Hajek,40.0,0.2,10,20,169,10000,,yes,0.035,0.9111475905555232
9775,0.5029668706915646,1.117310305740074,0.6143434350485093,"Hajek(recency=40.0,delta=0.20)",Hajek,40.0,0.2,10,20,169,10000,,yes,0.035,0.9111475905555232
9776,0.5183680031710527,1.170552628621984,0.6521846254509314,"Hajek(recency=40.0,delta=0.20)",Hajek,40.0,0.2,10,20,169,10000,,yes,0.035,0.9111475905555232
9777,0.507144600613456,1.198161672109366,0.69101707149591,"Hajek(recency=40.0,delta=0.20)",Hajek,40.0,0.2,10,20,169,10000,,yes,0.035,0.9111475905555232
9778,0.5153653527663348,1.1383586486162849,0.6229932958499501,"Hajek(recency=40.0,delta=0.20)",Hajek,40.0,0.2,10,20,169,10000,,yes,0.035,0.9111475905555232
9779,0.5255436073810376,1.1514325893938293,0.6258889820127918,"Hajek(recency=40.0,delta=0.20)",Hajek,40.0,0.2,10,20,169,10000,,yes,0.035,0.9111475905555232
9780,0.5244914034269588,1.1492553927036895,0.6247639892767307,"Hajek(recency=40.0,delta=0.20)",Hajek,40.0,0.2,10,20,169,10000,,yes,0.035,0.9111475905555232
9781,0.5051264514445828,1.1338758082659894,0.6287493568214066,"Hajek(recency=40.0,delta=0.20)",Hajek,40.0,0.2,10,20,169,10000,,yes,0.035,0.9111475905555232
9782,0.533410660488707,1.1129807005096004,0.5795700400208934,"Hajek(recency=40.0,delta=0.20)",Hajek,40.0,0.2,10,20,169,10000,,yes,0.035,0.9111475905555232
9783,0.5233628452447181,1.1565425153732525,0.6331796701285344,"Hajek(recency=40.0,delta=0.20)",Hajek,40.0,0.2,10,20,169,10000,,yes,0.035,0.9111475905555232
9784,0.5064034917365273,1.1524999373841804,0.6460964456476531,"Hajek(recency=40.0,delta=0.20)",Hajek,40.0,0.2,10,20,169,10000,,yes,0.035,0.9111475905555232
9785,0.5236794628279686,1.169743133366271,0.6460636705383023,"Hajek(recency=40.0,delta=0.20)",Hajek,40.0,0.2,10,20,169,10000,,yes,0.035,0.9111475905555232
9786,0.527150753395119,1.1814959641203737,0.6543452107252548,"Hajek(recency=40.0,delta=0.20)",Hajek,40.0,0.2,10,20,169,10000,,yes,0.035,0.9111475905555232
9787,0.5044093786369981,1.1577407813742533,0.6533314027372552,"Hajek(recency=40.0,delta=0.20)",Hajek,40.0,0.2,10,20,169,10000,,yes,0.035,0.9111475905555232
9788,0.5196079805870418,1.174861064592897,0.6552530840058551,"Hajek(recency=40.0,delta=0.20)",Hajek,40.0,0.2,10,20,169,10000,,yes,0.035,0.9111475905555232
9789,0.5126778513547895,1.1522289830337908,0.6395511316790014,"Hajek(recency=40.0,delta=0.20)",Hajek,40.0,0.2,10,20,169,10000,,yes,0.035,0.9111475905555232
9790,0.49659963933943013,1.146018395388753,0.649418756049323,"Hajek(recency=40.0,delta=0.20)",Hajek,40.0,0.2,10,20,169,10000,,yes,0.035,0.9111475905555232
9791,0.5035515979811086,1.1257111772751198,0.6221595792940112,"Hajek(recency=40.0,delta=0.20)",Hajek,40.0,0.2,10,20,169,10000,,yes,0.035,0.9111475905555232
9792,0.5026231839438181,1.1808454622079863,0.6782222782641681,"Hajek(recency=40.0,delta=0.20)",Hajek,40.0,0.2,10,20,169,10000,,yes,0.035,0.9111475905555232
9793,0.5245406725281268,1.181635984832843,0.6570953123047163,"Hajek(recency=40.0,delta=0.20)",Hajek,40.0,0.2,10,20,169,10000,,yes,0.035,0.9111475905555232
9794,0.5288936184364935,1.1399693405715732,0.6110757221350797,"Hajek(recency=40.0,delta=0.20)",Hajek,40.0,0.2,10,20,169,10000,,yes,0.035,0.9111475905555232
9795,0.5040701109538916,1.1336903950577097,0.6296202841038181,"Hajek(recency=40.0,delta=0.20)",Hajek,40.0,0.2,10,20,169,10000,,yes,0.035,0.9111475905555232
9796,0.5121858971834239,1.1452772692859639,0.63309137210254,"Hajek(recency=40.0,delta=0.20)",Hajek,40.0,0.2,10,20,169,10000,,yes,0.035,0.9111475905555232
9797,0.5208204303513552,1.1396875374588442,0.618867107107489,"Hajek(recency=40.0,delta=0.20)",Hajek,40.0,0.2,10,20,169,10000,,yes,0.035,0.9111475905555232
9798,0.5196862228899731,1.1420015679743494,0.6223153450843762,"Hajek(recency=40.0,delta=0.20)",Hajek,40.0,0.2,10,20,169,10000,,yes,0.035,0.9111475905555232
9799,0.520684617234109,1.17018350653426,0.6494988893001511,"Hajek(recency=40.0,delta=0.20)",Hajek,40.0,0.2,10,20,169,10000,,yes,0.035,0.9111475905555232
9800,0.5104608052435098,1.1536618454535992,0.6432010402100894,"Hajek(recency=40.0,delta=0.20)",Hajek,40.0,0.2,10,20,169,10000,,yes,0.035,0.9111475905555232
9801,0.5043253783982833,1.1383073005740327,0.6339819221757494,"Hajek(recency=40.0,delta=0.20)",Hajek,40.0,0.2,10,20,169,10000,,yes,0.035,0.9111475905555232
9802,0.4940294319451026,1.158716717797316,0.6646872858522135,"Hajek(recency=40.0,delta=0.20)",Hajek,40.0,0.2,10,20,169,10000,,yes,0.035,0.9111475905555232
9803,0.5221847018505824,1.1460629250550818,0.6238782232044994,"Hajek(recency=40.0,delta=0.20)",Hajek,40.0,0.2,10,20,169,10000,,yes,0.035,0.9111475905555232
9804,0.5103107227854575,1.1337198456940074,0.6234091229085499,"Hajek(recency=40.0,delta=0.20)",Hajek,40.0,0.2,10,20,169,10000,,yes,0.035,0.9111475905555232
9805,0.503636435318976,1.159913113954658,0.656276678635682,"Hajek(recency=40.0,delta=0.20)",Hajek,40.0,0.2,10,20,169,10000,,yes,0.035,0.9111475905555232
9806,0.5335891977547438,1.1453674567709333,0.6117782590161895,"Hajek(recency=40.0,delta=0.20)",Hajek,40.0,0.2,10,20,169,10000,,yes,0.035,0.9111475905555232
9807,0.5369876970112748,1.1425572093281635,0.6055695123168887,"Hajek(recency=40.0,delta=0.20)",Hajek,40.0,0.2,10,20,169,10000,,yes,0.035,0.9111475905555232
9808,0.5092165957966944,1.1665846024378308,0.6573680066411364,"Hajek(recency=40.0,delta=0.20)",Hajek,40.0,0.2,10,20,169,10000,,yes,0.035,0.9111475905555232
9809,0.5200015465749411,1.120211333920552,0.6002097873456108,"Hajek(recency=40.0,delta=0.20)",Hajek,40.0,0.2,10,20,169,10000,,yes,0.035,0.9111475905555232
9810,0.4886739178890667,1.1505348157753335,0.6618608978862668,"Hajek(recency=40.0,delta=0.20)",Hajek,40.0,0.2,10,20,169,10000,,yes,0.035,0.9111475905555232
9811,0.5181901292941893,1.158490604350544,0.6403004750563548,"Hajek(recency=40.0,delta=0.20)",Hajek,40.0,0.2,10,20,169,10000,,yes,0.035,0.9111475905555232
9812,0.49821664897953283,1.142481252269166,0.6442646032896333,"Hajek(recency=40.0,delta=0.20)",Hajek,40.0,0.2,10,20,169,10000,,yes,0.035,0.9111475905555232
9813,0.5343926554985023,1.153360093418106,0.6189674379196037,"Hajek(recency=40.0,delta=0.20)",Hajek,40.0,0.2,10,20,169,10000,,yes,0.035,0.9111475905555232
9814,0.49979601038764987,1.1656449999370686,0.6658489895494187,"Hajek(recency=40.0,delta=0.20)",Hajek,40.0,0.2,10,20,169,10000,,yes,0.035,0.9111475905555232
9815,0.5201191856541905,1.1567834962868029,0.6366643106326124,"Hajek(recency=40.0,delta=0.20)",Hajek,40.0,0.2,10,20,169,10000,,yes,0.035,0.9111475905555232
9816,0.49004543343562074,1.1223097512069637,0.632264317771343,"Hajek(recency=40.0,delta=0.20)",Hajek,40.0,0.2,10,20,169,10000,,yes,0.035,0.9111475905555232
9817,0.5102519767704035,1.1533033495013036,0.6430513727309002,"Hajek(recency=40.0,delta=0.20)",Hajek,40.0,0.2,10,20,169,10000,,yes,0.035,0.9111475905555232
9818,0.5077776709554226,1.1653520714428773,0.6575744004874547,"Hajek(recency=40.0,delta=0.20)",Hajek,40.0,0.2,10,20,169,10000,,yes,0.035,0.9111475905555232
9819,0.5202803991514668,1.1202548018317013,0.5999744026802345,"Hajek(recency=40.0,delta=0.20)",Hajek,40.0,0.2,10,20,169,10000,,yes,0.035,0.9111475905555232
9820,0.5321742889617742,1.1587177956966972,0.626543506734923,"Hajek(recency=40.0,delta=0.20)",Hajek,40.0,0.2,10,20,169,10000,,yes,0.035,0.9111475905555232
9821,0.5149383629059714,1.1450424750399848,0.6301041121340134,"Hajek(recency=40.0,delta=0.20)",Hajek,40.0,0.2,10,20,169,10000,,yes,0.035,0.9111475905555232
9822,0.5053530229131932,1.1249734394307065,0.6196204165175133,"Hajek(recency=40.0,delta=0.20)",Hajek,40.0,0.2,10,20,169,10000,,yes,0.035,0.9111475905555232
9823,0.5131467959816732,1.1773374037108335,0.6641906077291603,"Hajek(recency=40.0,delta=0.20)",Hajek,40.0,0.2,10,20,169,10000,,yes,0.035,0.9111475905555232
9824,0.5311568160590686,1.1576346897041963,0.6264778736451276,"Hajek(recency=40.0,delta=0.20)",Hajek,40.0,0.2,10,20,169,10000,,yes,0.035,0.9111475905555232
9825,0.5056996607927826,1.1365638839956445,0.6308642232028618,"Hajek(recency=40.0,delta=0.20)",Hajek,40.0,0.2,10,20,169,10000,,yes,0.035,0.9111475905555232
9826,0.5149905016679223,1.1400802887286219,0.6250897870606996,"Hajek(recency=40.0,delta=0.20)",Hajek,40.0,0.2,10,20,169,10000,,yes,0.035,0.9111475905555232
9827,0.5372087199932238,1.1251866774201842,0.5879779574269604,"Hajek(recency=40.0,delta=0.20)",Hajek,40.0,0.2,10,20,169,10000,,yes,0.035,0.9111475905555232
9828,0.5139288734788133,1.1632445571409107,0.6493156836620974,"Hajek(recency=40.0,delta=0.20)",Hajek,40.0,0.2,10,20,169,10000,,yes,0.035,0.9111475905555232
9829,0.5003678707427306,1.1376977787765261,0.6373299080337955,"Hajek(recency=40.0,delta=0.20)",Hajek,40.0,0.2,10,20,169,10000,,yes,0.035,0.9111475905555232
9830,0.5116099413990194,1.1313772565605669,0.6197673151615475,"Hajek(recency=40.0,delta=0.20)",Hajek,40.0,0.2,10,20,169,10000,,yes,0.035,0.9111475905555232
9831,0.5016327023998484,1.1485128142473597,0.6468801118475114,"Hajek(recency=40.0,delta=0.20)",Hajek,40.0,0.2,10,20,169,10000,,yes,0.035,0.9111475905555232
9832,0.5121102131200836,1.1390075241256445,0.6268973110055609,"Hajek(recency=40.0,delta=0.20)",Hajek,40.0,0.2,10,20,169,10000,,yes,0.035,0.9111475905555232
9833,0.49772129353254063,1.1364684376545802,0.6387471441220396,"Hajek(recency=40.0,delta=0.20)",Hajek,40.0,0.2,10,20,169,10000,,yes,0.035,0.9111475905555232
9834,0.5211231658048234,1.1488238847689778,0.6277007189641544,"Hajek(recency=40.0,delta=0.20)",Hajek,40.0,0.2,10,20,169,10000,,yes,0.035,0.9111475905555232
9835,0.5112966654318699,1.1909622123328405,0.6796655469009706,"Hajek(recency=40.0,delta=0.20)",Hajek,40.0,0.2,10,20,169,10000,,yes,0.035,0.9111475905555232
9836,0.5281152824781465,1.1278232378865458,0.5997079554083993,"Hajek(recency=40.0,delta=0.20)",Hajek,40.0,0.2,10,20,169,10000,,yes,0.035,0.9111475905555232
9837,0.520552539998173,1.1579080712406111,0.6373555312424382,"Hajek(recency=40.0,delta=0.20)",Hajek,40.0,0.2,10,20,169,10000,,yes,0.035,0.9111475905555232
9838,0.5117862745123688,1.157095097851162,0.6453088233387932,"Hajek(recency=40.0,delta=0.20)",Hajek,40.0,0.2,10,20,169,10000,,yes,0.035,0.9111475905555232
9839,0.5140601917915177,1.1414305671582814,0.6273703753667637,"Hajek(recency=40.0,delta=0.20)",Hajek,40.0,0.2,10,20,169,10000,,yes,0.035,0.9111475905555232
9840,0.519527269999189,1.1671481557623151,0.6476208857631262,"Hajek(recency=40.0,delta=0.20)",Hajek,40.0,0.2,10,20,169,10000,,yes,0.035,0.9111475905555232
9841,0.5210178112729953,1.1384671136895135,0.6174493024165182,"Hajek(recency=40.0,delta=0.20)",Hajek,40.0,0.2,10,20,169,10000,,yes,0.035,0.9111475905555232
9842,0.5234725904218589,1.1572570878637278,0.6337844974418689,"Hajek(recency=40.0,delta=0.20)",Hajek,40.0,0.2,10,20,169,10000,,yes,0.035,0.9111475905555232
9843,0.5265872775964754,1.1472569631320477,0.6206696855355723,"Hajek(recency=40.0,delta=0.20)",Hajek,40.0,0.2,10,20,169,10000,,yes,0.035,0.9111475905555232
9844,0.5276059100044859,1.1675982447315854,0.6399923347270995,"Hajek(recency=40.0,delta=0.20)",Hajek,40.0,0.2,10,20,169,10000,,yes,0.035,0.9111475905555232
9845,0.533557673261528,1.120169285054255,0.586611611792727,"Hajek(recency=40.0,delta=0.20)",Hajek,40.0,0.2,10,20,169,10000,,yes,0.035,0.9111475905555232
9846,0.49162448508221585,1.1122447020373696,0.6206202169551538,"Hajek(recency=40.0,delta=0.20)",Hajek,40.0,0.2,10,20,169,10000,,yes,0.035,0.9111475905555232
9847,0.5026404656691362,1.1490492198680824,0.6464087541989462,"Hajek(recency=40.0,delta=0.20)",Hajek,40.0,0.2,10,20,169,10000,,yes,0.035,0.9111475905555232
9848,0.5045982893646613,1.1479607681408694,0.6433624787762081,"Hajek(recency=40.0,delta=0.20)",Hajek,40.0,0.2,10,20,169,10000,,yes,0.035,0.9111475905555232
9849,0.5279685859879027,1.1469265467761651,0.6189579607882624,"Hajek(recency=40.0,delta=0.20)",Hajek,40.0,0.2,10,20,169,10000,,yes,0.035,0.9111475905555232
9850,0.5139227205570236,1.145211075264844,0.6312883547078203,"Hajek(recency=40.0,delta=0.20)",Hajek,40.0,0.2,10,20,169,10000,,yes,0.035,0.9111475905555232
9851,0.5181908238907688,1.1582436574522676,0.6400528335614989,"Hajek(recency=40.0,delta=0.20)",Hajek,40.0,0.2,10,20,169,10000,,yes,0.035,0.9111475905555232
9852,0.5030750482617337,1.1363778523654589,0.6333028041037252,"Hajek(recency=40.0,delta=0.20)",Hajek,40.0,0.2,10,20,169,10000,,yes,0.035,0.9111475905555232
9853,0.5168864750794951,1.1635634511831927,0.6466769761036976,"Hajek(recency=40.0,delta=0.20)",Hajek,40.0,0.2,10,20,169,10000,,yes,0.035,0.9111475905555232
9854,0.5236034494416135,1.1239027346049113,0.6002992851632978,"Hajek(recency=40.0,delta=0.20)",Hajek,40.0,0.2,10,20,169,10000,,yes,0.035,0.9111475905555232
9855,0.5181658262345471,1.1413138271593535,0.6231480009248064,"Hajek(recency=40.0,delta=0.20)",Hajek,40.0,0.2,10,20,169,10000,,yes,0.035,0.9111475905555232
9856,0.4967274933932955,1.1911363548961125,0.694408861502817,"Hajek(recency=40.0,delta=0.20)",Hajek,40.0,0.2,10,20,169,10000,,yes,0.035,0.9111475905555232
9857,0.5233785449695227,1.145001272817849,0.6216227278483262,"Hajek(recency=40.0,delta=0.20)",Hajek,40.0,0.2,10,20,169,10000,,yes,0.035,0.9111475905555232
9858,0.4989463573326299,1.132785602149108,0.6338392448164782,"Hajek(recency=40.0,delta=0.20)",Hajek,40.0,0.2,10,20,169,10000,,yes,0.035,0.9111475905555232
9859,0.5153170772782544,1.1230657343632675,0.6077486570850131,"Hajek(recency=40.0,delta=0.20)",Hajek,40.0,0.2,10,20,169,10000,,yes,0.035,0.9111475905555232
9860,0.5080894860640667,1.1258371619297476,0.6177476758656809,"Hajek(recency=40.0,delta=0.20)",Hajek,40.0,0.2,10,20,169,10000,,yes,0.035,0.9111475905555232
9861,0.5033371972928098,1.1647354973035862,0.6613983000107764,"Hajek(recency=40.0,delta=0.20)",Hajek,40.0,0.2,10,20,169,10000,,yes,0.035,0.9111475905555232
9862,0.48977299684812503,1.1756214556491538,0.6858484588010287,"Hajek(recency=40.0,delta=0.20)",Hajek,40.0,0.2,10,20,169,10000,,yes,0.035,0.9111475905555232
9863,0.5237314842210239,1.1463417171489452,0.6226102329279213,"Hajek(recency=40.0,delta=0.20)",Hajek,40.0,0.2,10,20,169,10000,,yes,0.035,0.9111475905555232
9864,0.5264883965422729,1.162610053307118,0.6361216567648451,"Hajek(recency=40.0,delta=0.20)",Hajek,40.0,0.2,10,20,169,10000,,yes,0.035,0.9111475905555232
9865,0.5131114791785237,1.14555802829397,0.6324465491154462,"Hajek(recency=40.0,delta=0.20)",Hajek,40.0,0.2,10,20,169,10000,,yes,0.035,0.9111475905555232
9866,0.5089610255158933,1.1543527819541461,0.6453917564382529,"Hajek(recency=40.0,delta=0.20)",Hajek,40.0,0.2,10,20,169,10000,,yes,0.035,0.9111475905555232
9867,0.5123220150566019,1.1062720800903234,0.5939500650337215,"Hajek(recency=40.0,delta=0.20)",Hajek,40.0,0.2,10,20,169,10000,,yes,0.035,0.9111475905555232
9868,0.5053836870813169,1.1359316720071027,0.6305479849257858,"Hajek(recency=40.0,delta=0.20)",Hajek,40.0,0.2,10,20,169,10000,,yes,0.035,0.9111475905555232
9869,0.5130403031245468,1.143051443479152,0.6300111403546053,"Hajek(recency=40.0,delta=0.20)",Hajek,40.0,0.2,10,20,169,10000,,yes,0.035,0.9111475905555232
9870,0.48984844239582553,1.1517836950316884,0.6619352526358628,"Hajek(recency=40.0,delta=0.20)",Hajek,40.0,0.2,10,20,169,10000,,yes,0.035,0.9111475905555232
9871,0.5162543660633251,1.1398338281111695,0.6235794620478444,"Hajek(recency=40.0,delta=0.20)",Hajek,40.0,0.2,10,20,169,10000,,yes,0.035,0.9111475905555232
9872,0.4980506367106123,1.168127441585794,0.6700768048751817,"Hajek(recency=40.0,delta=0.20)",Hajek,40.0,0.2,10,20,169,10000,,yes,0.035,0.9111475905555232
9873,0.5220577149180567,1.1410393876466405,0.6189816727285837,"Hajek(recency=40.0,delta=0.20)",Hajek,40.0,0.2,10,20,169,10000,,yes,0.035,0.9111475905555232
9874,0.5162838267585329,1.1611757677292573,0.6448919409707244,"Hajek(recency=40.0,delta=0.20)",Hajek,40.0,0.2,10,20,169,10000,,yes,0.035,0.9111475905555232
9875,0.507920433885978,1.1542717851154574,0.6463513512294794,"Hajek(recency=40.0,delta=0.20)",Hajek,40.0,0.2,10,20,169,10000,,yes,0.035,0.9111475905555232
9876,0.5181223421213536,1.1281607060514427,0.6100383639300891,"Hajek(recency=40.0,delta=0.20)",Hajek,40.0,0.2,10,20,169,10000,,yes,0.035,0.9111475905555232
9877,0.4823585998586821,1.1550385697204477,0.6726799698617656,"Hajek(recency=40.0,delta=0.20)",Hajek,40.0,0.2,10,20,169,10000,,yes,0.035,0.9111475905555232
9878,0.5047207846000739,1.1374177146726059,0.632696930072532,"Hajek(recency=40.0,delta=0.20)",Hajek,40.0,0.2,10,20,169,10000,,yes,0.035,0.9111475905555232
9879,0.5006650254876307,1.1107239058440028,0.6100588803563721,"Hajek(recency=40.0,delta=0.20)",Hajek,40.0,0.2,10,20,169,10000,,yes,0.035,0.9111475905555232
9880,0.5318867771444032,1.1460214660656536,0.6141346889212503,"Hajek(recency=40.0,delta=0.20)",Hajek,40.0,0.2,10,20,169,10000,,yes,0.035,0.9111475905555232
9881,0.5171820706274427,1.1511008798018945,0.6339188091744518,"Hajek(recency=40.0,delta=0.20)",Hajek,40.0,0.2,10,20,169,10000,,yes,0.035,0.9111475905555232
9882,0.49827038567818793,1.1445660589337325,0.6462956732555446,"Hajek(recency=40.0,delta=0.20)",Hajek,40.0,0.2,10,20,169,10000,,yes,0.035,0.9111475905555232
9883,0.5041078127097074,1.1700937591798826,0.6659859464701752,"Hajek(recency=40.0,delta=0.20)",Hajek,40.0,0.2,10,20,169,10000,,yes,0.035,0.9111475905555232
9884,0.5300998123410791,1.1961254772201102,0.6660256648790311,"Hajek(recency=40.0,delta=0.20)",Hajek,40.0,0.2,10,20,169,10000,,yes,0.035,0.9111475905555232
9885,0.5132785755922635,1.1333025374725822,0.6200239618803187,"Hajek(recency=40.0,delta=0.20)",Hajek,40.0,0.2,10,20,169,10000,,yes,0.035,0.9111475905555232
9886,0.5058604106351212,1.1517047630930417,0.6458443524579205,"Hajek(recency=40.0,delta=0.20)",Hajek,40.0,0.2,10,20,169,10000,,yes,0.035,0.9111475905555232
9887,0.4879182931284808,1.150355123084265,0.6624368299557842,"Hajek(recency=40.0,delta=0.20)",Hajek,40.0,0.2,10,20,169,10000,,yes,0.035,0.9111475905555232
9888,0.5251572195216448,1.151480979838837,0.6263237603171922,"Hajek(recency=40.0,delta=0.20)",Hajek,40.0,0.2,10,20,169,10000,,yes,0.035,0.9111475905555232
9889,0.5327363651112907,1.1504221841904079,0.6176858190791171,"Hajek(recency=40.0,delta=0.20)",Hajek,40.0,0.2,10,20,169,10000,,yes,0.035,0.9111475905555232
9890,0.4995773878639504,1.1506392777932077,0.6510618899292573,"Hajek(recency=40.0,delta=0.20)",Hajek,40.0,0.2,10,20,169,10000,,yes,0.035,0.9111475905555232
9891,0.5137792756598415,1.1380007963914143,0.6242215207315728,"Hajek(recency=40.0,delta=0.20)",Hajek,40.0,0.2,10,20,169,10000,,yes,0.035,0.9111475905555232
9892,0.48193285582970213,1.1749594829414982,0.6930266271117961,"Hajek(recency=40.0,delta=0.20)",Hajek,40.0,0.2,10,20,169,10000,,yes,0.035,0.9111475905555232
9893,0.5234116022630254,1.1604135271934817,0.6370019249304563,"Hajek(recency=40.0,delta=0.20)",Hajek,40.0,0.2,10,20,169,10000,,yes,0.035,0.9111475905555232
9894,0.5247173127839806,1.165013061237293,0.6402957484533125,"Hajek(recency=40.0,delta=0.20)",Hajek,40.0,0.2,10,20,169,10000,,yes,0.035,0.9111475905555232
9895,0.5145851967266276,1.1624104656372807,0.6478252689106531,"Hajek(recency=40.0,delta=0.20)",Hajek,40.0,0.2,10,20,169,10000,,yes,0.035,0.9111475905555232
9896,0.4870154034966271,1.1484501076019518,0.6614347041053247,"Hajek(recency=40.0,delta=0.20)",Hajek,40.0,0.2,10,20,169,10000,,yes,0.035,0.9111475905555232
9897,0.5067549148476378,1.1400079818318594,0.6332530669842216,"Hajek(recency=40.0,delta=0.20)",Hajek,40.0,0.2,10,20,169,10000,,yes,0.035,0.9111475905555232
9898,0.4823145092048952,1.1592226111474435,0.6769081019425482,"Hajek(recency=40.0,delta=0.20)",Hajek,40.0,0.2,10,20,169,10000,,yes,0.035,0.9111475905555232
9899,0.5029509829498343,1.1503771045128786,0.6474261215630442,"Hajek(recency=40.0,delta=0.20)",Hajek,40.0,0.2,10,20,169,10000,,yes,0.035,0.9111475905555232
9900,0.5103140661144332,1.1524614863726663,0.6421474202582331,"Hajek(recency=40.0,delta=0.20)",Hajek,40.0,0.2,10,20,169,10000,,yes,0.035,0.9111475905555232
9901,0.49482742560907456,1.1601258165099908,0.6652983909009162,"Hajek(recency=40.0,delta=0.20)",Hajek,40.0,0.2,10,20,169,10000,,yes,0.035,0.9111475905555232
9902,0.513597735574196,1.1527834755255812,0.6391857399513853,"Hajek(recency=40.0,delta=0.20)",Hajek,40.0,0.2,10,20,169,10000,,yes,0.035,0.9111475905555232
9903,0.5151294068547265,1.162047123389367,0.6469177165346405,"Hajek(recency=40.0,delta=0.20)",Hajek,40.0,0.2,10,20,169,10000,,yes,0.035,0.9111475905555232
9904,0.4972279701652864,1.1531889349806692,0.6559609648153828,"Hajek(recency=40.0,delta=0.20)",Hajek,40.0,0.2,10,20,169,10000,,yes,0.035,0.9111475905555232
9905,0.5163052336309085,1.1479472166887392,0.6316419830578307,"Hajek(recency=40.0,delta=0.20)",Hajek,40.0,0.2,10,20,169,10000,,yes,0.035,0.9111475905555232
9906,0.523381328715046,1.1304344520980967,0.6070531233830507,"Hajek(recency=40.0,delta=0.20)",Hajek,40.0,0.2,10,20,169,10000,,yes,0.035,0.9111475905555232
9907,0.5325784242191983,1.1590867925764101,0.6265083683572118,"Hajek(recency=40.0,delta=0.20)",Hajek,40.0,0.2,10,20,169,10000,,yes,0.035,0.9111475905555232
9908,0.4927445261270139,1.1271911719740653,0.6344466458470513,"Hajek(recency=40.0,delta=0.20)",Hajek,40.0,0.2,10,20,169,10000,,yes,0.035,0.9111475905555232
9909,0.48491621157107945,1.1458368794048914,0.660920667833812,"Hajek(recency=40.0,delta=0.20)",Hajek,40.0,0.2,10,20,169,10000,,yes,0.035,0.9111475905555232
9910,0.4875056425059471,1.1383280258215134,0.6508223833155663,"Hajek(recency=40.0,delta=0.20)",Hajek,40.0,0.2,10,20,169,10000,,yes,0.035,0.9111475905555232
9911,0.5230690145809268,1.1732824122174437,0.6502133976365169,"Hajek(recency=40.0,delta=0.20)",Hajek,40.0,0.2,10,20,169,10000,,yes,0.035,0.9111475905555232
9912,0.5268092556993371,1.1444412766179062,0.6176320209185691,"Hajek(recency=40.0,delta=0.20)",Hajek,40.0,0.2,10,20,169,10000,,yes,0.035,0.9111475905555232
9913,0.5198664447171184,1.1527109134523765,0.6328444687352581,"Hajek(recency=40.0,delta=0.20)",Hajek,40.0,0.2,10,20,169,10000,,yes,0.035,0.9111475905555232
9914,0.5068665934484711,1.138472057740774,0.631605464292303,"Hajek(recency=40.0,delta=0.20)",Hajek,40.0,0.2,10,20,169,10000,,yes,0.035,0.9111475905555232
9915,0.5090075602998273,1.1315253388426836,0.6225177785428563,"Hajek(recency=40.0,delta=0.20)",Hajek,40.0,0.2,10,20,169,10000,,yes,0.035,0.9111475905555232
9916,0.5249374028927842,1.1769225298506791,0.6519851269578949,"Hajek(recency=40.0,delta=0.20)",Hajek,40.0,0.2,10,20,169,10000,,yes,0.035,0.9111475905555232
9917,0.5099160957414395,1.1282005422276753,0.6182844464862358,"Hajek(recency=40.0,delta=0.20)",Hajek,40.0,0.2,10,20,169,10000,,yes,0.035,0.9111475905555232
9918,0.5105267118824341,1.1323674612542673,0.6218407493718332,"Hajek(recency=40.0,delta=0.20)",Hajek,40.0,0.2,10,20,169,10000,,yes,0.035,0.9111475905555232
9919,0.5177338120799054,1.159031199970696,0.6412973878907905,"Hajek(recency=40.0,delta=0.20)",Hajek,40.0,0.2,10,20,169,10000,,yes,0.035,0.9111475905555232
9920,0.5049582743717344,1.1563210762763976,0.6513628019046632,"Hajek(recency=40.0,delta=0.20)",Hajek,40.0,0.2,10,20,169,10000,,yes,0.035,0.9111475905555232
9921,0.5182976024312449,1.1131609092260046,0.5948633067947597,"Hajek(recency=40.0,delta=0.20)",Hajek,40.0,0.2,10,20,169,10000,,yes,0.035,0.9111475905555232
9922,0.5185065872457432,1.144787829932265,0.6262812426865217,"Hajek(recency=40.0,delta=0.20)",Hajek,40.0,0.2,10,20,169,10000,,yes,0.035,0.9111475905555232
9923,0.5328556532220011,1.1545500288930208,0.6216943756710197,"Hajek(recency=40.0,delta=0.20)",Hajek,40.0,0.2,10,20,169,10000,,yes,0.035,0.9111475905555232
9924,0.5285463042930292,1.164621213251717,0.6360749089586879,"Hajek(recency=40.0,delta=0.20)",Hajek,40.0,0.2,10,20,169,10000,,yes,0.035,0.9111475905555232
9925,0.519084798607714,1.1386904073610606,0.6196056087533467,"Hajek(recency=40.0,delta=0.20)",Hajek,40.0,0.2,10,20,169,10000,,yes,0.035,0.9111475905555232
9926,0.5205065142574522,1.1531657204029797,0.6326592061455275,"Hajek(recency=40.0,delta=0.20)",Hajek,40.0,0.2,10,20,169,10000,,yes,0.035,0.9111475905555232
9927,0.5189569876090047,1.1374186502374395,0.6184616626284348,"Hajek(recency=40.0,delta=0.20)",Hajek,40.0,0.2,10,20,169,10000,,yes,0.035,0.9111475905555232
9928,0.5326332442379607,1.1364192227441616,0.603785978506201,"Hajek(recency=40.0,delta=0.20)",Hajek,40.0,0.2,10,20,169,10000,,yes,0.035,0.9111475905555232
9929,0.5194887625217602,1.159256834480689,0.6397680719589288,"Hajek(recency=40.0,delta=0.20)",Hajek,40.0,0.2,10,20,169,10000,,yes,0.035,0.9111475905555232
9930,0.521441407498258,1.1540377331935676,0.6325963256953097,"Hajek(recency=40.0,delta=0.20)",Hajek,40.0,0.2,10,20,169,10000,,yes,0.035,0.9111475905555232
9931,0.5162294898847141,1.1783518887498758,0.6621223988651618,"Hajek(recency=40.0,delta=0.20)",Hajek,40.0,0.2,10,20,169,10000,,yes,0.035,0.9111475905555232
9932,0.5365345841513396,1.1287600886252591,0.5922255044739195,"Hajek(recency=40.0,delta=0.20)",Hajek,40.0,0.2,10,20,169,10000,,yes,0.035,0.9111475905555232
9933,0.5132851529899567,1.1542240867749785,0.6409389337850218,"Hajek(recency=40.0,delta=0.20)",Hajek,40.0,0.2,10,20,169,10000,,yes,0.035,0.9111475905555232
9934,0.512344174794035,1.1511279178132725,0.6387837430192375,"Hajek(recency=40.0,delta=0.20)",Hajek,40.0,0.2,10,20,169,10000,,yes,0.035,0.9111475905555232
9935,0.5088982556668822,1.163067461120879,0.6541692054539969,"Hajek(recency=40.0,delta=0.20)",Hajek,40.0,0.2,10,20,169,10000,,yes,0.035,0.9111475905555232
9936,0.5056790603618035,1.139360214186218,0.6336811538244145,"Hajek(recency=40.0,delta=0.20)",Hajek,40.0,0.2,10,20,169,10000,,yes,0.035,0.9111475905555232
9937,0.5111215371324686,1.1519638012993638,0.6408422641668953,"Hajek(recency=40.0,delta=0.20)",Hajek,40.0,0.2,10,20,169,10000,,yes,0.035,0.9111475905555232
9938,0.512731137359797,1.165255342544036,0.6525242051842389,"Hajek(recency=40.0,delta=0.20)",Hajek,40.0,0.2,10,20,169,10000,,yes,0.035,0.9111475905555232
9939,0.5387893988816395,1.126790497571087,0.5880010986894475,"Hajek(recency=40.0,delta=0.20)",Hajek,40.0,0.2,10,20,169,10000,,yes,0.035,0.9111475905555232
9940,0.501262489547678,1.1371716424868559,0.6359091529391778,"Hajek(recency=40.0,delta=0.20)",Hajek,40.0,0.2,10,20,169,10000,,yes,0.035,0.9111475905555232
9941,0.5052454535423088,1.1622217627962057,0.6569763092538969,"Hajek(recency=40.0,delta=0.20)",Hajek,40.0,0.2,10,20,169,10000,,yes,0.035,0.9111475905555232
9942,0.5190048871901801,1.1449419677120554,0.6259370805218752,"Hajek(recency=40.0,delta=0.20)",Hajek,40.0,0.2,10,20,169,10000,,yes,0.035,0.9111475905555232
9943,0.5196362609596902,1.1425852981125004,0.6229490371528102,"Hajek(recency=40.0,delta=0.20)",Hajek,40.0,0.2,10,20,169,10000,,yes,0.035,0.9111475905555232
9944,0.5226393994967125,1.1603693959516193,0.6377299964549068,"Hajek(recency=40.0,delta=0.20)",Hajek,40.0,0.2,10,20,169,10000,,yes,0.035,0.9111475905555232
9945,0.5167284335277381,1.1341493164923615,0.6174208829646234,"Hajek(recency=40.0,delta=0.20)",Hajek,40.0,0.2,10,20,169,10000,,yes,0.035,0.9111475905555232
9946,0.4936440299168127,1.1421478910155445,0.6485038610987317,"Hajek(recency=40.0,delta=0.20)",Hajek,40.0,0.2,10,20,169,10000,,yes,0.035,0.9111475905555232
9947,0.5208988970036542,1.1591963510656673,0.6382974540620131,"Hajek(recency=40.0,delta=0.20)",Hajek,40.0,0.2,10,20,169,10000,,yes,0.035,0.9111475905555232
9948,0.49802275234583776,1.1703687107658325,0.6723459584199947,"Hajek(recency=40.0,delta=0.20)",Hajek,40.0,0.2,10,20,169,10000,,yes,0.035,0.9111475905555232
9949,0.5172968923318167,1.1367008810266641,0.6194039886948474,"Hajek(recency=40.0,delta=0.20)",Hajek,40.0,0.2,10,20,169,10000,,yes,0.035,0.9111475905555232
9950,0.51779141972674,1.1725737568734653,0.6547823371467253,"Hajek(recency=40.0,delta=0.20)",Hajek,40.0,0.2,10,20,169,10000,,yes,0.035,0.9111475905555232
9951,0.5060990265999686,1.139025138952532,0.6329261123525635,"Hajek(recency=40.0,delta=0.20)",Hajek,40.0,0.2,10,20,169,10000,,yes,0.035,0.9111475905555232
9952,0.5161683671413968,1.1256276399620109,0.6094592728206141,"Hajek(recency=40.0,delta=0.20)",Hajek,40.0,0.2,10,20,169,10000,,yes,0.035,0.9111475905555232
9953,0.5250478396370436,1.1495131622520023,0.6244653226149587,"Hajek(recency=40.0,delta=0.20)",Hajek,40.0,0.2,10,20,169,10000,,yes,0.035,0.9111475905555232
9954,0.52937844381763,1.151711619526098,0.6223331757084679,"Hajek(recency=40.0,delta=0.20)",Hajek,40.0,0.2,10,20,169,10000,,yes,0.035,0.9111475905555232
9955,0.5137629308047971,1.1305875675983497,0.6168246367935526,"Hajek(recency=40.0,delta=0.20)",Hajek,40.0,0.2,10,20,169,10000,,yes,0.035,0.9111475905555232
9956,0.4973739443243316,1.1365307395478272,0.6391567952234957,"Hajek(recency=40.0,delta=0.20)",Hajek,40.0,0.2,10,20,169,10000,,yes,0.035,0.9111475905555232
9957,0.5419753443561283,1.1326787797134914,0.5907034353573631,"Hajek(recency=40.0,delta=0.20)",Hajek,40.0,0.2,10,20,169,10000,,yes,0.035,0.9111475905555232
9958,0.5091552989234992,1.1455548756282965,0.6363995767047973,"Hajek(recency=40.0,delta=0.20)",Hajek,40.0,0.2,10,20,169,10000,,yes,0.035,0.9111475905555232
9959,0.5108728081846717,1.1415318720886791,0.6306590639040074,"Hajek(recency=40.0,delta=0.20)",Hajek,40.0,0.2,10,20,169,10000,,yes,0.035,0.9111475905555232
9960,0.5163665647796676,1.1390014187008237,0.6226348539211561,"Hajek(recency=40.0,delta=0.20)",Hajek,40.0,0.2,10,20,169,10000,,yes,0.035,0.9111475905555232
9961,0.5138782720160598,1.1569957497451056,0.6431174777290457,"Hajek(recency=40.0,delta=0.20)",Hajek,40.0,0.2,10,20,169,10000,,yes,0.035,0.9111475905555232
9962,0.5140102934691501,1.13756918144969,0.6235588879805399,"Hajek(recency=40.0,delta=0.20)",Hajek,40.0,0.2,10,20,169,10000,,yes,0.035,0.9111475905555232
9963,0.5062307323736573,1.126377910732288,0.6201471783586306,"Hajek(recency=40.0,delta=0.20)",Hajek,40.0,0.2,10,20,169,10000,,yes,0.035,0.9111475905555232
9964,0.4909667110623317,1.1405972697190294,0.6496305586566977,"Hajek(recency=40.0,delta=0.20)",Hajek,40.0,0.2,10,20,169,10000,,yes,0.035,0.9111475905555232
9965,0.4623100042269683,1.1515052814067332,0.6891952771797649,"Hajek(recency=40.0,delta=0.20)",Hajek,40.0,0.2,10,20,169,10000,,yes,0.035,0.9111475905555232
9966,0.523200813296144,1.1335737265873143,0.6103729132911703,"Hajek(recency=40.0,delta=0.20)",Hajek,40.0,0.2,10,20,169,10000,,yes,0.035,0.9111475905555232
9967,0.4944488141310718,1.171381718462532,0.6769329043314601,"Hajek(recency=40.0,delta=0.20)",Hajek,40.0,0.2,10,20,169,10000,,yes,0.035,0.9111475905555232
9968,0.5226787926987542,1.1397345400689014,0.6170557473701472,"Hajek(recency=40.0,delta=0.20)",Hajek,40.0,0.2,10,20,169,10000,,yes,0.035,0.9111475905555232
9969,0.5036511665109478,1.1353757033162315,0.6317245368052837,"Hajek(recency=40.0,delta=0.20)",Hajek,40.0,0.2,10,20,169,10000,,yes,0.035,0.9111475905555232
9970,0.5041100230852887,1.1341567101639147,0.630046687078626,"Hajek(recency=40.0,delta=0.20)",Hajek,40.0,0.2,10,20,169,10000,,yes,0.035,0.9111475905555232
9971,0.5250076444812747,1.129389804775926,0.6043821602946514,"Hajek(recency=40.0,delta=0.20)",Hajek,40.0,0.2,10,20,169,10000,,yes,0.035,0.9111475905555232
9972,0.5250465814456361,1.1402346383273418,0.6151880568817057,"Hajek(recency=40.0,delta=0.20)",Hajek,40.0,0.2,10,20,169,10000,,yes,0.035,0.9111475905555232
9973,0.5199064734413252,1.1474509537532844,0.6275444803119592,"Hajek(recency=40.0,delta=0.20)",Hajek,40.0,0.2,10,20,169,10000,,yes,0.035,0.9111475905555232
9974,0.5209699456287795,1.1363068647867118,0.6153369191579323,"Hajek(recency=40.0,delta=0.20)",Hajek,40.0,0.2,10,20,169,10000,,yes,0.035,0.9111475905555232
9975,0.5200332670148905,1.1491433216486822,0.6291100546337917,"Hajek(recency=40.0,delta=0.20)",Hajek,40.0,0.2,10,20,169,10000,,yes,0.035,0.9111475905555232
9976,0.5218982666578135,1.159919221503542,0.6380209548457286,"Hajek(recency=40.0,delta=0.20)",Hajek,40.0,0.2,10,20,169,10000,,yes,0.035,0.9111475905555232
9977,0.5062208441402987,1.1426424610431547,0.636421616902856,"Hajek(recency=40.0,delta=0.20)",Hajek,40.0,0.2,10,20,169,10000,,yes,0.035,0.9111475905555232
9978,0.5103292203572267,1.1517707182549375,0.6414414978977108,"Hajek(recency=40.0,delta=0.20)",Hajek,40.0,0.2,10,20,169,10000,,yes,0.035,0.9111475905555232
9979,0.5005800533687575,1.149872425070892,0.6492923717021345,"Hajek(recency=40.0,delta=0.20)",Hajek,40.0,0.2,10,20,169,10000,,yes,0.035,0.9111475905555232
9980,0.5042167499948259,1.1490897430600204,0.6448729930651945,"Hajek(recency=40.0,delta=0.20)",Hajek,40.0,0.2,10,20,169,10000,,yes,0.035,0.9111475905555232
9981,0.5162151110694381,1.1445346181644889,0.6283195070950508,"Hajek(recency=40.0,delta=0.20)",Hajek,40.0,0.2,10,20,169,10000,,yes,0.035,0.9111475905555232
9982,0.5191853064536098,1.1551294785392558,0.635944172085646,"Hajek(recency=40.0,delta=0.20)",Hajek,40.0,0.2,10,20,169,10000,,yes,0.035,0.9111475905555232
9983,0.49572296659937487,1.134920091782046,0.639197125182671,"Hajek(recency=40.0,delta=0.20)",Hajek,40.0,0.2,10,20,169,10000,,yes,0.035,0.9111475905555232
9984,0.5119748830861619,1.1411044464941646,0.6291295634080027,"Hajek(recency=40.0,delta=0.20)",Hajek,40.0,0.2,10,20,169,10000,,yes,0.035,0.9111475905555232
9985,0.5280546462364685,1.132739325568033,0.6046846793315644,"Hajek(recency=40.0,delta=0.20)",Hajek,40.0,0.2,10,20,169,10000,,yes,0.035,0.9111475905555232
9986,0.5203169235189629,1.152862749295134,0.6325458257761711,"Hajek(recency=40.0,delta=0.20)",Hajek,40.0,0.2,10,20,169,10000,,yes,0.035,0.9111475905555232
9987,0.5006917547284216,1.1499738242378006,0.649282069509379,"Hajek(recency=40.0,delta=0.20)",Hajek,40.0,0.2,10,20,169,10000,,yes,0.035,0.9111475905555232
9988,0.5315100567170706,1.1668715931816385,0.6353615364645678,"Hajek(recency=40.0,delta=0.20)",Hajek,40.0,0.2,10,20,169,10000,,yes,0.035,0.9111475905555232
9989,0.527372231294575,1.1330680381284173,0.6056958068338423,"Hajek(recency=40.0,delta=0.20)",Hajek,40.0,0.2,10,20,169,10000,,yes,0.035,0.9111475905555232
9990,0.5183860266162891,1.141371732404574,0.6229857057882849,"Hajek(recency=40.0,delta=0.20)",Hajek,40.0,0.2,10,20,169,10000,,yes,0.035,0.9111475905555232
9991,0.5189758891297429,1.167186359691389,0.648210470561646,"Hajek(recency=40.0,delta=0.20)",Hajek,40.0,0.2,10,20,169,10000,,yes,0.035,0.9111475905555232
9992,0.5049619606566095,1.12108743760929,0.6161254769526806,"Hajek(recency=40.0,delta=0.20)",Hajek,40.0,0.2,10,20,169,10000,,yes,0.035,0.9111475905555232
9993,0.5171289779430669,1.153008863525555,0.6358798855824882,"Hajek(recency=40.0,delta=0.20)",Hajek,40.0,0.2,10,20,169,10000,,yes,0.035,0.9111475905555232
9994,0.5210282844037761,1.1206832227559227,0.5996549383521466,"Hajek(recency=40.0,delta=0.20)",Hajek,40.0,0.2,10,20,169,10000,,yes,0.035,0.9111475905555232
9995,0.5175395266256849,1.1450020796530285,0.6274625530273436,"Hajek(recency=40.0,delta=0.20)",Hajek,40.0,0.2,10,20,169,10000,,yes,0.035,0.9111475905555232
9996,0.5013874004870643,1.1506191855881827,0.6492317851011183,"Hajek(recency=40.0,delta=0.20)",Hajek,40.0,0.2,10,20,169,10000,,yes,0.035,0.9111475905555232
9997,0.5033574095881966,1.1399562609214358,0.6365988513332391,"Hajek(recency=40.0,delta=0.20)",Hajek,40.0,0.2,10,20,169,10000,,yes,0.035,0.9111475905555232
9998,0.49819725826169803,1.1568802730657068,0.6586830148040088,"Hajek(recency=40.0,delta=0.20)",Hajek,40.0,0.2,10,20,169,10000,,yes,0.035,0.9111475905555232
9999,0.5134919293699632,1.143361742399745,0.6298698130297818,"Hajek(recency=40.0,delta=0.20)",Hajek,40.0,0.2,10,20,169,10000,,yes,0.035,0.9111475905555232
10000,0.5668527883748739,0.9099108566049806,0.34305806823010676,Diff-Means(burn-in=0.0),DM,,,10,20,169,10000,0.0,yes,0.035,0.9111475905555232
10001,0.5725189072316007,0.9219375221732682,0.3494186149416675,Diff-Means(burn-in=0.0),DM,,,10,20,169,10000,0.0,yes,0.035,0.9111475905555232
10002,0.5698242996680499,0.9181286213674359,0.34830432169938597,Diff-Means(burn-in=0.0),DM,,,10,20,169,10000,0.0,yes,0.035,0.9111475905555232
10003,0.5712850018000993,0.9193049799960992,0.34801997819599984,Diff-Means(burn-in=0.0),DM,,,10,20,169,10000,0.0,yes,0.035,0.9111475905555232
10004,0.5755840456834014,0.926650953320285,0.35106690763688364,Diff-Means(burn-in=0.0),DM,,,10,20,169,10000,0.0,yes,0.035,0.9111475905555232
10005,0.573528101534607,0.9299512116908778,0.3564231101562708,Diff-Means(burn-in=0.0),DM,,,10,20,169,10000,0.0,yes,0.035,0.9111475905555232
10006,0.5703880760410351,0.9123811144539886,0.3419930384129535,Diff-Means(burn-in=0.0),DM,,,10,20,169,10000,0.0,yes,0.035,0.9111475905555232
10007,0.5721719490895354,0.9237574068481954,0.35158545775866,Diff-Means(burn-in=0.0),DM,,,10,20,169,10000,0.0,yes,0.035,0.9111475905555232
10008,0.5705818377791602,0.918858121550898,0.3482762837717378,Diff-Means(burn-in=0.0),DM,,,10,20,169,10000,0.0,yes,0.035,0.9111475905555232
10009,0.5692581541596341,0.9215281705639891,0.35227001640435496,Diff-Means(burn-in=0.0),DM,,,10,20,169,10000,0.0,yes,0.035,0.9111475905555232
10010,0.5735689228978113,0.9103832481138826,0.33681432521607135,Diff-Means(burn-in=0.0),DM,,,10,20,169,10000,0.0,yes,0.035,0.9111475905555232
10011,0.5731482382397761,0.9215552558347566,0.3484070175949805,Diff-Means(burn-in=0.0),DM,,,10,20,169,10000,0.0,yes,0.035,0.9111475905555232
10012,0.5716062366860389,0.9091775165230274,0.3375712798369884,Diff-Means(burn-in=0.0),DM,,,10,20,169,10000,0.0,yes,0.035,0.9111475905555232
10013,0.5720922289679503,0.9163954725793496,0.3443032436113993,Diff-Means(burn-in=0.0),DM,,,10,20,169,10000,0.0,yes,0.035,0.9111475905555232
10014,0.5724346259641606,0.9167050868416107,0.34427046087745006,Diff-Means(burn-in=0.0),DM,,,10,20,169,10000,0.0,yes,0.035,0.9111475905555232
10015,0.5700959022581714,0.9213836886875214,0.35128778642935,Diff-Means(burn-in=0.0),DM,,,10,20,169,10000,0.0,yes,0.035,0.9111475905555232
10016,0.5666646045088601,0.9095934801195338,0.34292887561067364,Diff-Means(burn-in=0.0),DM,,,10,20,169,10000,0.0,yes,0.035,0.9111475905555232
10017,0.5731456372239805,0.9137483910736597,0.3406027538496792,Diff-Means(burn-in=0.0),DM,,,10,20,169,10000,0.0,yes,0.035,0.9111475905555232
10018,0.5714263936445697,0.9198300065360364,0.3484036128914667,Diff-Means(burn-in=0.0),DM,,,10,20,169,10000,0.0,yes,0.035,0.9111475905555232
10019,0.5711788289364994,0.9169997792954107,0.34582095035891125,Diff-Means(burn-in=0.0),DM,,,10,20,169,10000,0.0,yes,0.035,0.9111475905555232
10020,0.572496873779266,0.9171106252580273,0.3446137514787614,Diff-Means(burn-in=0.0),DM,,,10,20,169,10000,0.0,yes,0.035,0.9111475905555232
10021,0.5668570687067132,0.9212617870174525,0.3544047183107394,Diff-Means(burn-in=0.0),DM,,,10,20,169,10000,0.0,yes,0.035,0.9111475905555232
10022,0.569843219825155,0.9117366910689898,0.34189347124383485,Diff-Means(burn-in=0.0),DM,,,10,20,169,10000,0.0,yes,0.035,0.9111475905555232
10023,0.5731989019954392,0.9199233292118099,0.34672442721637065,Diff-Means(burn-in=0.0),DM,,,10,20,169,10000,0.0,yes,0.035,0.9111475905555232
10024,0.5737988520321862,0.9083961648739896,0.3345973128418034,Diff-Means(burn-in=0.0),DM,,,10,20,169,10000,0.0,yes,0.035,0.9111475905555232
10025,0.571262850363348,0.9144099290342934,0.3431470786709454,Diff-Means(burn-in=0.0),DM,,,10,20,169,10000,0.0,yes,0.035,0.9111475905555232
10026,0.5720137236087045,0.9155435432860896,0.34352981967738505,Diff-Means(burn-in=0.0),DM,,,10,20,169,10000,0.0,yes,0.035,0.9111475905555232
10027,0.5685827937571988,0.9126954350501866,0.3441126412929878,Diff-Means(burn-in=0.0),DM,,,10,20,169,10000,0.0,yes,0.035,0.9111475905555232
10028,0.5710966652562263,0.9088022621629301,0.3377055969067039,Diff-Means(burn-in=0.0),DM,,,10,20,169,10000,0.0,yes,0.035,0.9111475905555232
10029,0.5739647751788877,0.9178780220153272,0.34391324683643953,Diff-Means(burn-in=0.0),DM,,,10,20,169,10000,0.0,yes,0.035,0.9111475905555232
10030,0.5723559366846288,0.8980416627826475,0.3256857260980187,Diff-Means(burn-in=0.0),DM,,,10,20,169,10000,0.0,yes,0.035,0.9111475905555232
10031,0.5734735865408661,0.9153380570900891,0.341864470549223,Diff-Means(burn-in=0.0),DM,,,10,20,169,10000,0.0,yes,0.035,0.9111475905555232
10032,0.5701376473786623,0.9224782232247724,0.35234057584611,Diff-Means(burn-in=0.0),DM,,,10,20,169,10000,0.0,yes,0.035,0.9111475905555232
10033,0.5733681550872849,0.9113400056549484,0.33797185056766355,Diff-Means(burn-in=0.0),DM,,,10,20,169,10000,0.0,yes,0.035,0.9111475905555232
10034,0.5719413817054408,0.9237612152751583,0.35181983356971747,Diff-Means(burn-in=0.0),DM,,,10,20,169,10000,0.0,yes,0.035,0.9111475905555232
10035,0.5691371437104852,0.916194664332627,0.3470575206221418,Diff-Means(burn-in=0.0),DM,,,10,20,169,10000,0.0,yes,0.035,0.9111475905555232
10036,0.5722237641065587,0.9224473903420108,0.3502236262354521,Diff-Means(burn-in=0.0),DM,,,10,20,169,10000,0.0,yes,0.035,0.9111475905555232
10037,0.5711664522579168,0.9226750697882403,0.3515086175303235,Diff-Means(burn-in=0.0),DM,,,10,20,169,10000,0.0,yes,0.035,0.9111475905555232
10038,0.5702666316151025,0.9210940285722529,0.3508273969571504,Diff-Means(burn-in=0.0),DM,,,10,20,169,10000,0.0,yes,0.035,0.9111475905555232
10039,0.5706235016173654,0.9158888976829408,0.3452653960655754,Diff-Means(burn-in=0.0),DM,,,10,20,169,10000,0.0,yes,0.035,0.9111475905555232
10040,0.5716648353596131,0.9127974054017532,0.34113257004214015,Diff-Means(burn-in=0.0),DM,,,10,20,169,10000,0.0,yes,0.035,0.9111475905555232
10041,0.5710190185704858,0.9169462532124933,0.3459272346420076,Diff-Means(burn-in=0.0),DM,,,10,20,169,10000,0.0,yes,0.035,0.9111475905555232
10042,0.572316742857319,0.9256342643521078,0.3533175214947888,Diff-Means(burn-in=0.0),DM,,,10,20,169,10000,0.0,yes,0.035,0.9111475905555232
10043,0.5745682347594382,0.9226397480955313,0.3480715133360931,Diff-Means(burn-in=0.0),DM,,,10,20,169,10000,0.0,yes,0.035,0.9111475905555232
10044,0.5737277937616745,0.9149482746471591,0.3412204808854846,Diff-Means(burn-in=0.0),DM,,,10,20,169,10000,0.0,yes,0.035,0.9111475905555232
10045,0.5701075989666964,0.9278438323313825,0.3577362333646861,Diff-Means(burn-in=0.0),DM,,,10,20,169,10000,0.0,yes,0.035,0.9111475905555232
10046,0.572882333740416,0.9168561846438815,0.34397385090346555,Diff-Means(burn-in=0.0),DM,,,10,20,169,10000,0.0,yes,0.035,0.9111475905555232
10047,0.5699791284545602,0.9151959999109402,0.34521687145638,Diff-Means(burn-in=0.0),DM,,,10,20,169,10000,0.0,yes,0.035,0.9111475905555232
10048,0.5750526672526889,0.9250532698072872,0.3500006025545983,Diff-Means(burn-in=0.0),DM,,,10,20,169,10000,0.0,yes,0.035,0.9111475905555232
10049,0.5720918666867211,0.9121746017544232,0.34008273506770215,Diff-Means(burn-in=0.0),DM,,,10,20,169,10000,0.0,yes,0.035,0.9111475905555232
10050,0.572200451773147,0.924719859466218,0.352519407693071,Diff-Means(burn-in=0.0),DM,,,10,20,169,10000,0.0,yes,0.035,0.9111475905555232
10051,0.5735804432102748,0.9279945368869265,0.35441409367665166,Diff-Means(burn-in=0.0),DM,,,10,20,169,10000,0.0,yes,0.035,0.9111475905555232
10052,0.5697271916670197,0.9171616079363589,0.34743441626933924,Diff-Means(burn-in=0.0),DM,,,10,20,169,10000,0.0,yes,0.035,0.9111475905555232
10053,0.5681988430522744,0.9115235595285685,0.34332471647629403,Diff-Means(burn-in=0.0),DM,,,10,20,169,10000,0.0,yes,0.035,0.9111475905555232
10054,0.5738169163269998,0.9174782843019399,0.34366136797494007,Diff-Means(burn-in=0.0),DM,,,10,20,169,10000,0.0,yes,0.035,0.9111475905555232
10055,0.5721756777643623,0.9109029142011277,0.3387272364367654,Diff-Means(burn-in=0.0),DM,,,10,20,169,10000,0.0,yes,0.035,0.9111475905555232
10056,0.5694879297675237,0.9074256341531526,0.33793770438562887,Diff-Means(burn-in=0.0),DM,,,10,20,169,10000,0.0,yes,0.035,0.9111475905555232
10057,0.5701792980544292,0.9137600500619854,0.3435807520075561,Diff-Means(burn-in=0.0),DM,,,10,20,169,10000,0.0,yes,0.035,0.9111475905555232
10058,0.5702590885450669,0.917147928864442,0.34688884031937506,Diff-Means(burn-in=0.0),DM,,,10,20,169,10000,0.0,yes,0.035,0.9111475905555232
10059,0.5697604846014079,0.9084950717167543,0.3387345871153463,Diff-Means(burn-in=0.0),DM,,,10,20,169,10000,0.0,yes,0.035,0.9111475905555232
10060,0.5699116568252414,0.9302302467832347,0.3603185899579934,Diff-Means(burn-in=0.0),DM,,,10,20,169,10000,0.0,yes,0.035,0.9111475905555232
10061,0.5711390049027063,0.9074804117809286,0.33634140687822234,Diff-Means(burn-in=0.0),DM,,,10,20,169,10000,0.0,yes,0.035,0.9111475905555232
10062,0.5690393548104891,0.9142892304344011,0.3452498756239121,Diff-Means(burn-in=0.0),DM,,,10,20,169,10000,0.0,yes,0.035,0.9111475905555232
10063,0.5721041177219274,0.9129731037591576,0.34086898603723026,Diff-Means(burn-in=0.0),DM,,,10,20,169,10000,0.0,yes,0.035,0.9111475905555232
10064,0.5708308287312714,0.9274656742821158,0.35663484555084435,Diff-Means(burn-in=0.0),DM,,,10,20,169,10000,0.0,yes,0.035,0.9111475905555232
10065,0.5715877300233527,0.9151712523103404,0.34358352228698763,Diff-Means(burn-in=0.0),DM,,,10,20,169,10000,0.0,yes,0.035,0.9111475905555232
10066,0.5741926988282868,0.9266214701472487,0.3524287713189619,Diff-Means(burn-in=0.0),DM,,,10,20,169,10000,0.0,yes,0.035,0.9111475905555232
10067,0.5701688331130956,0.9120185341641903,0.3418497010510947,Diff-Means(burn-in=0.0),DM,,,10,20,169,10000,0.0,yes,0.035,0.9111475905555232
10068,0.5693341743490435,0.9164907045467106,0.347156530197667,Diff-Means(burn-in=0.0),DM,,,10,20,169,10000,0.0,yes,0.035,0.9111475905555232
10069,0.5707681926371933,0.9203139578338603,0.349545765196667,Diff-Means(burn-in=0.0),DM,,,10,20,169,10000,0.0,yes,0.035,0.9111475905555232
10070,0.5692791177630275,0.9210792524842503,0.35180013472122273,Diff-Means(burn-in=0.0),DM,,,10,20,169,10000,0.0,yes,0.035,0.9111475905555232
10071,0.5724202597898023,0.9179404086475933,0.34552014885779103,Diff-Means(burn-in=0.0),DM,,,10,20,169,10000,0.0,yes,0.035,0.9111475905555232
10072,0.5731294908249462,0.9276425509766675,0.35451306015172124,Diff-Means(burn-in=0.0),DM,,,10,20,169,10000,0.0,yes,0.035,0.9111475905555232
10073,0.5754986815901907,0.9213412615584812,0.3458425799682905,Diff-Means(burn-in=0.0),DM,,,10,20,169,10000,0.0,yes,0.035,0.9111475905555232
10074,0.5746844561938798,0.9160645984826505,0.3413801422887708,Diff-Means(burn-in=0.0),DM,,,10,20,169,10000,0.0,yes,0.035,0.9111475905555232
10075,0.5737883561505329,0.9238457037237833,0.35005734757325035,Diff-Means(burn-in=0.0),DM,,,10,20,169,10000,0.0,yes,0.035,0.9111475905555232
10076,0.5710873818741803,0.9141015852071565,0.34301420333297616,Diff-Means(burn-in=0.0),DM,,,10,20,169,10000,0.0,yes,0.035,0.9111475905555232
10077,0.5687646643834737,0.9159210816434388,0.34715641725996504,Diff-Means(burn-in=0.0),DM,,,10,20,169,10000,0.0,yes,0.035,0.9111475905555232
10078,0.5721450229098615,0.9183656291703121,0.3462206062604506,Diff-Means(burn-in=0.0),DM,,,10,20,169,10000,0.0,yes,0.035,0.9111475905555232
10079,0.5717202614203265,0.9105654636019636,0.33884520218163705,Diff-Means(burn-in=0.0),DM,,,10,20,169,10000,0.0,yes,0.035,0.9111475905555232
10080,0.5711767428713499,0.9239333713770373,0.35275662850568745,Diff-Means(burn-in=0.0),DM,,,10,20,169,10000,0.0,yes,0.035,0.9111475905555232
10081,0.5698786528496649,0.910083004618963,0.3402043517692981,Diff-Means(burn-in=0.0),DM,,,10,20,169,10000,0.0,yes,0.035,0.9111475905555232
10082,0.5711260921209291,0.9256387837065145,0.3545126915855854,Diff-Means(burn-in=0.0),DM,,,10,20,169,10000,0.0,yes,0.035,0.9111475905555232
10083,0.5709578668186673,0.9084112080562761,0.33745334123760873,Diff-Means(burn-in=0.0),DM,,,10,20,169,10000,0.0,yes,0.035,0.9111475905555232
10084,0.5725255251304336,0.9163582432072213,0.3438327180767876,Diff-Means(burn-in=0.0),DM,,,10,20,169,10000,0.0,yes,0.035,0.9111475905555232
10085,0.5724527426265825,0.9194851789412241,0.34703243631464153,Diff-Means(burn-in=0.0),DM,,,10,20,169,10000,0.0,yes,0.035,0.9111475905555232
10086,0.5700842328201592,0.9100622414008273,0.33997800858066807,Diff-Means(burn-in=0.0),DM,,,10,20,169,10000,0.0,yes,0.035,0.9111475905555232
10087,0.5713119407359036,0.9192981028902818,0.34798616215437816,Diff-Means(burn-in=0.0),DM,,,10,20,169,10000,0.0,yes,0.035,0.9111475905555232
10088,0.5783823823830041,0.9176631918704585,0.3392808094874544,Diff-Means(burn-in=0.0),DM,,,10,20,169,10000,0.0,yes,0.035,0.9111475905555232
10089,0.5700403656031173,0.9093096469427872,0.3392692813396698,Diff-Means(burn-in=0.0),DM,,,10,20,169,10000,0.0,yes,0.035,0.9111475905555232
10090,0.5697746037810183,0.9204930906895553,0.350718486908537,Diff-Means(burn-in=0.0),DM,,,10,20,169,10000,0.0,yes,0.035,0.9111475905555232
10091,0.5784652940688897,0.914667440716269,0.33620214664737935,Diff-Means(burn-in=0.0),DM,,,10,20,169,10000,0.0,yes,0.035,0.9111475905555232
10092,0.5680475648213983,0.9139123991164171,0.3458648342950188,Diff-Means(burn-in=0.0),DM,,,10,20,169,10000,0.0,yes,0.035,0.9111475905555232
10093,0.5725564106653459,0.9225314320655756,0.34997502140022974,Diff-Means(burn-in=0.0),DM,,,10,20,169,10000,0.0,yes,0.035,0.9111475905555232
10094,0.5726207982466663,0.9241167043604145,0.35149590611374815,Diff-Means(burn-in=0.0),DM,,,10,20,169,10000,0.0,yes,0.035,0.9111475905555232
10095,0.5711212976375065,0.9206421033908144,0.3495208057533079,Diff-Means(burn-in=0.0),DM,,,10,20,169,10000,0.0,yes,0.035,0.9111475905555232
10096,0.5712643135040717,0.9145837241594168,0.3433194106553451,Diff-Means(burn-in=0.0),DM,,,10,20,169,10000,0.0,yes,0.035,0.9111475905555232
10097,0.5712744624798064,0.9158162829236787,0.34454182044387227,Diff-Means(burn-in=0.0),DM,,,10,20,169,10000,0.0,yes,0.035,0.9111475905555232
10098,0.5693869564020461,0.9177965042118357,0.3484095478097896,Diff-Means(burn-in=0.0),DM,,,10,20,169,10000,0.0,yes,0.035,0.9111475905555232
10099,0.5760674113478975,0.9263569091841035,0.350289497836206,Diff-Means(burn-in=0.0),DM,,,10,20,169,10000,0.0,yes,0.035,0.9111475905555232
10100,0.5767501015242561,0.916632595020202,0.3398824934959459,Diff-Means(burn-in=0.0),DM,,,10,20,169,10000,0.0,yes,0.035,0.9111475905555232
10101,0.5726613636763084,0.9165468195846607,0.3438854559083523,Diff-Means(burn-in=0.0),DM,,,10,20,169,10000,0.0,yes,0.035,0.9111475905555232
10102,0.5725661155266559,0.9162070123096527,0.3436408967829968,Diff-Means(burn-in=0.0),DM,,,10,20,169,10000,0.0,yes,0.035,0.9111475905555232
10103,0.5757016964408269,0.9168408045269192,0.34113910808609227,Diff-Means(burn-in=0.0),DM,,,10,20,169,10000,0.0,yes,0.035,0.9111475905555232
10104,0.5696559544460644,0.9083166043776802,0.3386606499316158,Diff-Means(burn-in=0.0),DM,,,10,20,169,10000,0.0,yes,0.035,0.9111475905555232
10105,0.5691857309653816,0.9149720970421548,0.34578636607677316,Diff-Means(burn-in=0.0),DM,,,10,20,169,10000,0.0,yes,0.035,0.9111475905555232
10106,0.5716342843708271,0.9165423917451958,0.3449081073743687,Diff-Means(burn-in=0.0),DM,,,10,20,169,10000,0.0,yes,0.035,0.9111475905555232
10107,0.5715516999612201,0.9188099597310606,0.3472582597698405,Diff-Means(burn-in=0.0),DM,,,10,20,169,10000,0.0,yes,0.035,0.9111475905555232
10108,0.572511070554364,0.9170676636031243,0.3445565930487603,Diff-Means(burn-in=0.0),DM,,,10,20,169,10000,0.0,yes,0.035,0.9111475905555232
10109,0.570138338210403,0.9180029080105082,0.34786456980010516,Diff-Means(burn-in=0.0),DM,,,10,20,169,10000,0.0,yes,0.035,0.9111475905555232
10110,0.5694257771069519,0.9119830032700622,0.34255722616311035,Diff-Means(burn-in=0.0),DM,,,10,20,169,10000,0.0,yes,0.035,0.9111475905555232
10111,0.5753084886479667,0.9117365599755568,0.3364280713275901,Diff-Means(burn-in=0.0),DM,,,10,20,169,10000,0.0,yes,0.035,0.9111475905555232
10112,0.5700480621684805,0.9180973835813098,0.3480493214128293,Diff-Means(burn-in=0.0),DM,,,10,20,169,10000,0.0,yes,0.035,0.9111475905555232
10113,0.5698768364757347,0.9116684675395578,0.34179163106382304,Diff-Means(burn-in=0.0),DM,,,10,20,169,10000,0.0,yes,0.035,0.9111475905555232
10114,0.574640962058562,0.9188811452620474,0.3442401832034855,Diff-Means(burn-in=0.0),DM,,,10,20,169,10000,0.0,yes,0.035,0.9111475905555232
10115,0.5714145294008487,0.9161088636372825,0.3446943342364338,Diff-Means(burn-in=0.0),DM,,,10,20,169,10000,0.0,yes,0.035,0.9111475905555232
10116,0.5703747442434358,0.9223944365984086,0.35201969235497277,Diff-Means(burn-in=0.0),DM,,,10,20,169,10000,0.0,yes,0.035,0.9111475905555232
10117,0.5721753751279711,0.9156752229425295,0.34349984781455833,Diff-Means(burn-in=0.0),DM,,,10,20,169,10000,0.0,yes,0.035,0.9111475905555232
10118,0.5685901015847831,0.915121329969206,0.34653122838442296,Diff-Means(burn-in=0.0),DM,,,10,20,169,10000,0.0,yes,0.035,0.9111475905555232
10119,0.5704994918364167,0.9084347892855767,0.33793529744916007,Diff-Means(burn-in=0.0),DM,,,10,20,169,10000,0.0,yes,0.035,0.9111475905555232
10120,0.5705425396806838,0.915271311603025,0.3447287719223412,Diff-Means(burn-in=0.0),DM,,,10,20,169,10000,0.0,yes,0.035,0.9111475905555232
10121,0.5716389287384781,0.9158472488735164,0.3442083201350383,Diff-Means(burn-in=0.0),DM,,,10,20,169,10000,0.0,yes,0.035,0.9111475905555232
10122,0.5729743351107711,0.908126000805125,0.33515166569435384,Diff-Means(burn-in=0.0),DM,,,10,20,169,10000,0.0,yes,0.035,0.9111475905555232
10123,0.5728988886558377,0.9219630094356297,0.349064120779792,Diff-Means(burn-in=0.0),DM,,,10,20,169,10000,0.0,yes,0.035,0.9111475905555232
10124,0.5731929830496055,0.9199175759013848,0.34672459285177926,Diff-Means(burn-in=0.0),DM,,,10,20,169,10000,0.0,yes,0.035,0.9111475905555232
10125,0.5703308939607061,0.9219421861409799,0.35161129218027376,Diff-Means(burn-in=0.0),DM,,,10,20,169,10000,0.0,yes,0.035,0.9111475905555232
10126,0.5718216360547554,0.9183618910535942,0.3465402549988388,Diff-Means(burn-in=0.0),DM,,,10,20,169,10000,0.0,yes,0.035,0.9111475905555232
10127,0.5721683585022236,0.9213759961046627,0.3492076376024391,Diff-Means(burn-in=0.0),DM,,,10,20,169,10000,0.0,yes,0.035,0.9111475905555232
10128,0.5693856707913599,0.9162883699721225,0.34690269918076255,Diff-Means(burn-in=0.0),DM,,,10,20,169,10000,0.0,yes,0.035,0.9111475905555232
10129,0.5729895783535608,0.9231290276223568,0.35013944926879603,Diff-Means(burn-in=0.0),DM,,,10,20,169,10000,0.0,yes,0.035,0.9111475905555232
10130,0.5695079909357026,0.9219042771049567,0.3523962861692541,Diff-Means(burn-in=0.0),DM,,,10,20,169,10000,0.0,yes,0.035,0.9111475905555232
10131,0.5684982300829615,0.9143509081040515,0.34585267802109,Diff-Means(burn-in=0.0),DM,,,10,20,169,10000,0.0,yes,0.035,0.9111475905555232
10132,0.5711134033000181,0.9226180678875083,0.3515046645874902,Diff-Means(burn-in=0.0),DM,,,10,20,169,10000,0.0,yes,0.035,0.9111475905555232
10133,0.5723581085853461,0.914425292039655,0.34206718345430887,Diff-Means(burn-in=0.0),DM,,,10,20,169,10000,0.0,yes,0.035,0.9111475905555232
10134,0.5710838290503372,0.9154024631713722,0.344318634121035,Diff-Means(burn-in=0.0),DM,,,10,20,169,10000,0.0,yes,0.035,0.9111475905555232
10135,0.5707465308441029,0.9251003069065752,0.3543537760624723,Diff-Means(burn-in=0.0),DM,,,10,20,169,10000,0.0,yes,0.035,0.9111475905555232
10136,0.5692457831329334,0.9202606626569261,0.3510148795239927,Diff-Means(burn-in=0.0),DM,,,10,20,169,10000,0.0,yes,0.035,0.9111475905555232
10137,0.5700621602899006,0.9193462237173072,0.3492840634274066,Diff-Means(burn-in=0.0),DM,,,10,20,169,10000,0.0,yes,0.035,0.9111475905555232
10138,0.5733948461210527,0.9229083190506177,0.3495134729295649,Diff-Means(burn-in=0.0),DM,,,10,20,169,10000,0.0,yes,0.035,0.9111475905555232
10139,0.566870454079239,0.9017629728544935,0.3348925187752545,Diff-Means(burn-in=0.0),DM,,,10,20,169,10000,0.0,yes,0.035,0.9111475905555232
10140,0.5676450694923241,0.9268119743937512,0.3591669049014271,Diff-Means(burn-in=0.0),DM,,,10,20,169,10000,0.0,yes,0.035,0.9111475905555232
10141,0.5726320648012393,0.9151797695953221,0.3425477047940828,Diff-Means(burn-in=0.0),DM,,,10,20,169,10000,0.0,yes,0.035,0.9111475905555232
10142,0.5739539453671358,0.9232665531921401,0.3493126078250043,Diff-Means(burn-in=0.0),DM,,,10,20,169,10000,0.0,yes,0.035,0.9111475905555232
10143,0.5708268794293047,0.9167408022219985,0.34591392279269384,Diff-Means(burn-in=0.0),DM,,,10,20,169,10000,0.0,yes,0.035,0.9111475905555232
10144,0.5725051786909608,0.9207421625917982,0.34823698390083735,Diff-Means(burn-in=0.0),DM,,,10,20,169,10000,0.0,yes,0.035,0.9111475905555232
10145,0.5724303131250441,0.9164726178454127,0.34404230472036856,Diff-Means(burn-in=0.0),DM,,,10,20,169,10000,0.0,yes,0.035,0.9111475905555232
10146,0.5664063882747459,0.905196308056304,0.33878991978155815,Diff-Means(burn-in=0.0),DM,,,10,20,169,10000,0.0,yes,0.035,0.9111475905555232
10147,0.5743378077722544,0.9081739014690943,0.33383609369683986,Diff-Means(burn-in=0.0),DM,,,10,20,169,10000,0.0,yes,0.035,0.9111475905555232
10148,0.5689732277846093,0.9049342235390775,0.33596099575446814,Diff-Means(burn-in=0.0),DM,,,10,20,169,10000,0.0,yes,0.035,0.9111475905555232
10149,0.5732312781254745,0.9174188104907938,0.3441875323653193,Diff-Means(burn-in=0.0),DM,,,10,20,169,10000,0.0,yes,0.035,0.9111475905555232
10150,0.5745587113264166,0.9202772780187126,0.34571856669229606,Diff-Means(burn-in=0.0),DM,,,10,20,169,10000,0.0,yes,0.035,0.9111475905555232
10151,0.5687226779960926,0.9197923635981847,0.3510696856020922,Diff-Means(burn-in=0.0),DM,,,10,20,169,10000,0.0,yes,0.035,0.9111475905555232
10152,0.5748211889618153,0.9186211310756097,0.3437999421137944,Diff-Means(burn-in=0.0),DM,,,10,20,169,10000,0.0,yes,0.035,0.9111475905555232
10153,0.5703283627065162,0.9119645495745179,0.3416361868680017,Diff-Means(burn-in=0.0),DM,,,10,20,169,10000,0.0,yes,0.035,0.9111475905555232
10154,0.5720315323752244,0.9197379417885858,0.3477064094133614,Diff-Means(burn-in=0.0),DM,,,10,20,169,10000,0.0,yes,0.035,0.9111475905555232
10155,0.5752424963936033,0.9149731358819373,0.33973063948833404,Diff-Means(burn-in=0.0),DM,,,10,20,169,10000,0.0,yes,0.035,0.9111475905555232
10156,0.5698771523989085,0.9136314858796136,0.34375433348070517,Diff-Means(burn-in=0.0),DM,,,10,20,169,10000,0.0,yes,0.035,0.9111475905555232
10157,0.5702849992976923,0.9134582663334105,0.34317326703571827,Diff-Means(burn-in=0.0),DM,,,10,20,169,10000,0.0,yes,0.035,0.9111475905555232
10158,0.5728212912151656,0.9145622946986879,0.3417410034835223,Diff-Means(burn-in=0.0),DM,,,10,20,169,10000,0.0,yes,0.035,0.9111475905555232
10159,0.571912229497218,0.9189580533324647,0.34704582383524674,Diff-Means(burn-in=0.0),DM,,,10,20,169,10000,0.0,yes,0.035,0.9111475905555232
10160,0.5722422654246524,0.9099145685012717,0.33767230307661933,Diff-Means(burn-in=0.0),DM,,,10,20,169,10000,0.0,yes,0.035,0.9111475905555232
10161,0.5729287290592696,0.9255715485049655,0.35264281944569587,Diff-Means(burn-in=0.0),DM,,,10,20,169,10000,0.0,yes,0.035,0.9111475905555232
10162,0.5750554142457596,0.9223812311440586,0.347325816898299,Diff-Means(burn-in=0.0),DM,,,10,20,169,10000,0.0,yes,0.035,0.9111475905555232
10163,0.5702770237984742,0.9149752851528399,0.34469826135436565,Diff-Means(burn-in=0.0),DM,,,10,20,169,10000,0.0,yes,0.035,0.9111475905555232
10164,0.5683236346540174,0.9194058420292482,0.3510822073752309,Diff-Means(burn-in=0.0),DM,,,10,20,169,10000,0.0,yes,0.035,0.9111475905555232
10165,0.5733372713803088,0.9223891941288249,0.34905192274851615,Diff-Means(burn-in=0.0),DM,,,10,20,169,10000,0.0,yes,0.035,0.9111475905555232
10166,0.572523618936209,0.9192384254474409,0.346714806511232,Diff-Means(burn-in=0.0),DM,,,10,20,169,10000,0.0,yes,0.035,0.9111475905555232
10167,0.5682615178320498,0.9055443078578918,0.33728279002584194,Diff-Means(burn-in=0.0),DM,,,10,20,169,10000,0.0,yes,0.035,0.9111475905555232
10168,0.5711189882030208,0.906409789388819,0.33529080118579824,Diff-Means(burn-in=0.0),DM,,,10,20,169,10000,0.0,yes,0.035,0.9111475905555232
10169,0.5723460773716834,0.9172908921250741,0.34494481475339067,Diff-Means(burn-in=0.0),DM,,,10,20,169,10000,0.0,yes,0.035,0.9111475905555232
10170,0.5728314075593346,0.9143041611262691,0.3414727535669345,Diff-Means(burn-in=0.0),DM,,,10,20,169,10000,0.0,yes,0.035,0.9111475905555232
10171,0.574439838962089,0.9154799336501144,0.3410400946880253,Diff-Means(burn-in=0.0),DM,,,10,20,169,10000,0.0,yes,0.035,0.9111475905555232
10172,0.5728015565097013,0.9134318418630845,0.34063028535338313,Diff-Means(burn-in=0.0),DM,,,10,20,169,10000,0.0,yes,0.035,0.9111475905555232
10173,0.5680624524986075,0.9199450864230091,0.35188263392440156,Diff-Means(burn-in=0.0),DM,,,10,20,169,10000,0.0,yes,0.035,0.9111475905555232
10174,0.568233192919759,0.9172746802226774,0.3490414873029184,Diff-Means(burn-in=0.0),DM,,,10,20,169,10000,0.0,yes,0.035,0.9111475905555232
10175,0.5673901462906698,0.9097518426093697,0.34236169631869995,Diff-Means(burn-in=0.0),DM,,,10,20,169,10000,0.0,yes,0.035,0.9111475905555232
10176,0.5716673060930259,0.9157859616639428,0.3441186555709169,Diff-Means(burn-in=0.0),DM,,,10,20,169,10000,0.0,yes,0.035,0.9111475905555232
10177,0.5712338623667773,0.9220675174366557,0.3508336550698784,Diff-Means(burn-in=0.0),DM,,,10,20,169,10000,0.0,yes,0.035,0.9111475905555232
10178,0.567333623753749,0.9175173051697446,0.35018368141599565,Diff-Means(burn-in=0.0),DM,,,10,20,169,10000,0.0,yes,0.035,0.9111475905555232
10179,0.5674811758653288,0.9198811605613606,0.35239998469603184,Diff-Means(burn-in=0.0),DM,,,10,20,169,10000,0.0,yes,0.035,0.9111475905555232
10180,0.5671204688384412,0.9271622839604902,0.3600418151220489,Diff-Means(burn-in=0.0),DM,,,10,20,169,10000,0.0,yes,0.035,0.9111475905555232
10181,0.5724787706291277,0.9189872594806088,0.3465084888514811,Diff-Means(burn-in=0.0),DM,,,10,20,169,10000,0.0,yes,0.035,0.9111475905555232
10182,0.5686817758373441,0.9192080002565143,0.35052622441917014,Diff-Means(burn-in=0.0),DM,,,10,20,169,10000,0.0,yes,0.035,0.9111475905555232
10183,0.5714550677149697,0.9193257099958753,0.3478706422809056,Diff-Means(burn-in=0.0),DM,,,10,20,169,10000,0.0,yes,0.035,0.9111475905555232
10184,0.5677088774894186,0.921796529867502,0.3540876523780835,Diff-Means(burn-in=0.0),DM,,,10,20,169,10000,0.0,yes,0.035,0.9111475905555232
10185,0.5691389440746831,0.9078886240307769,0.33874967995609373,Diff-Means(burn-in=0.0),DM,,,10,20,169,10000,0.0,yes,0.035,0.9111475905555232
10186,0.5682255167777882,0.9050580487141545,0.3368325319363663,Diff-Means(burn-in=0.0),DM,,,10,20,169,10000,0.0,yes,0.035,0.9111475905555232
10187,0.5731834394234446,0.9144543676613196,0.34127092823787497,Diff-Means(burn-in=0.0),DM,,,10,20,169,10000,0.0,yes,0.035,0.9111475905555232
10188,0.5709230397859214,0.9126486107804332,0.34172557099451184,Diff-Means(burn-in=0.0),DM,,,10,20,169,10000,0.0,yes,0.035,0.9111475905555232
10189,0.571755506230259,0.919765400706156,0.34800989447589703,Diff-Means(burn-in=0.0),DM,,,10,20,169,10000,0.0,yes,0.035,0.9111475905555232
10190,0.5752250379664163,0.9201151069267773,0.344890068960361,Diff-Means(burn-in=0.0),DM,,,10,20,169,10000,0.0,yes,0.035,0.9111475905555232
10191,0.571956408615619,0.9149459119581984,0.3429895033425794,Diff-Means(burn-in=0.0),DM,,,10,20,169,10000,0.0,yes,0.035,0.9111475905555232
10192,0.5699597386376536,0.9146012201100661,0.34464148147241247,Diff-Means(burn-in=0.0),DM,,,10,20,169,10000,0.0,yes,0.035,0.9111475905555232
10193,0.5716019415309621,0.9218850857769902,0.35028314424602813,Diff-Means(burn-in=0.0),DM,,,10,20,169,10000,0.0,yes,0.035,0.9111475905555232
10194,0.5744815026859097,0.9131343119618793,0.33865280927596964,Diff-Means(burn-in=0.0),DM,,,10,20,169,10000,0.0,yes,0.035,0.9111475905555232
10195,0.5706561512565639,0.9155629281784292,0.34490677692186533,Diff-Means(burn-in=0.0),DM,,,10,20,169,10000,0.0,yes,0.035,0.9111475905555232
10196,0.568464928656721,0.9155035061836215,0.3470385775269005,Diff-Means(burn-in=0.0),DM,,,10,20,169,10000,0.0,yes,0.035,0.9111475905555232
10197,0.5705281752767444,0.9063001175970254,0.33577194232028107,Diff-Means(burn-in=0.0),DM,,,10,20,169,10000,0.0,yes,0.035,0.9111475905555232
10198,0.5676876570080616,0.9151478792070333,0.34746022219897177,Diff-Means(burn-in=0.0),DM,,,10,20,169,10000,0.0,yes,0.035,0.9111475905555232
10199,0.570954161384684,0.9163566090500893,0.3454024476654053,Diff-Means(burn-in=0.0),DM,,,10,20,169,10000,0.0,yes,0.035,0.9111475905555232
10200,0.5754861669252787,0.9133983559940013,0.33791218906872267,Diff-Means(burn-in=0.0),DM,,,10,20,169,10000,0.0,yes,0.035,0.9111475905555232
10201,0.5732376355727267,0.9246406995804272,0.3514030640077005,Diff-Means(burn-in=0.0),DM,,,10,20,169,10000,0.0,yes,0.035,0.9111475905555232
10202,0.5709518896081182,0.929850440446128,0.3588985508380098,Diff-Means(burn-in=0.0),DM,,,10,20,169,10000,0.0,yes,0.035,0.9111475905555232
10203,0.5726121917850153,0.9176859343058313,0.345073742520816,Diff-Means(burn-in=0.0),DM,,,10,20,169,10000,0.0,yes,0.035,0.9111475905555232
10204,0.5729875381310953,0.9172221025345152,0.34423456440341993,Diff-Means(burn-in=0.0),DM,,,10,20,169,10000,0.0,yes,0.035,0.9111475905555232
10205,0.5711858573686602,0.9209022085170814,0.34971635114842115,Diff-Means(burn-in=0.0),DM,,,10,20,169,10000,0.0,yes,0.035,0.9111475905555232
10206,0.5701945849809005,0.9067067064617452,0.33651212148084475,Diff-Means(burn-in=0.0),DM,,,10,20,169,10000,0.0,yes,0.035,0.9111475905555232
10207,0.5715465924582496,0.9148000058717722,0.34325341341352267,Diff-Means(burn-in=0.0),DM,,,10,20,169,10000,0.0,yes,0.035,0.9111475905555232
10208,0.5718439304465761,0.9134912654652836,0.3416473350187075,Diff-Means(burn-in=0.0),DM,,,10,20,169,10000,0.0,yes,0.035,0.9111475905555232
10209,0.5673012128527943,0.9108078070094198,0.34350659415662543,Diff-Means(burn-in=0.0),DM,,,10,20,169,10000,0.0,yes,0.035,0.9111475905555232
10210,0.5690094584250553,0.9163277407831724,0.347318282358117,Diff-Means(burn-in=0.0),DM,,,10,20,169,10000,0.0,yes,0.035,0.9111475905555232
10211,0.5717164785364302,0.9128604194173155,0.3411439408808854,Diff-Means(burn-in=0.0),DM,,,10,20,169,10000,0.0,yes,0.035,0.9111475905555232
10212,0.5760750443043171,0.929429297745939,0.35335425344162186,Diff-Means(burn-in=0.0),DM,,,10,20,169,10000,0.0,yes,0.035,0.9111475905555232
10213,0.5733445512655732,0.9296838565473426,0.3563393052817695,Diff-Means(burn-in=0.0),DM,,,10,20,169,10000,0.0,yes,0.035,0.9111475905555232
10214,0.570525215012985,0.9092735481238536,0.3387483331108686,Diff-Means(burn-in=0.0),DM,,,10,20,169,10000,0.0,yes,0.035,0.9111475905555232
10215,0.5716934097963018,0.9079307963952254,0.33623738659892366,Diff-Means(burn-in=0.0),DM,,,10,20,169,10000,0.0,yes,0.035,0.9111475905555232
10216,0.5712956939341061,0.9212639551070374,0.34996826117293134,Diff-Means(burn-in=0.0),DM,,,10,20,169,10000,0.0,yes,0.035,0.9111475905555232
10217,0.5726197513588286,0.9198281592722047,0.34720840791337615,Diff-Means(burn-in=0.0),DM,,,10,20,169,10000,0.0,yes,0.035,0.9111475905555232
10218,0.5721560787222841,0.9203269315137976,0.3481708527915135,Diff-Means(burn-in=0.0),DM,,,10,20,169,10000,0.0,yes,0.035,0.9111475905555232
10219,0.5720076826749639,0.9161769644315565,0.34416928175659256,Diff-Means(burn-in=0.0),DM,,,10,20,169,10000,0.0,yes,0.035,0.9111475905555232
10220,0.5723170768897872,0.9283739910838755,0.35605691419408836,Diff-Means(burn-in=0.0),DM,,,10,20,169,10000,0.0,yes,0.035,0.9111475905555232
10221,0.5708446648069767,0.9059534577034148,0.33510879289643813,Diff-Means(burn-in=0.0),DM,,,10,20,169,10000,0.0,yes,0.035,0.9111475905555232
10222,0.5659685203232108,0.9135544721377051,0.34758595181449436,Diff-Means(burn-in=0.0),DM,,,10,20,169,10000,0.0,yes,0.035,0.9111475905555232
10223,0.5696153040199828,0.9174223784875801,0.3478070744675973,Diff-Means(burn-in=0.0),DM,,,10,20,169,10000,0.0,yes,0.035,0.9111475905555232
10224,0.5744478036953904,0.9282882441610193,0.3538404404656289,Diff-Means(burn-in=0.0),DM,,,10,20,169,10000,0.0,yes,0.035,0.9111475905555232
10225,0.570692818794117,0.9133841602592934,0.3426913414651763,Diff-Means(burn-in=0.0),DM,,,10,20,169,10000,0.0,yes,0.035,0.9111475905555232
10226,0.5719886562215396,0.922413578340489,0.3504249221189494,Diff-Means(burn-in=0.0),DM,,,10,20,169,10000,0.0,yes,0.035,0.9111475905555232
10227,0.5694748672568619,0.9193708407166096,0.34989597345974766,Diff-Means(burn-in=0.0),DM,,,10,20,169,10000,0.0,yes,0.035,0.9111475905555232
10228,0.5706360947164549,0.9180996516731033,0.3474635569566483,Diff-Means(burn-in=0.0),DM,,,10,20,169,10000,0.0,yes,0.035,0.9111475905555232
10229,0.5726362033266315,0.9181804513804109,0.3455442480537795,Diff-Means(burn-in=0.0),DM,,,10,20,169,10000,0.0,yes,0.035,0.9111475905555232
10230,0.5701777319228726,0.9162566237663585,0.34607889184348595,Diff-Means(burn-in=0.0),DM,,,10,20,169,10000,0.0,yes,0.035,0.9111475905555232
10231,0.5754617786431143,0.9170574280830086,0.3415956494398943,Diff-Means(burn-in=0.0),DM,,,10,20,169,10000,0.0,yes,0.035,0.9111475905555232
10232,0.5727934278760495,0.9204445656368332,0.3476511377607837,Diff-Means(burn-in=0.0),DM,,,10,20,169,10000,0.0,yes,0.035,0.9111475905555232
10233,0.5748075309178562,0.9291497323092618,0.3543422013914056,Diff-Means(burn-in=0.0),DM,,,10,20,169,10000,0.0,yes,0.035,0.9111475905555232
10234,0.5699268083567027,0.9238886987579878,0.3539618904012851,Diff-Means(burn-in=0.0),DM,,,10,20,169,10000,0.0,yes,0.035,0.9111475905555232
10235,0.5680827132119959,0.9147670966873133,0.3466843834753174,Diff-Means(burn-in=0.0),DM,,,10,20,169,10000,0.0,yes,0.035,0.9111475905555232
10236,0.575772252403067,0.9242870462179347,0.3485147938148677,Diff-Means(burn-in=0.0),DM,,,10,20,169,10000,0.0,yes,0.035,0.9111475905555232
10237,0.5699389874657554,0.9167353899196847,0.3467964024539293,Diff-Means(burn-in=0.0),DM,,,10,20,169,10000,0.0,yes,0.035,0.9111475905555232
10238,0.5756426625227777,0.9323596413815113,0.35671697885873355,Diff-Means(burn-in=0.0),DM,,,10,20,169,10000,0.0,yes,0.035,0.9111475905555232
10239,0.5696509717375364,0.9194001832113501,0.34974921147381366,Diff-Means(burn-in=0.0),DM,,,10,20,169,10000,0.0,yes,0.035,0.9111475905555232
10240,0.5733001900427046,0.9238719505713148,0.35057176052861017,Diff-Means(burn-in=0.0),DM,,,10,20,169,10000,0.0,yes,0.035,0.9111475905555232
10241,0.5690017903286542,0.9161717750577251,0.3471699847290709,Diff-Means(burn-in=0.0),DM,,,10,20,169,10000,0.0,yes,0.035,0.9111475905555232
10242,0.5729672551658817,0.9116688953983113,0.33870164023242966,Diff-Means(burn-in=0.0),DM,,,10,20,169,10000,0.0,yes,0.035,0.9111475905555232
10243,0.5728991010092599,0.9203577015881012,0.34745860057884126,Diff-Means(burn-in=0.0),DM,,,10,20,169,10000,0.0,yes,0.035,0.9111475905555232
10244,0.5680255280893391,0.9152034435148925,0.3471779154255533,Diff-Means(burn-in=0.0),DM,,,10,20,169,10000,0.0,yes,0.035,0.9111475905555232
10245,0.5704461274578352,0.9162991307909042,0.345853003333069,Diff-Means(burn-in=0.0),DM,,,10,20,169,10000,0.0,yes,0.035,0.9111475905555232
10246,0.5733355743207557,0.9167846713622659,0.3434490970415103,Diff-Means(burn-in=0.0),DM,,,10,20,169,10000,0.0,yes,0.035,0.9111475905555232
10247,0.57091086436404,0.9170731400366205,0.3461622756725805,Diff-Means(burn-in=0.0),DM,,,10,20,169,10000,0.0,yes,0.035,0.9111475905555232
10248,0.5720586312610221,0.9288367866504019,0.35677815538937985,Diff-Means(burn-in=0.0),DM,,,10,20,169,10000,0.0,yes,0.035,0.9111475905555232
10249,0.5714735680843082,0.9158212380974344,0.3443476700131263,Diff-Means(burn-in=0.0),DM,,,10,20,169,10000,0.0,yes,0.035,0.9111475905555232
10250,0.5678743086108257,0.9101003703916876,0.3422260617808619,Diff-Means(burn-in=0.0),DM,,,10,20,169,10000,0.0,yes,0.035,0.9111475905555232
10251,0.569983171550442,0.9115879202525374,0.34160474870209545,Diff-Means(burn-in=0.0),DM,,,10,20,169,10000,0.0,yes,0.035,0.9111475905555232
10252,0.5741347685699828,0.9212107396211369,0.34707597105115406,Diff-Means(burn-in=0.0),DM,,,10,20,169,10000,0.0,yes,0.035,0.9111475905555232
10253,0.5688360289167094,0.9204706622191196,0.3516346333024102,Diff-Means(burn-in=0.0),DM,,,10,20,169,10000,0.0,yes,0.035,0.9111475905555232
10254,0.5730640654409551,0.9194093864375125,0.34634532099655735,Diff-Means(burn-in=0.0),DM,,,10,20,169,10000,0.0,yes,0.035,0.9111475905555232
10255,0.5703010578612399,0.9089579028037541,0.33865684494251425,Diff-Means(burn-in=0.0),DM,,,10,20,169,10000,0.0,yes,0.035,0.9111475905555232
10256,0.5695366482155878,0.9137187495288644,0.34418210131327664,Diff-Means(burn-in=0.0),DM,,,10,20,169,10000,0.0,yes,0.035,0.9111475905555232
10257,0.5738799462773482,0.918783418550122,0.34490347227277385,Diff-Means(burn-in=0.0),DM,,,10,20,169,10000,0.0,yes,0.035,0.9111475905555232
10258,0.5713176369973755,0.9142908022731736,0.34297316527579813,Diff-Means(burn-in=0.0),DM,,,10,20,169,10000,0.0,yes,0.035,0.9111475905555232
10259,0.5706562415112751,0.9185487411491702,0.34789249963789504,Diff-Means(burn-in=0.0),DM,,,10,20,169,10000,0.0,yes,0.035,0.9111475905555232
10260,0.5702882517353788,0.9140020967670611,0.34371384503168234,Diff-Means(burn-in=0.0),DM,,,10,20,169,10000,0.0,yes,0.035,0.9111475905555232
10261,0.5704927788736485,0.9151156182315372,0.34462283935788873,Diff-Means(burn-in=0.0),DM,,,10,20,169,10000,0.0,yes,0.035,0.9111475905555232
10262,0.5702821986154605,0.9147104973930759,0.3444282987776154,Diff-Means(burn-in=0.0),DM,,,10,20,169,10000,0.0,yes,0.035,0.9111475905555232
10263,0.5723703576473863,0.9172642207632862,0.34489386311589987,Diff-Means(burn-in=0.0),DM,,,10,20,169,10000,0.0,yes,0.035,0.9111475905555232
10264,0.5687491641010619,0.9138712141313737,0.3451220500303118,Diff-Means(burn-in=0.0),DM,,,10,20,169,10000,0.0,yes,0.035,0.9111475905555232
10265,0.5759691191664162,0.9238346177139932,0.347865498547577,Diff-Means(burn-in=0.0),DM,,,10,20,169,10000,0.0,yes,0.035,0.9111475905555232
10266,0.5699005569440417,0.9118157355170438,0.341915178573002,Diff-Means(burn-in=0.0),DM,,,10,20,169,10000,0.0,yes,0.035,0.9111475905555232
10267,0.5739511087033973,0.9185414264228042,0.34459031771940696,Diff-Means(burn-in=0.0),DM,,,10,20,169,10000,0.0,yes,0.035,0.9111475905555232
10268,0.5690038934270444,0.9210555070405633,0.3520516136135189,Diff-Means(burn-in=0.0),DM,,,10,20,169,10000,0.0,yes,0.035,0.9111475905555232
10269,0.5720959103872172,0.9191489342873103,0.34705302390009307,Diff-Means(burn-in=0.0),DM,,,10,20,169,10000,0.0,yes,0.035,0.9111475905555232
10270,0.5742545302307481,0.9117181591298785,0.3374636288991304,Diff-Means(burn-in=0.0),DM,,,10,20,169,10000,0.0,yes,0.035,0.9111475905555232
10271,0.5722898637118983,0.9173865005348073,0.34509663682290903,Diff-Means(burn-in=0.0),DM,,,10,20,169,10000,0.0,yes,0.035,0.9111475905555232
10272,0.5740247700828577,0.919243290710905,0.34521852062804737,Diff-Means(burn-in=0.0),DM,,,10,20,169,10000,0.0,yes,0.035,0.9111475905555232
10273,0.5713022547245639,0.9141482518409051,0.34284599711634123,Diff-Means(burn-in=0.0),DM,,,10,20,169,10000,0.0,yes,0.035,0.9111475905555232
10274,0.5712762838094573,0.919958812871632,0.3486825290621747,Diff-Means(burn-in=0.0),DM,,,10,20,169,10000,0.0,yes,0.035,0.9111475905555232
10275,0.5718617753294009,0.9204329590000998,0.34857118367069895,Diff-Means(burn-in=0.0),DM,,,10,20,169,10000,0.0,yes,0.035,0.9111475905555232
10276,0.5713439337860646,0.9174022967120845,0.3460583629260199,Diff-Means(burn-in=0.0),DM,,,10,20,169,10000,0.0,yes,0.035,0.9111475905555232
10277,0.573978656894091,0.9271616197099513,0.35318296281586026,Diff-Means(burn-in=0.0),DM,,,10,20,169,10000,0.0,yes,0.035,0.9111475905555232
10278,0.5757525016129055,0.9136884414634295,0.33793593985052406,Diff-Means(burn-in=0.0),DM,,,10,20,169,10000,0.0,yes,0.035,0.9111475905555232
10279,0.5718266991387669,0.9222179093533193,0.35039121021455233,Diff-Means(burn-in=0.0),DM,,,10,20,169,10000,0.0,yes,0.035,0.9111475905555232
10280,0.5709412697825695,0.9169295259380204,0.3459882561554508,Diff-Means(burn-in=0.0),DM,,,10,20,169,10000,0.0,yes,0.035,0.9111475905555232
10281,0.5683849585539829,0.9110084431699114,0.3426234846159285,Diff-Means(burn-in=0.0),DM,,,10,20,169,10000,0.0,yes,0.035,0.9111475905555232
10282,0.5717815749723073,0.917470514954992,0.3456889399826847,Diff-Means(burn-in=0.0),DM,,,10,20,169,10000,0.0,yes,0.035,0.9111475905555232
10283,0.5696125235715427,0.9116962927578297,0.342083769186287,Diff-Means(burn-in=0.0),DM,,,10,20,169,10000,0.0,yes,0.035,0.9111475905555232
10284,0.5700375480723303,0.9180856038454845,0.34804805577315423,Diff-Means(burn-in=0.0),DM,,,10,20,169,10000,0.0,yes,0.035,0.9111475905555232
10285,0.572620242474775,0.9153646862124586,0.34274444373768354,Diff-Means(burn-in=0.0),DM,,,10,20,169,10000,0.0,yes,0.035,0.9111475905555232
10286,0.5720271831602772,0.916071761837665,0.3440445786773878,Diff-Means(burn-in=0.0),DM,,,10,20,169,10000,0.0,yes,0.035,0.9111475905555232
10287,0.5695244321313269,0.9204245009445784,0.35090006881325153,Diff-Means(burn-in=0.0),DM,,,10,20,169,10000,0.0,yes,0.035,0.9111475905555232
10288,0.5680676227736741,0.9081233870624131,0.34005576428873907,Diff-Means(burn-in=0.0),DM,,,10,20,169,10000,0.0,yes,0.035,0.9111475905555232
10289,0.569190618803304,0.9058025619094788,0.3366119431061748,Diff-Means(burn-in=0.0),DM,,,10,20,169,10000,0.0,yes,0.035,0.9111475905555232
10290,0.5710732161368471,0.9151831672842251,0.34410995114737797,Diff-Means(burn-in=0.0),DM,,,10,20,169,10000,0.0,yes,0.035,0.9111475905555232
10291,0.5696950162894936,0.9189633062467197,0.34926828995722614,Diff-Means(burn-in=0.0),DM,,,10,20,169,10000,0.0,yes,0.035,0.9111475905555232
10292,0.570235195743305,0.9115033343788278,0.34126813863552286,Diff-Means(burn-in=0.0),DM,,,10,20,169,10000,0.0,yes,0.035,0.9111475905555232
10293,0.5706847166117069,0.9232177594557633,0.3525330428440564,Diff-Means(burn-in=0.0),DM,,,10,20,169,10000,0.0,yes,0.035,0.9111475905555232
10294,0.5732547795619526,0.9221311696890125,0.34887639012705995,Diff-Means(burn-in=0.0),DM,,,10,20,169,10000,0.0,yes,0.035,0.9111475905555232
10295,0.5718744630638821,0.910180883612184,0.33830642054830184,Diff-Means(burn-in=0.0),DM,,,10,20,169,10000,0.0,yes,0.035,0.9111475905555232
10296,0.5712456281917625,0.923333306747396,0.3520876785556335,Diff-Means(burn-in=0.0),DM,,,10,20,169,10000,0.0,yes,0.035,0.9111475905555232
10297,0.5711693834712029,0.9161428989064284,0.3449735154352255,Diff-Means(burn-in=0.0),DM,,,10,20,169,10000,0.0,yes,0.035,0.9111475905555232
10298,0.5738313994630626,0.9184014681340309,0.3445700686709683,Diff-Means(burn-in=0.0),DM,,,10,20,169,10000,0.0,yes,0.035,0.9111475905555232
10299,0.5697149744861264,0.9098875786425479,0.3401726041564215,Diff-Means(burn-in=0.0),DM,,,10,20,169,10000,0.0,yes,0.035,0.9111475905555232
10300,0.5681953472985334,0.9149708396386488,0.3467754923401154,Diff-Means(burn-in=0.0),DM,,,10,20,169,10000,0.0,yes,0.035,0.9111475905555232
10301,0.5716345194780001,0.9189510882769639,0.3473165687989638,Diff-Means(burn-in=0.0),DM,,,10,20,169,10000,0.0,yes,0.035,0.9111475905555232
10302,0.5745665276733228,0.9202677065515229,0.34570117887820007,Diff-Means(burn-in=0.0),DM,,,10,20,169,10000,0.0,yes,0.035,0.9111475905555232
10303,0.5738120905735128,0.9307487638934104,0.35693667331989765,Diff-Means(burn-in=0.0),DM,,,10,20,169,10000,0.0,yes,0.035,0.9111475905555232
10304,0.5732902278442481,0.9172614357357612,0.34397120789151314,Diff-Means(burn-in=0.0),DM,,,10,20,169,10000,0.0,yes,0.035,0.9111475905555232
10305,0.5696572700237106,0.9162135176480022,0.3465562476242916,Diff-Means(burn-in=0.0),DM,,,10,20,169,10000,0.0,yes,0.035,0.9111475905555232
10306,0.5723306469134852,0.924251564545632,0.3519209176321467,Diff-Means(burn-in=0.0),DM,,,10,20,169,10000,0.0,yes,0.035,0.9111475905555232
10307,0.5714552524723802,0.9184217587705767,0.3469665062981966,Diff-Means(burn-in=0.0),DM,,,10,20,169,10000,0.0,yes,0.035,0.9111475905555232
10308,0.5719513457696425,0.9118625511456874,0.3399112053760449,Diff-Means(burn-in=0.0),DM,,,10,20,169,10000,0.0,yes,0.035,0.9111475905555232
10309,0.5711373295131725,0.9083775945802685,0.3372402650670959,Diff-Means(burn-in=0.0),DM,,,10,20,169,10000,0.0,yes,0.035,0.9111475905555232
10310,0.5689110807010767,0.9132269120378353,0.3443158313367587,Diff-Means(burn-in=0.0),DM,,,10,20,169,10000,0.0,yes,0.035,0.9111475905555232
10311,0.5717785782017323,0.9201370734073062,0.34835849520557394,Diff-Means(burn-in=0.0),DM,,,10,20,169,10000,0.0,yes,0.035,0.9111475905555232
10312,0.5688883412995632,0.9120178022166658,0.3431294609171026,Diff-Means(burn-in=0.0),DM,,,10,20,169,10000,0.0,yes,0.035,0.9111475905555232
10313,0.5699712771833527,0.9153525482910744,0.34538127110772165,Diff-Means(burn-in=0.0),DM,,,10,20,169,10000,0.0,yes,0.035,0.9111475905555232
10314,0.5713254515423829,0.917442317812032,0.3461168662696491,Diff-Means(burn-in=0.0),DM,,,10,20,169,10000,0.0,yes,0.035,0.9111475905555232
10315,0.5664554898854084,0.9139063196716719,0.3474508297862635,Diff-Means(burn-in=0.0),DM,,,10,20,169,10000,0.0,yes,0.035,0.9111475905555232
10316,0.5701602869939196,0.9121847395358744,0.3420244525419548,Diff-Means(burn-in=0.0),DM,,,10,20,169,10000,0.0,yes,0.035,0.9111475905555232
10317,0.5725020282784765,0.9182230529696367,0.3457210246911602,Diff-Means(burn-in=0.0),DM,,,10,20,169,10000,0.0,yes,0.035,0.9111475905555232
10318,0.5726749031875806,0.9215603766465518,0.34888547345897114,Diff-Means(burn-in=0.0),DM,,,10,20,169,10000,0.0,yes,0.035,0.9111475905555232
10319,0.5694668950242786,0.913734913116758,0.3442680180924794,Diff-Means(burn-in=0.0),DM,,,10,20,169,10000,0.0,yes,0.035,0.9111475905555232
10320,0.5704707045636658,0.9124181669656755,0.3419474624020097,Diff-Means(burn-in=0.0),DM,,,10,20,169,10000,0.0,yes,0.035,0.9111475905555232
10321,0.5739700152885266,0.9241202105330654,0.3501501952445387,Diff-Means(burn-in=0.0),DM,,,10,20,169,10000,0.0,yes,0.035,0.9111475905555232
10322,0.5716094494169367,0.9023829420009138,0.33077349258397715,Diff-Means(burn-in=0.0),DM,,,10,20,169,10000,0.0,yes,0.035,0.9111475905555232
10323,0.5703862431416568,0.9172745801532598,0.34688833701160304,Diff-Means(burn-in=0.0),DM,,,10,20,169,10000,0.0,yes,0.035,0.9111475905555232
10324,0.571547643020825,0.9178814291217613,0.34633378610093635,Diff-Means(burn-in=0.0),DM,,,10,20,169,10000,0.0,yes,0.035,0.9111475905555232
10325,0.571679447816229,0.9166291719479189,0.3449497241316899,Diff-Means(burn-in=0.0),DM,,,10,20,169,10000,0.0,yes,0.035,0.9111475905555232
10326,0.5740918782919184,0.9196223356414691,0.3455304573495507,Diff-Means(burn-in=0.0),DM,,,10,20,169,10000,0.0,yes,0.035,0.9111475905555232
10327,0.5700202740559707,0.9198846533934738,0.34986437933750314,Diff-Means(burn-in=0.0),DM,,,10,20,169,10000,0.0,yes,0.035,0.9111475905555232
10328,0.5702480232474166,0.9057683313390764,0.3355203080916598,Diff-Means(burn-in=0.0),DM,,,10,20,169,10000,0.0,yes,0.035,0.9111475905555232
10329,0.5700557571067555,0.9142785748274819,0.3442228177207264,Diff-Means(burn-in=0.0),DM,,,10,20,169,10000,0.0,yes,0.035,0.9111475905555232
10330,0.5691008405642731,0.9132735290373785,0.34417268847310534,Diff-Means(burn-in=0.0),DM,,,10,20,169,10000,0.0,yes,0.035,0.9111475905555232
10331,0.5695031839980946,0.9157060068572886,0.346202822859194,Diff-Means(burn-in=0.0),DM,,,10,20,169,10000,0.0,yes,0.035,0.9111475905555232
10332,0.5701557157981922,0.9157089658383424,0.34555325004015014,Diff-Means(burn-in=0.0),DM,,,10,20,169,10000,0.0,yes,0.035,0.9111475905555232
10333,0.5727098098538661,0.926931025615086,0.3542212157612199,Diff-Means(burn-in=0.0),DM,,,10,20,169,10000,0.0,yes,0.035,0.9111475905555232
10334,0.5685673871232255,0.9189093714367826,0.3503419843135571,Diff-Means(burn-in=0.0),DM,,,10,20,169,10000,0.0,yes,0.035,0.9111475905555232
10335,0.575790004641606,0.918607794174314,0.34281778953270803,Diff-Means(burn-in=0.0),DM,,,10,20,169,10000,0.0,yes,0.035,0.9111475905555232
10336,0.572699526667593,0.9207430822479645,0.3480435555803715,Diff-Means(burn-in=0.0),DM,,,10,20,169,10000,0.0,yes,0.035,0.9111475905555232
10337,0.5703981522966555,0.9040826253771396,0.3336844730804841,Diff-Means(burn-in=0.0),DM,,,10,20,169,10000,0.0,yes,0.035,0.9111475905555232
10338,0.5706275565621622,0.9219020443237026,0.35127448776154035,Diff-Means(burn-in=0.0),DM,,,10,20,169,10000,0.0,yes,0.035,0.9111475905555232
10339,0.5710553222280931,0.9132836217264751,0.34222829949838207,Diff-Means(burn-in=0.0),DM,,,10,20,169,10000,0.0,yes,0.035,0.9111475905555232
10340,0.5713730582845944,0.9149770866395175,0.3436040283549231,Diff-Means(burn-in=0.0),DM,,,10,20,169,10000,0.0,yes,0.035,0.9111475905555232
10341,0.5712500513325519,0.9187750908465401,0.34752503951398817,Diff-Means(burn-in=0.0),DM,,,10,20,169,10000,0.0,yes,0.035,0.9111475905555232
10342,0.570267457636868,0.9208417382886829,0.35057428065181484,Diff-Means(burn-in=0.0),DM,,,10,20,169,10000,0.0,yes,0.035,0.9111475905555232
10343,0.5710322434859572,0.9231895243265629,0.3521572808406057,Diff-Means(burn-in=0.0),DM,,,10,20,169,10000,0.0,yes,0.035,0.9111475905555232
10344,0.5698885053546314,0.9159869917845856,0.3460984864299542,Diff-Means(burn-in=0.0),DM,,,10,20,169,10000,0.0,yes,0.035,0.9111475905555232
10345,0.5726909755531622,0.9201375374427528,0.34744656188959067,Diff-Means(burn-in=0.0),DM,,,10,20,169,10000,0.0,yes,0.035,0.9111475905555232
10346,0.5711563551085783,0.9177528196140249,0.34659646450544657,Diff-Means(burn-in=0.0),DM,,,10,20,169,10000,0.0,yes,0.035,0.9111475905555232
10347,0.5747416366602639,0.9136737783277432,0.3389321416674793,Diff-Means(burn-in=0.0),DM,,,10,20,169,10000,0.0,yes,0.035,0.9111475905555232
10348,0.5717306254829085,0.908720735010981,0.3369901095280725,Diff-Means(burn-in=0.0),DM,,,10,20,169,10000,0.0,yes,0.035,0.9111475905555232
10349,0.5710247714133505,0.9234773938316545,0.352452622418304,Diff-Means(burn-in=0.0),DM,,,10,20,169,10000,0.0,yes,0.035,0.9111475905555232
10350,0.5712023874200696,0.9245889219386834,0.3533865345186138,Diff-Means(burn-in=0.0),DM,,,10,20,169,10000,0.0,yes,0.035,0.9111475905555232
10351,0.5731942240426636,0.9103290548895888,0.3371348308469252,Diff-Means(burn-in=0.0),DM,,,10,20,169,10000,0.0,yes,0.035,0.9111475905555232
10352,0.5719472767220307,0.9201357862572357,0.34818850953520497,Diff-Means(burn-in=0.0),DM,,,10,20,169,10000,0.0,yes,0.035,0.9111475905555232
10353,0.5686555812331525,0.907136657985986,0.33848107675283345,Diff-Means(burn-in=0.0),DM,,,10,20,169,10000,0.0,yes,0.035,0.9111475905555232
10354,0.5696102881190832,0.916258810627469,0.34664852250838574,Diff-Means(burn-in=0.0),DM,,,10,20,169,10000,0.0,yes,0.035,0.9111475905555232
10355,0.5703886692704102,0.91431955347564,0.34393088420522977,Diff-Means(burn-in=0.0),DM,,,10,20,169,10000,0.0,yes,0.035,0.9111475905555232
10356,0.5688161145193422,0.9227927390610008,0.35397662454165857,Diff-Means(burn-in=0.0),DM,,,10,20,169,10000,0.0,yes,0.035,0.9111475905555232
10357,0.5737768709870371,0.9058973553358294,0.33212048434879227,Diff-Means(burn-in=0.0),DM,,,10,20,169,10000,0.0,yes,0.035,0.9111475905555232
10358,0.5712236034168579,0.9054441672889555,0.33422056387209764,Diff-Means(burn-in=0.0),DM,,,10,20,169,10000,0.0,yes,0.035,0.9111475905555232
10359,0.5728606763249857,0.9210563164196177,0.348195640094632,Diff-Means(burn-in=0.0),DM,,,10,20,169,10000,0.0,yes,0.035,0.9111475905555232
10360,0.5691710760072004,0.9082501878758399,0.3390791118686395,Diff-Means(burn-in=0.0),DM,,,10,20,169,10000,0.0,yes,0.035,0.9111475905555232
10361,0.571429720336865,0.9091153176429415,0.3376855973060765,Diff-Means(burn-in=0.0),DM,,,10,20,169,10000,0.0,yes,0.035,0.9111475905555232
10362,0.5725081997164145,0.9227793824575373,0.3502711827411228,Diff-Means(burn-in=0.0),DM,,,10,20,169,10000,0.0,yes,0.035,0.9111475905555232
10363,0.5712484272431123,0.9118770708473695,0.34062864360425715,Diff-Means(burn-in=0.0),DM,,,10,20,169,10000,0.0,yes,0.035,0.9111475905555232
10364,0.574018004957131,0.9260777373302049,0.352059732373074,Diff-Means(burn-in=0.0),DM,,,10,20,169,10000,0.0,yes,0.035,0.9111475905555232
10365,0.5705309025359742,0.9131031922118352,0.34257228967586106,Diff-Means(burn-in=0.0),DM,,,10,20,169,10000,0.0,yes,0.035,0.9111475905555232
10366,0.5736287002571975,0.9212155612205507,0.34758686096335323,Diff-Means(burn-in=0.0),DM,,,10,20,169,10000,0.0,yes,0.035,0.9111475905555232
10367,0.5733356338978325,0.9254557204864786,0.35212008658864613,Diff-Means(burn-in=0.0),DM,,,10,20,169,10000,0.0,yes,0.035,0.9111475905555232
10368,0.5691356936864234,0.9182357916898883,0.349100098003465,Diff-Means(burn-in=0.0),DM,,,10,20,169,10000,0.0,yes,0.035,0.9111475905555232
10369,0.5720436968844245,0.9174148740026628,0.3453711771182383,Diff-Means(burn-in=0.0),DM,,,10,20,169,10000,0.0,yes,0.035,0.9111475905555232
10370,0.5746338344961874,0.9212901393226668,0.34665630482647936,Diff-Means(burn-in=0.0),DM,,,10,20,169,10000,0.0,yes,0.035,0.9111475905555232
10371,0.5736218894774531,0.9238994431852263,0.35027755370777325,Diff-Means(burn-in=0.0),DM,,,10,20,169,10000,0.0,yes,0.035,0.9111475905555232
10372,0.5698113122643624,0.9105382468714976,0.3407269346071352,Diff-Means(burn-in=0.0),DM,,,10,20,169,10000,0.0,yes,0.035,0.9111475905555232
10373,0.5683745267218162,0.9142443615353741,0.34586983481355793,Diff-Means(burn-in=0.0),DM,,,10,20,169,10000,0.0,yes,0.035,0.9111475905555232
10374,0.5725672565648114,0.9207016368294599,0.3481343802646485,Diff-Means(burn-in=0.0),DM,,,10,20,169,10000,0.0,yes,0.035,0.9111475905555232
10375,0.56986816610373,0.9183626135353619,0.3484944474316318,Diff-Means(burn-in=0.0),DM,,,10,20,169,10000,0.0,yes,0.035,0.9111475905555232
10376,0.573256462690123,0.9126772148250712,0.33942075213494827,Diff-Means(burn-in=0.0),DM,,,10,20,169,10000,0.0,yes,0.035,0.9111475905555232
10377,0.5698843039002591,0.9254585464427935,0.35557424254253434,Diff-Means(burn-in=0.0),DM,,,10,20,169,10000,0.0,yes,0.035,0.9111475905555232
10378,0.5691988053711399,0.9200775287629306,0.3508787233917907,Diff-Means(burn-in=0.0),DM,,,10,20,169,10000,0.0,yes,0.035,0.9111475905555232
10379,0.5707436389597,0.9145907502439768,0.3438471112842768,Diff-Means(burn-in=0.0),DM,,,10,20,169,10000,0.0,yes,0.035,0.9111475905555232
10380,0.5739438088662905,0.9243220546650185,0.350378245798728,Diff-Means(burn-in=0.0),DM,,,10,20,169,10000,0.0,yes,0.035,0.9111475905555232
10381,0.5699107398923169,0.9117783276371977,0.3418675877448808,Diff-Means(burn-in=0.0),DM,,,10,20,169,10000,0.0,yes,0.035,0.9111475905555232
10382,0.5723417978055372,0.9159300295425754,0.34358823173703823,Diff-Means(burn-in=0.0),DM,,,10,20,169,10000,0.0,yes,0.035,0.9111475905555232
10383,0.5703005894856172,0.9153936776759986,0.3450930881903813,Diff-Means(burn-in=0.0),DM,,,10,20,169,10000,0.0,yes,0.035,0.9111475905555232
10384,0.5680918263878882,0.9066905961516181,0.3385987697637298,Diff-Means(burn-in=0.0),DM,,,10,20,169,10000,0.0,yes,0.035,0.9111475905555232
10385,0.5729199274193971,0.922718700780371,0.34979877336097387,Diff-Means(burn-in=0.0),DM,,,10,20,169,10000,0.0,yes,0.035,0.9111475905555232
10386,0.5705420980927849,0.9237139045272134,0.35317180643442847,Diff-Means(burn-in=0.0),DM,,,10,20,169,10000,0.0,yes,0.035,0.9111475905555232
10387,0.5693541881886359,0.9153745272992657,0.3460203391106298,Diff-Means(burn-in=0.0),DM,,,10,20,169,10000,0.0,yes,0.035,0.9111475905555232
10388,0.5715373161771075,0.9152119166996866,0.34367460052257914,Diff-Means(burn-in=0.0),DM,,,10,20,169,10000,0.0,yes,0.035,0.9111475905555232
10389,0.5729999376771763,0.9103592996543668,0.3373593619771905,Diff-Means(burn-in=0.0),DM,,,10,20,169,10000,0.0,yes,0.035,0.9111475905555232
10390,0.5680808322434787,0.9083115644717287,0.34023073222824995,Diff-Means(burn-in=0.0),DM,,,10,20,169,10000,0.0,yes,0.035,0.9111475905555232
10391,0.5741117403962217,0.9233691996216498,0.34925745922542806,Diff-Means(burn-in=0.0),DM,,,10,20,169,10000,0.0,yes,0.035,0.9111475905555232
10392,0.5708025886084092,0.9206188426259425,0.34981625401753336,Diff-Means(burn-in=0.0),DM,,,10,20,169,10000,0.0,yes,0.035,0.9111475905555232
10393,0.5682332238163194,0.9028662053621186,0.33463298154579924,Diff-Means(burn-in=0.0),DM,,,10,20,169,10000,0.0,yes,0.035,0.9111475905555232
10394,0.5727449941320575,0.92560143791689,0.3528564437848325,Diff-Means(burn-in=0.0),DM,,,10,20,169,10000,0.0,yes,0.035,0.9111475905555232
10395,0.5733246008312738,0.9213386829180511,0.3480140820867773,Diff-Means(burn-in=0.0),DM,,,10,20,169,10000,0.0,yes,0.035,0.9111475905555232
10396,0.5713340979180805,0.9176245302386394,0.3462904323205589,Diff-Means(burn-in=0.0),DM,,,10,20,169,10000,0.0,yes,0.035,0.9111475905555232
10397,0.5734221589920462,0.9231081982908065,0.3496860392987603,Diff-Means(burn-in=0.0),DM,,,10,20,169,10000,0.0,yes,0.035,0.9111475905555232
10398,0.5679499564605545,0.9230823717090134,0.35513241524845895,Diff-Means(burn-in=0.0),DM,,,10,20,169,10000,0.0,yes,0.035,0.9111475905555232
10399,0.5678106598237325,0.9093097794578268,0.3414991196340943,Diff-Means(burn-in=0.0),DM,,,10,20,169,10000,0.0,yes,0.035,0.9111475905555232
10400,0.5712404118120477,0.9143494110644251,0.3431089992523775,Diff-Means(burn-in=0.0),DM,,,10,20,169,10000,0.0,yes,0.035,0.9111475905555232
10401,0.5738867229172872,0.9164489987313237,0.34256227581403653,Diff-Means(burn-in=0.0),DM,,,10,20,169,10000,0.0,yes,0.035,0.9111475905555232
10402,0.5734242232318344,0.9233144520255528,0.34989022879371845,Diff-Means(burn-in=0.0),DM,,,10,20,169,10000,0.0,yes,0.035,0.9111475905555232
10403,0.570602529267123,0.9269984245274039,0.3563958952602809,Diff-Means(burn-in=0.0),DM,,,10,20,169,10000,0.0,yes,0.035,0.9111475905555232
10404,0.57025760739308,0.908134533554716,0.337876926161636,Diff-Means(burn-in=0.0),DM,,,10,20,169,10000,0.0,yes,0.035,0.9111475905555232
10405,0.568477499390694,0.925272941319358,0.35679544192866397,Diff-Means(burn-in=0.0),DM,,,10,20,169,10000,0.0,yes,0.035,0.9111475905555232
10406,0.5705259533074759,0.9206096370686582,0.35008368376118226,Diff-Means(burn-in=0.0),DM,,,10,20,169,10000,0.0,yes,0.035,0.9111475905555232
10407,0.571071279325539,0.9145497654554295,0.3434784861298905,Diff-Means(burn-in=0.0),DM,,,10,20,169,10000,0.0,yes,0.035,0.9111475905555232
10408,0.5731930479576006,0.9157198542009506,0.34252680624334997,Diff-Means(burn-in=0.0),DM,,,10,20,169,10000,0.0,yes,0.035,0.9111475905555232
10409,0.5728017709494332,0.9170616310928585,0.34425986014342536,Diff-Means(burn-in=0.0),DM,,,10,20,169,10000,0.0,yes,0.035,0.9111475905555232
10410,0.5715566051868858,0.92453929552012,0.35298269033323426,Diff-Means(burn-in=0.0),DM,,,10,20,169,10000,0.0,yes,0.035,0.9111475905555232
10411,0.5719918545139733,0.9211083179351918,0.3491164634212185,Diff-Means(burn-in=0.0),DM,,,10,20,169,10000,0.0,yes,0.035,0.9111475905555232
10412,0.5718601223682538,0.9201750574765524,0.3483149351082986,Diff-Means(burn-in=0.0),DM,,,10,20,169,10000,0.0,yes,0.035,0.9111475905555232
10413,0.5727569081591695,0.9160031933483259,0.34324628518915645,Diff-Means(burn-in=0.0),DM,,,10,20,169,10000,0.0,yes,0.035,0.9111475905555232
10414,0.5732178986897959,0.9160903768169765,0.3428724781271806,Diff-Means(burn-in=0.0),DM,,,10,20,169,10000,0.0,yes,0.035,0.9111475905555232
10415,0.5697205629629211,0.9085733135303342,0.33885275056741315,Diff-Means(burn-in=0.0),DM,,,10,20,169,10000,0.0,yes,0.035,0.9111475905555232
10416,0.5741305650961979,0.9272748999877987,0.3531443348916008,Diff-Means(burn-in=0.0),DM,,,10,20,169,10000,0.0,yes,0.035,0.9111475905555232
10417,0.5723212499378122,0.9144760274804874,0.3421547775426752,Diff-Means(burn-in=0.0),DM,,,10,20,169,10000,0.0,yes,0.035,0.9111475905555232
10418,0.5725619100340984,0.9210018505852883,0.3484399405511899,Diff-Means(burn-in=0.0),DM,,,10,20,169,10000,0.0,yes,0.035,0.9111475905555232
10419,0.570500625779481,0.9269237270156891,0.35642310123620813,Diff-Means(burn-in=0.0),DM,,,10,20,169,10000,0.0,yes,0.035,0.9111475905555232
10420,0.5710615877773599,0.9219778913863421,0.3509163036089822,Diff-Means(burn-in=0.0),DM,,,10,20,169,10000,0.0,yes,0.035,0.9111475905555232
10421,0.5730579800458052,0.9273007766561708,0.3542427966103656,Diff-Means(burn-in=0.0),DM,,,10,20,169,10000,0.0,yes,0.035,0.9111475905555232
10422,0.5724433048470289,0.9142767672678229,0.34183346242079404,Diff-Means(burn-in=0.0),DM,,,10,20,169,10000,0.0,yes,0.035,0.9111475905555232
10423,0.5702478174666782,0.924765934595165,0.3545181171284868,Diff-Means(burn-in=0.0),DM,,,10,20,169,10000,0.0,yes,0.035,0.9111475905555232
10424,0.5705478573370085,0.9243924566972899,0.35384459936028134,Diff-Means(burn-in=0.0),DM,,,10,20,169,10000,0.0,yes,0.035,0.9111475905555232
10425,0.5711674089237132,0.9194587760978353,0.3482913671741221,Diff-Means(burn-in=0.0),DM,,,10,20,169,10000,0.0,yes,0.035,0.9111475905555232
10426,0.5725571830070757,0.9139494199456878,0.3413922369386121,Diff-Means(burn-in=0.0),DM,,,10,20,169,10000,0.0,yes,0.035,0.9111475905555232
10427,0.5666538092571426,0.9184322901036064,0.3517784808464638,Diff-Means(burn-in=0.0),DM,,,10,20,169,10000,0.0,yes,0.035,0.9111475905555232
10428,0.5746757865793604,0.9164325655369207,0.3417567789575603,Diff-Means(burn-in=0.0),DM,,,10,20,169,10000,0.0,yes,0.035,0.9111475905555232
10429,0.5723021246428464,0.9175149978940943,0.34521287325124794,Diff-Means(burn-in=0.0),DM,,,10,20,169,10000,0.0,yes,0.035,0.9111475905555232
10430,0.57003028886442,0.9116372916261168,0.34160700276169687,Diff-Means(burn-in=0.0),DM,,,10,20,169,10000,0.0,yes,0.035,0.9111475905555232
10431,0.572901980222888,0.924254578103646,0.351352597880758,Diff-Means(burn-in=0.0),DM,,,10,20,169,10000,0.0,yes,0.035,0.9111475905555232
10432,0.5740094839320192,0.9161290542042297,0.3421195702722105,Diff-Means(burn-in=0.0),DM,,,10,20,169,10000,0.0,yes,0.035,0.9111475905555232
10433,0.5717090908568493,0.9186537785096209,0.34694468765277164,Diff-Means(burn-in=0.0),DM,,,10,20,169,10000,0.0,yes,0.035,0.9111475905555232
10434,0.5755721264093966,0.9167171389930895,0.3411450125836929,Diff-Means(burn-in=0.0),DM,,,10,20,169,10000,0.0,yes,0.035,0.9111475905555232
10435,0.5750020159202884,0.9216969671253784,0.34669495120509,Diff-Means(burn-in=0.0),DM,,,10,20,169,10000,0.0,yes,0.035,0.9111475905555232
10436,0.5711771228053213,0.9203522645332826,0.34917514172796127,Diff-Means(burn-in=0.0),DM,,,10,20,169,10000,0.0,yes,0.035,0.9111475905555232
10437,0.5724238447908855,0.9136941091317422,0.3412702643408567,Diff-Means(burn-in=0.0),DM,,,10,20,169,10000,0.0,yes,0.035,0.9111475905555232
10438,0.5721282481150992,0.9225918711628696,0.35046362304777035,Diff-Means(burn-in=0.0),DM,,,10,20,169,10000,0.0,yes,0.035,0.9111475905555232
10439,0.5687513652645808,0.9202049596266517,0.3514535943620709,Diff-Means(burn-in=0.0),DM,,,10,20,169,10000,0.0,yes,0.035,0.9111475905555232
10440,0.5686704094830685,0.91230888614755,0.34363847666448155,Diff-Means(burn-in=0.0),DM,,,10,20,169,10000,0.0,yes,0.035,0.9111475905555232
10441,0.5713068075635691,0.9261042329437617,0.35479742538019254,Diff-Means(burn-in=0.0),DM,,,10,20,169,10000,0.0,yes,0.035,0.9111475905555232
10442,0.571400913338898,0.9099006830211207,0.33849976968222273,Diff-Means(burn-in=0.0),DM,,,10,20,169,10000,0.0,yes,0.035,0.9111475905555232
10443,0.5709872937539091,0.9104025721709323,0.33941527841702324,Diff-Means(burn-in=0.0),DM,,,10,20,169,10000,0.0,yes,0.035,0.9111475905555232
10444,0.571379753786796,0.9155040079749572,0.3441242541881613,Diff-Means(burn-in=0.0),DM,,,10,20,169,10000,0.0,yes,0.035,0.9111475905555232
10445,0.56993354816881,0.9229415784486946,0.3530080302798846,Diff-Means(burn-in=0.0),DM,,,10,20,169,10000,0.0,yes,0.035,0.9111475905555232
10446,0.5701604971629914,0.9126107098540027,0.3424502126910113,Diff-Means(burn-in=0.0),DM,,,10,20,169,10000,0.0,yes,0.035,0.9111475905555232
10447,0.5683359284196713,0.922156539157529,0.35382061073785775,Diff-Means(burn-in=0.0),DM,,,10,20,169,10000,0.0,yes,0.035,0.9111475905555232
10448,0.5704351031274669,0.927619209271212,0.3571841061437451,Diff-Means(burn-in=0.0),DM,,,10,20,169,10000,0.0,yes,0.035,0.9111475905555232
10449,0.5688631784739838,0.9100983404553367,0.34123516198135284,Diff-Means(burn-in=0.0),DM,,,10,20,169,10000,0.0,yes,0.035,0.9111475905555232
10450,0.5719754223523552,0.9169983738015081,0.34502295144915285,Diff-Means(burn-in=0.0),DM,,,10,20,169,10000,0.0,yes,0.035,0.9111475905555232
10451,0.5744965398527877,0.920361308348802,0.34586476849601433,Diff-Means(burn-in=0.0),DM,,,10,20,169,10000,0.0,yes,0.035,0.9111475905555232
10452,0.5727095392647742,0.9208495699753187,0.34814003071054456,Diff-Means(burn-in=0.0),DM,,,10,20,169,10000,0.0,yes,0.035,0.9111475905555232
10453,0.5698405613308346,0.9223152549483384,0.35247469361750383,Diff-Means(burn-in=0.0),DM,,,10,20,169,10000,0.0,yes,0.035,0.9111475905555232
10454,0.5706661833525231,0.9231390433162352,0.35247285996371214,Diff-Means(burn-in=0.0),DM,,,10,20,169,10000,0.0,yes,0.035,0.9111475905555232
10455,0.5698522010939545,0.9108272802269559,0.3409750791330014,Diff-Means(burn-in=0.0),DM,,,10,20,169,10000,0.0,yes,0.035,0.9111475905555232
10456,0.5733917376603992,0.9163985575397472,0.343006819879348,Diff-Means(burn-in=0.0),DM,,,10,20,169,10000,0.0,yes,0.035,0.9111475905555232
10457,0.5693692018955457,0.9133905640648499,0.3440213621693041,Diff-Means(burn-in=0.0),DM,,,10,20,169,10000,0.0,yes,0.035,0.9111475905555232
10458,0.5735662300147539,0.9256633464368361,0.3520971164220822,Diff-Means(burn-in=0.0),DM,,,10,20,169,10000,0.0,yes,0.035,0.9111475905555232
10459,0.5717571084312234,0.9195004317817564,0.34774332335053304,Diff-Means(burn-in=0.0),DM,,,10,20,169,10000,0.0,yes,0.035,0.9111475905555232
10460,0.5718444470960811,0.9216749789026158,0.3498305318065348,Diff-Means(burn-in=0.0),DM,,,10,20,169,10000,0.0,yes,0.035,0.9111475905555232
10461,0.5723249505483302,0.91704202822832,0.3447170776799898,Diff-Means(burn-in=0.0),DM,,,10,20,169,10000,0.0,yes,0.035,0.9111475905555232
10462,0.5723044207122092,0.910186718987694,0.33788229827548477,Diff-Means(burn-in=0.0),DM,,,10,20,169,10000,0.0,yes,0.035,0.9111475905555232
10463,0.5725327411100192,0.9231372040015878,0.35060446289156866,Diff-Means(burn-in=0.0),DM,,,10,20,169,10000,0.0,yes,0.035,0.9111475905555232
10464,0.5699423898251902,0.9180355424757182,0.348093152650528,Diff-Means(burn-in=0.0),DM,,,10,20,169,10000,0.0,yes,0.035,0.9111475905555232
10465,0.5710736403799743,0.914337155831165,0.3432635154511907,Diff-Means(burn-in=0.0),DM,,,10,20,169,10000,0.0,yes,0.035,0.9111475905555232
10466,0.5702048139674833,0.9268227106066446,0.3566178966391612,Diff-Means(burn-in=0.0),DM,,,10,20,169,10000,0.0,yes,0.035,0.9111475905555232
10467,0.5703712231690351,0.9243785038748512,0.3540072807058161,Diff-Means(burn-in=0.0),DM,,,10,20,169,10000,0.0,yes,0.035,0.9111475905555232
10468,0.5698525946912955,0.9240427286822717,0.3541901339909762,Diff-Means(burn-in=0.0),DM,,,10,20,169,10000,0.0,yes,0.035,0.9111475905555232
10469,0.5727900949086377,0.9209508914378008,0.3481607965291631,Diff-Means(burn-in=0.0),DM,,,10,20,169,10000,0.0,yes,0.035,0.9111475905555232
10470,0.5689953758154279,0.9192516684893621,0.3502562926739342,Diff-Means(burn-in=0.0),DM,,,10,20,169,10000,0.0,yes,0.035,0.9111475905555232
10471,0.5724346257326386,0.9217836489312162,0.34934902319857764,Diff-Means(burn-in=0.0),DM,,,10,20,169,10000,0.0,yes,0.035,0.9111475905555232
10472,0.568455182817268,0.9026872297600069,0.3342320469427389,Diff-Means(burn-in=0.0),DM,,,10,20,169,10000,0.0,yes,0.035,0.9111475905555232
10473,0.574594524802946,0.9193978354050111,0.34480331060206504,Diff-Means(burn-in=0.0),DM,,,10,20,169,10000,0.0,yes,0.035,0.9111475905555232
10474,0.5726702412067405,0.919213630942237,0.3465433897354965,Diff-Means(burn-in=0.0),DM,,,10,20,169,10000,0.0,yes,0.035,0.9111475905555232
10475,0.5708016924418061,0.910870577798265,0.34006888535645885,Diff-Means(burn-in=0.0),DM,,,10,20,169,10000,0.0,yes,0.035,0.9111475905555232
10476,0.5686307546869273,0.9215460161102228,0.35291526142329555,Diff-Means(burn-in=0.0),DM,,,10,20,169,10000,0.0,yes,0.035,0.9111475905555232
10477,0.5700509897682928,0.9193554149405305,0.3493044251722377,Diff-Means(burn-in=0.0),DM,,,10,20,169,10000,0.0,yes,0.035,0.9111475905555232
10478,0.5788757104963992,0.9286908193064124,0.3498151088100132,Diff-Means(burn-in=0.0),DM,,,10,20,169,10000,0.0,yes,0.035,0.9111475905555232
10479,0.5752091701431274,0.9197105607934195,0.34450139065029206,Diff-Means(burn-in=0.0),DM,,,10,20,169,10000,0.0,yes,0.035,0.9111475905555232
10480,0.5714581565974276,0.9134288662093172,0.3419707096118896,Diff-Means(burn-in=0.0),DM,,,10,20,169,10000,0.0,yes,0.035,0.9111475905555232
10481,0.5734640429703604,0.9152798320666075,0.3418157890962471,Diff-Means(burn-in=0.0),DM,,,10,20,169,10000,0.0,yes,0.035,0.9111475905555232
10482,0.5721747965192905,0.9191296893805685,0.346954892861278,Diff-Means(burn-in=0.0),DM,,,10,20,169,10000,0.0,yes,0.035,0.9111475905555232
10483,0.5696496913969868,0.9268543021364345,0.35720461073944765,Diff-Means(burn-in=0.0),DM,,,10,20,169,10000,0.0,yes,0.035,0.9111475905555232
10484,0.5705859467498878,0.9135613264013036,0.3429753796514158,Diff-Means(burn-in=0.0),DM,,,10,20,169,10000,0.0,yes,0.035,0.9111475905555232
10485,0.5650597660396286,0.9058835249283254,0.34082375888869676,Diff-Means(burn-in=0.0),DM,,,10,20,169,10000,0.0,yes,0.035,0.9111475905555232
10486,0.5679880753033615,0.9166942222567525,0.34870614695339097,Diff-Means(burn-in=0.0),DM,,,10,20,169,10000,0.0,yes,0.035,0.9111475905555232
10487,0.5695446658112922,0.9192907034520991,0.3497460376408069,Diff-Means(burn-in=0.0),DM,,,10,20,169,10000,0.0,yes,0.035,0.9111475905555232
10488,0.5710342626579414,0.9132530624083502,0.3422187997504088,Diff-Means(burn-in=0.0),DM,,,10,20,169,10000,0.0,yes,0.035,0.9111475905555232
10489,0.570341701530471,0.9155198153945708,0.3451781138640998,Diff-Means(burn-in=0.0),DM,,,10,20,169,10000,0.0,yes,0.035,0.9111475905555232
10490,0.5709824331725151,0.9262254939940511,0.355243060821536,Diff-Means(burn-in=0.0),DM,,,10,20,169,10000,0.0,yes,0.035,0.9111475905555232
10491,0.5699147562016712,0.9083109783090816,0.3383962221074104,Diff-Means(burn-in=0.0),DM,,,10,20,169,10000,0.0,yes,0.035,0.9111475905555232
10492,0.569441131115538,0.9132693927591079,0.34382826164356994,Diff-Means(burn-in=0.0),DM,,,10,20,169,10000,0.0,yes,0.035,0.9111475905555232
10493,0.5722012078091658,0.9165956327679935,0.34439442495882766,Diff-Means(burn-in=0.0),DM,,,10,20,169,10000,0.0,yes,0.035,0.9111475905555232
10494,0.5720038959233207,0.9026098793347328,0.3306059834114121,Diff-Means(burn-in=0.0),DM,,,10,20,169,10000,0.0,yes,0.035,0.9111475905555232
10495,0.5674614279145093,0.913971814189225,0.34651038627471575,Diff-Means(burn-in=0.0),DM,,,10,20,169,10000,0.0,yes,0.035,0.9111475905555232
10496,0.5732033656614184,0.9098718751122602,0.3366685094508418,Diff-Means(burn-in=0.0),DM,,,10,20,169,10000,0.0,yes,0.035,0.9111475905555232
10497,0.571648468791753,0.9167730802854264,0.34512461149367335,Diff-Means(burn-in=0.0),DM,,,10,20,169,10000,0.0,yes,0.035,0.9111475905555232
10498,0.5696176433476149,0.9059670705047154,0.3363494271571005,Diff-Means(burn-in=0.0),DM,,,10,20,169,10000,0.0,yes,0.035,0.9111475905555232
10499,0.570700184400064,0.9142972627772058,0.3435970783771418,Diff-Means(burn-in=0.0),DM,,,10,20,169,10000,0.0,yes,0.035,0.9111475905555232
10500,0.5699926104922473,0.9087476361815003,0.3387550256892531,Diff-Means(burn-in=0.0),DM,,,10,20,169,10000,0.0,yes,0.035,0.9111475905555232
10501,0.571296441155121,0.9256869890966011,0.35439054794148006,Diff-Means(burn-in=0.0),DM,,,10,20,169,10000,0.0,yes,0.035,0.9111475905555232
10502,0.5724957034635,0.9160645549047607,0.3435688514412607,Diff-Means(burn-in=0.0),DM,,,10,20,169,10000,0.0,yes,0.035,0.9111475905555232
10503,0.5731551147156558,0.9218519700952847,0.3486968553796289,Diff-Means(burn-in=0.0),DM,,,10,20,169,10000,0.0,yes,0.035,0.9111475905555232
10504,0.5709296755614313,0.9144036870872756,0.34347401152584434,Diff-Means(burn-in=0.0),DM,,,10,20,169,10000,0.0,yes,0.035,0.9111475905555232
10505,0.5711164052155702,0.913488609926068,0.3423722047104978,Diff-Means(burn-in=0.0),DM,,,10,20,169,10000,0.0,yes,0.035,0.9111475905555232
10506,0.5694738005447183,0.9273935089005333,0.357919708355815,Diff-Means(burn-in=0.0),DM,,,10,20,169,10000,0.0,yes,0.035,0.9111475905555232
10507,0.5717924902166663,0.9121543610245217,0.3403618708078554,Diff-Means(burn-in=0.0),DM,,,10,20,169,10000,0.0,yes,0.035,0.9111475905555232
10508,0.5731753408891409,0.9131041610891077,0.33992882019996684,Diff-Means(burn-in=0.0),DM,,,10,20,169,10000,0.0,yes,0.035,0.9111475905555232
10509,0.5739317408724872,0.9170819959331232,0.343150255060636,Diff-Means(burn-in=0.0),DM,,,10,20,169,10000,0.0,yes,0.035,0.9111475905555232
10510,0.5727248526244603,0.9111002574011763,0.338375404776716,Diff-Means(burn-in=0.0),DM,,,10,20,169,10000,0.0,yes,0.035,0.9111475905555232
10511,0.5750183431454994,0.9203786173475266,0.3453602742020272,Diff-Means(burn-in=0.0),DM,,,10,20,169,10000,0.0,yes,0.035,0.9111475905555232
10512,0.5710166054774972,0.9280889361031832,0.357072330625686,Diff-Means(burn-in=0.0),DM,,,10,20,169,10000,0.0,yes,0.035,0.9111475905555232
10513,0.5712502892836788,0.9149248535450842,0.3436745642614054,Diff-Means(burn-in=0.0),DM,,,10,20,169,10000,0.0,yes,0.035,0.9111475905555232
10514,0.5755062627128072,0.9215897022436215,0.3460834395308142,Diff-Means(burn-in=0.0),DM,,,10,20,169,10000,0.0,yes,0.035,0.9111475905555232
10515,0.5735065974257825,0.9184131095371152,0.3449065121113327,Diff-Means(burn-in=0.0),DM,,,10,20,169,10000,0.0,yes,0.035,0.9111475905555232
10516,0.5706849171868786,0.9247382112056746,0.3540532940187959,Diff-Means(burn-in=0.0),DM,,,10,20,169,10000,0.0,yes,0.035,0.9111475905555232
10517,0.5696108844676412,0.91154266132425,0.3419317768566088,Diff-Means(burn-in=0.0),DM,,,10,20,169,10000,0.0,yes,0.035,0.9111475905555232
10518,0.5710930749886975,0.9154649723566777,0.34437189736798013,Diff-Means(burn-in=0.0),DM,,,10,20,169,10000,0.0,yes,0.035,0.9111475905555232
10519,0.5733274742046387,0.93145010552734,0.3581226313227013,Diff-Means(burn-in=0.0),DM,,,10,20,169,10000,0.0,yes,0.035,0.9111475905555232
10520,0.5705808024292844,0.915441560344659,0.3448607579153745,Diff-Means(burn-in=0.0),DM,,,10,20,169,10000,0.0,yes,0.035,0.9111475905555232
10521,0.569539675619281,0.9156630150818965,0.34612333946261553,Diff-Means(burn-in=0.0),DM,,,10,20,169,10000,0.0,yes,0.035,0.9111475905555232
10522,0.5697240813059059,0.9156901467074412,0.3459660654015353,Diff-Means(burn-in=0.0),DM,,,10,20,169,10000,0.0,yes,0.035,0.9111475905555232
10523,0.5687723141044287,0.9162801297165705,0.3475078156121417,Diff-Means(burn-in=0.0),DM,,,10,20,169,10000,0.0,yes,0.035,0.9111475905555232
10524,0.574042718714973,0.9225614829588951,0.34851876424392203,Diff-Means(burn-in=0.0),DM,,,10,20,169,10000,0.0,yes,0.035,0.9111475905555232
10525,0.5706313056782252,0.9274412773412466,0.3568099716630214,Diff-Means(burn-in=0.0),DM,,,10,20,169,10000,0.0,yes,0.035,0.9111475905555232
10526,0.5688938297743358,0.9202280925371015,0.3513342627627657,Diff-Means(burn-in=0.0),DM,,,10,20,169,10000,0.0,yes,0.035,0.9111475905555232
10527,0.5713115874221346,0.9189888107343587,0.34767722331222406,Diff-Means(burn-in=0.0),DM,,,10,20,169,10000,0.0,yes,0.035,0.9111475905555232
10528,0.5747896877832982,0.9232287766319862,0.348439088848688,Diff-Means(burn-in=0.0),DM,,,10,20,169,10000,0.0,yes,0.035,0.9111475905555232
10529,0.5711137241978372,0.9221865077677731,0.3510727835699359,Diff-Means(burn-in=0.0),DM,,,10,20,169,10000,0.0,yes,0.035,0.9111475905555232
10530,0.5709686227176949,0.9158831721801557,0.3449145494624608,Diff-Means(burn-in=0.0),DM,,,10,20,169,10000,0.0,yes,0.035,0.9111475905555232
10531,0.5718052841001442,0.9201345366185368,0.34832925251839264,Diff-Means(burn-in=0.0),DM,,,10,20,169,10000,0.0,yes,0.035,0.9111475905555232
10532,0.5708709779115108,0.9139876247483075,0.34311664683679677,Diff-Means(burn-in=0.0),DM,,,10,20,169,10000,0.0,yes,0.035,0.9111475905555232
10533,0.5692942858510268,0.9098969591058615,0.34060267325483473,Diff-Means(burn-in=0.0),DM,,,10,20,169,10000,0.0,yes,0.035,0.9111475905555232
10534,0.5668922857761167,0.913344630211711,0.34645234443559425,Diff-Means(burn-in=0.0),DM,,,10,20,169,10000,0.0,yes,0.035,0.9111475905555232
10535,0.5720509549714149,0.9183624593381449,0.34631150436672997,Diff-Means(burn-in=0.0),DM,,,10,20,169,10000,0.0,yes,0.035,0.9111475905555232
10536,0.572089260022805,0.9155005153563838,0.34341125533357875,Diff-Means(burn-in=0.0),DM,,,10,20,169,10000,0.0,yes,0.035,0.9111475905555232
10537,0.5704188067274613,0.9240454823166603,0.353626675589199,Diff-Means(burn-in=0.0),DM,,,10,20,169,10000,0.0,yes,0.035,0.9111475905555232
10538,0.5692984433418441,0.9157357448391176,0.3464373014972735,Diff-Means(burn-in=0.0),DM,,,10,20,169,10000,0.0,yes,0.035,0.9111475905555232
10539,0.5712023007410908,0.8996596478591494,0.32845734711805863,Diff-Means(burn-in=0.0),DM,,,10,20,169,10000,0.0,yes,0.035,0.9111475905555232
10540,0.5707393380683895,0.9135863949986985,0.34284705693030904,Diff-Means(burn-in=0.0),DM,,,10,20,169,10000,0.0,yes,0.035,0.9111475905555232
10541,0.5728690336463955,0.9163270025523474,0.3434579689059519,Diff-Means(burn-in=0.0),DM,,,10,20,169,10000,0.0,yes,0.035,0.9111475905555232
10542,0.5754490227497686,0.9259968387224387,0.35054781597267004,Diff-Means(burn-in=0.0),DM,,,10,20,169,10000,0.0,yes,0.035,0.9111475905555232
10543,0.5750604353907207,0.9095997429130712,0.3345393075223505,Diff-Means(burn-in=0.0),DM,,,10,20,169,10000,0.0,yes,0.035,0.9111475905555232
10544,0.5699325681512193,0.9063960112374346,0.33646344308621534,Diff-Means(burn-in=0.0),DM,,,10,20,169,10000,0.0,yes,0.035,0.9111475905555232
10545,0.574234837015771,0.922922194287191,0.34868735727142,Diff-Means(burn-in=0.0),DM,,,10,20,169,10000,0.0,yes,0.035,0.9111475905555232
10546,0.5718692691626329,0.9171939087221295,0.34532463955949655,Diff-Means(burn-in=0.0),DM,,,10,20,169,10000,0.0,yes,0.035,0.9111475905555232
10547,0.5731312149712396,0.9095354105077278,0.33640419553648815,Diff-Means(burn-in=0.0),DM,,,10,20,169,10000,0.0,yes,0.035,0.9111475905555232
10548,0.5709610664778821,0.9191215354547035,0.3481604689768214,Diff-Means(burn-in=0.0),DM,,,10,20,169,10000,0.0,yes,0.035,0.9111475905555232
10549,0.5707265546554109,0.9216218355068312,0.3508952808514203,Diff-Means(burn-in=0.0),DM,,,10,20,169,10000,0.0,yes,0.035,0.9111475905555232
10550,0.5740397910809159,0.919288049384507,0.3452482583035912,Diff-Means(burn-in=0.0),DM,,,10,20,169,10000,0.0,yes,0.035,0.9111475905555232
10551,0.5701824354631447,0.9212656557251446,0.3510832202619999,Diff-Means(burn-in=0.0),DM,,,10,20,169,10000,0.0,yes,0.035,0.9111475905555232
10552,0.5712186466289383,0.9177456047147992,0.34652695808586087,Diff-Means(burn-in=0.0),DM,,,10,20,169,10000,0.0,yes,0.035,0.9111475905555232
10553,0.5694685272842218,0.9131579878564311,0.3436894605722093,Diff-Means(burn-in=0.0),DM,,,10,20,169,10000,0.0,yes,0.035,0.9111475905555232
10554,0.5684154314686386,0.9182480168535676,0.349832585384929,Diff-Means(burn-in=0.0),DM,,,10,20,169,10000,0.0,yes,0.035,0.9111475905555232
10555,0.5706673042886076,0.9252435601807613,0.3545762558921537,Diff-Means(burn-in=0.0),DM,,,10,20,169,10000,0.0,yes,0.035,0.9111475905555232
10556,0.5705549300714635,0.9121861608794457,0.3416312308079822,Diff-Means(burn-in=0.0),DM,,,10,20,169,10000,0.0,yes,0.035,0.9111475905555232
10557,0.5684006686214883,0.9239771927063025,0.3555765240848142,Diff-Means(burn-in=0.0),DM,,,10,20,169,10000,0.0,yes,0.035,0.9111475905555232
10558,0.5745321220454573,0.9194192508039232,0.34488712875846583,Diff-Means(burn-in=0.0),DM,,,10,20,169,10000,0.0,yes,0.035,0.9111475905555232
10559,0.5714422892074026,0.9168357484604571,0.34539345925305454,Diff-Means(burn-in=0.0),DM,,,10,20,169,10000,0.0,yes,0.035,0.9111475905555232
10560,0.5682634829988191,0.9267161579267332,0.3584526749279141,Diff-Means(burn-in=0.0),DM,,,10,20,169,10000,0.0,yes,0.035,0.9111475905555232
10561,0.5715115196538427,0.9063980208059523,0.3348865011521096,Diff-Means(burn-in=0.0),DM,,,10,20,169,10000,0.0,yes,0.035,0.9111475905555232
10562,0.5712321524762581,0.9253598110415364,0.3541276585652783,Diff-Means(burn-in=0.0),DM,,,10,20,169,10000,0.0,yes,0.035,0.9111475905555232
10563,0.569420293413522,0.9147898236702702,0.3453695302567482,Diff-Means(burn-in=0.0),DM,,,10,20,169,10000,0.0,yes,0.035,0.9111475905555232
10564,0.5719241507154269,0.9179262844121407,0.34600213369671384,Diff-Means(burn-in=0.0),DM,,,10,20,169,10000,0.0,yes,0.035,0.9111475905555232
10565,0.5698190869081411,0.9218303572388855,0.3520112703307444,Diff-Means(burn-in=0.0),DM,,,10,20,169,10000,0.0,yes,0.035,0.9111475905555232
10566,0.5704630704657566,0.9173957364920932,0.34693266602633654,Diff-Means(burn-in=0.0),DM,,,10,20,169,10000,0.0,yes,0.035,0.9111475905555232
10567,0.5688801671405176,0.911501187849388,0.34262102070887046,Diff-Means(burn-in=0.0),DM,,,10,20,169,10000,0.0,yes,0.035,0.9111475905555232
10568,0.5650937237062322,0.9132139905508707,0.3481202668446385,Diff-Means(burn-in=0.0),DM,,,10,20,169,10000,0.0,yes,0.035,0.9111475905555232
10569,0.5723145717354727,0.9207152738059083,0.3484007020704356,Diff-Means(burn-in=0.0),DM,,,10,20,169,10000,0.0,yes,0.035,0.9111475905555232
10570,0.5748142081438876,0.9206046561908766,0.345790448046989,Diff-Means(burn-in=0.0),DM,,,10,20,169,10000,0.0,yes,0.035,0.9111475905555232
10571,0.5745282428064724,0.9182532645866611,0.3437250217801887,Diff-Means(burn-in=0.0),DM,,,10,20,169,10000,0.0,yes,0.035,0.9111475905555232
10572,0.5719595832595517,0.9209923759857005,0.34903279272614884,Diff-Means(burn-in=0.0),DM,,,10,20,169,10000,0.0,yes,0.035,0.9111475905555232
10573,0.5693643352431386,0.9153522256105346,0.3459878903673961,Diff-Means(burn-in=0.0),DM,,,10,20,169,10000,0.0,yes,0.035,0.9111475905555232
10574,0.5696859789130845,0.9002395652444849,0.3305535863314004,Diff-Means(burn-in=0.0),DM,,,10,20,169,10000,0.0,yes,0.035,0.9111475905555232
10575,0.5756422847792896,0.9210867600694416,0.345444475290152,Diff-Means(burn-in=0.0),DM,,,10,20,169,10000,0.0,yes,0.035,0.9111475905555232
10576,0.5723514009228158,0.9215184537223378,0.349167052799522,Diff-Means(burn-in=0.0),DM,,,10,20,169,10000,0.0,yes,0.035,0.9111475905555232
10577,0.5699370636456507,0.9150974008994892,0.34516033725383855,Diff-Means(burn-in=0.0),DM,,,10,20,169,10000,0.0,yes,0.035,0.9111475905555232
10578,0.5679787908321527,0.9172090664059614,0.3492302755738087,Diff-Means(burn-in=0.0),DM,,,10,20,169,10000,0.0,yes,0.035,0.9111475905555232
10579,0.5688997953669831,0.9087320532646787,0.33983225789769556,Diff-Means(burn-in=0.0),DM,,,10,20,169,10000,0.0,yes,0.035,0.9111475905555232
10580,0.5675862492767986,0.9186549650312026,0.351068715754404,Diff-Means(burn-in=0.0),DM,,,10,20,169,10000,0.0,yes,0.035,0.9111475905555232
10581,0.5679762610353231,0.9105878879073169,0.34261162687199387,Diff-Means(burn-in=0.0),DM,,,10,20,169,10000,0.0,yes,0.035,0.9111475905555232
10582,0.5730289775603312,0.9119845223662801,0.3389555448059489,Diff-Means(burn-in=0.0),DM,,,10,20,169,10000,0.0,yes,0.035,0.9111475905555232
10583,0.5724013980909027,0.9091945941636242,0.3367931960727215,Diff-Means(burn-in=0.0),DM,,,10,20,169,10000,0.0,yes,0.035,0.9111475905555232
10584,0.5746151869581606,0.9284944511877196,0.35387926422955895,Diff-Means(burn-in=0.0),DM,,,10,20,169,10000,0.0,yes,0.035,0.9111475905555232
10585,0.5699358780444558,0.9120845529128013,0.34214867486834555,Diff-Means(burn-in=0.0),DM,,,10,20,169,10000,0.0,yes,0.035,0.9111475905555232
10586,0.5690464693321048,0.9202016290190779,0.3511551596869731,Diff-Means(burn-in=0.0),DM,,,10,20,169,10000,0.0,yes,0.035,0.9111475905555232
10587,0.5766297931703008,0.916743793335401,0.3401140001651002,Diff-Means(burn-in=0.0),DM,,,10,20,169,10000,0.0,yes,0.035,0.9111475905555232
10588,0.5745771908170296,0.9193815709043098,0.3448043800872802,Diff-Means(burn-in=0.0),DM,,,10,20,169,10000,0.0,yes,0.035,0.9111475905555232
10589,0.5754980224628152,0.9269994215544737,0.35150139909165845,Diff-Means(burn-in=0.0),DM,,,10,20,169,10000,0.0,yes,0.035,0.9111475905555232
10590,0.5705911515707104,0.918095075160902,0.34750392359019167,Diff-Means(burn-in=0.0),DM,,,10,20,169,10000,0.0,yes,0.035,0.9111475905555232
10591,0.5714558793853292,0.9291309834991687,0.3576751041138395,Diff-Means(burn-in=0.0),DM,,,10,20,169,10000,0.0,yes,0.035,0.9111475905555232
10592,0.5685525928696502,0.9160625488181273,0.3475099559484771,Diff-Means(burn-in=0.0),DM,,,10,20,169,10000,0.0,yes,0.035,0.9111475905555232
10593,0.5712973718639968,0.9296350181931172,0.35833764632912046,Diff-Means(burn-in=0.0),DM,,,10,20,169,10000,0.0,yes,0.035,0.9111475905555232
10594,0.5731586562516799,0.9151639906579144,0.3420053344062345,Diff-Means(burn-in=0.0),DM,,,10,20,169,10000,0.0,yes,0.035,0.9111475905555232
10595,0.5712808366208155,0.9145319876188962,0.3432511509980807,Diff-Means(burn-in=0.0),DM,,,10,20,169,10000,0.0,yes,0.035,0.9111475905555232
10596,0.5700042278893593,0.9161657517000383,0.346161523810679,Diff-Means(burn-in=0.0),DM,,,10,20,169,10000,0.0,yes,0.035,0.9111475905555232
10597,0.5715570238276779,0.9166459312500257,0.34508890742234777,Diff-Means(burn-in=0.0),DM,,,10,20,169,10000,0.0,yes,0.035,0.9111475905555232
10598,0.568458282743509,0.9095790627003217,0.3411207799568128,Diff-Means(burn-in=0.0),DM,,,10,20,169,10000,0.0,yes,0.035,0.9111475905555232
10599,0.5709082225133437,0.9188376148438091,0.3479293923304654,Diff-Means(burn-in=0.0),DM,,,10,20,169,10000,0.0,yes,0.035,0.9111475905555232
10600,0.578033662403398,0.9102164589084695,0.33218279650507143,Diff-Means(burn-in=0.0),DM,,,10,20,169,10000,0.0,yes,0.035,0.9111475905555232
10601,0.5714122745368817,0.9238349804252669,0.3524227058883852,Diff-Means(burn-in=0.0),DM,,,10,20,169,10000,0.0,yes,0.035,0.9111475905555232
10602,0.5712257907500742,0.9213510656321179,0.3501252748820437,Diff-Means(burn-in=0.0),DM,,,10,20,169,10000,0.0,yes,0.035,0.9111475905555232
10603,0.5719050955638932,0.9085464034195878,0.33664130785569457,Diff-Means(burn-in=0.0),DM,,,10,20,169,10000,0.0,yes,0.035,0.9111475905555232
10604,0.569704475476154,0.9194433887953716,0.3497389133192176,Diff-Means(burn-in=0.0),DM,,,10,20,169,10000,0.0,yes,0.035,0.9111475905555232
10605,0.5660760166870366,0.9096130907467247,0.34353707405968814,Diff-Means(burn-in=0.0),DM,,,10,20,169,10000,0.0,yes,0.035,0.9111475905555232
10606,0.5722826311122068,0.9128074798713937,0.34052484875918687,Diff-Means(burn-in=0.0),DM,,,10,20,169,10000,0.0,yes,0.035,0.9111475905555232
10607,0.5719303773364065,0.9235229973041585,0.35159261996775204,Diff-Means(burn-in=0.0),DM,,,10,20,169,10000,0.0,yes,0.035,0.9111475905555232
10608,0.5714105803436742,0.9217349872727291,0.35032440692905487,Diff-Means(burn-in=0.0),DM,,,10,20,169,10000,0.0,yes,0.035,0.9111475905555232
10609,0.5723663484146835,0.9158718272646619,0.3435054788499784,Diff-Means(burn-in=0.0),DM,,,10,20,169,10000,0.0,yes,0.035,0.9111475905555232
10610,0.571416529672175,0.9155050768854204,0.34408854721324533,Diff-Means(burn-in=0.0),DM,,,10,20,169,10000,0.0,yes,0.035,0.9111475905555232
10611,0.5740231379563272,0.9290028026163433,0.35497966466001607,Diff-Means(burn-in=0.0),DM,,,10,20,169,10000,0.0,yes,0.035,0.9111475905555232
10612,0.5712544054406852,0.9233837934159722,0.35212938797528703,Diff-Means(burn-in=0.0),DM,,,10,20,169,10000,0.0,yes,0.035,0.9111475905555232
10613,0.567880508033223,0.9171069134906007,0.3492264054573777,Diff-Means(burn-in=0.0),DM,,,10,20,169,10000,0.0,yes,0.035,0.9111475905555232
10614,0.5716489709616939,0.9134697113263316,0.3418207403646377,Diff-Means(burn-in=0.0),DM,,,10,20,169,10000,0.0,yes,0.035,0.9111475905555232
10615,0.5718108137124746,0.9275118705204125,0.35570105680793795,Diff-Means(burn-in=0.0),DM,,,10,20,169,10000,0.0,yes,0.035,0.9111475905555232
10616,0.5700682769222835,0.9154833164619387,0.34541503953965524,Diff-Means(burn-in=0.0),DM,,,10,20,169,10000,0.0,yes,0.035,0.9111475905555232
10617,0.5750310421606859,0.9201582570976713,0.3451272149369854,Diff-Means(burn-in=0.0),DM,,,10,20,169,10000,0.0,yes,0.035,0.9111475905555232
10618,0.5729145019109266,0.9177979593493711,0.3448834574384445,Diff-Means(burn-in=0.0),DM,,,10,20,169,10000,0.0,yes,0.035,0.9111475905555232
10619,0.5696555815370818,0.9152089498389756,0.34555336830189376,Diff-Means(burn-in=0.0),DM,,,10,20,169,10000,0.0,yes,0.035,0.9111475905555232
10620,0.5699949954426202,0.91626790026724,0.3462729048246198,Diff-Means(burn-in=0.0),DM,,,10,20,169,10000,0.0,yes,0.035,0.9111475905555232
10621,0.5698286792528657,0.9222560933397563,0.3524274140868906,Diff-Means(burn-in=0.0),DM,,,10,20,169,10000,0.0,yes,0.035,0.9111475905555232
10622,0.5687961356354516,0.9141857752029895,0.3453896395675379,Diff-Means(burn-in=0.0),DM,,,10,20,169,10000,0.0,yes,0.035,0.9111475905555232
10623,0.5744704773603223,0.9215405821564249,0.34707010479610256,Diff-Means(burn-in=0.0),DM,,,10,20,169,10000,0.0,yes,0.035,0.9111475905555232
10624,0.5715236840412914,0.9160431609515958,0.3445194769103044,Diff-Means(burn-in=0.0),DM,,,10,20,169,10000,0.0,yes,0.035,0.9111475905555232
10625,0.56797201278607,0.9107487056644333,0.3427766928783633,Diff-Means(burn-in=0.0),DM,,,10,20,169,10000,0.0,yes,0.035,0.9111475905555232
10626,0.5706022759571581,0.9114718936604359,0.34086961770327784,Diff-Means(burn-in=0.0),DM,,,10,20,169,10000,0.0,yes,0.035,0.9111475905555232
10627,0.5730779070335775,0.9294955756493488,0.3564176686157713,Diff-Means(burn-in=0.0),DM,,,10,20,169,10000,0.0,yes,0.035,0.9111475905555232
10628,0.5694438598598696,0.9187061714546424,0.34926231159477283,Diff-Means(burn-in=0.0),DM,,,10,20,169,10000,0.0,yes,0.035,0.9111475905555232
10629,0.571824557025276,0.9132110390977235,0.3413864820724475,Diff-Means(burn-in=0.0),DM,,,10,20,169,10000,0.0,yes,0.035,0.9111475905555232
10630,0.5718720279808531,0.9235786744589737,0.35170664647812055,Diff-Means(burn-in=0.0),DM,,,10,20,169,10000,0.0,yes,0.035,0.9111475905555232
10631,0.5724889420313661,0.9164868751287077,0.3439979330973416,Diff-Means(burn-in=0.0),DM,,,10,20,169,10000,0.0,yes,0.035,0.9111475905555232
10632,0.5721499667324154,0.9092063791917941,0.3370564124593788,Diff-Means(burn-in=0.0),DM,,,10,20,169,10000,0.0,yes,0.035,0.9111475905555232
10633,0.5697286351433526,0.9204909283299882,0.35076229318663565,Diff-Means(burn-in=0.0),DM,,,10,20,169,10000,0.0,yes,0.035,0.9111475905555232
10634,0.5689158740426146,0.924468071310755,0.35555219726814047,Diff-Means(burn-in=0.0),DM,,,10,20,169,10000,0.0,yes,0.035,0.9111475905555232
10635,0.5702347055036557,0.905504384900177,0.3352696793965213,Diff-Means(burn-in=0.0),DM,,,10,20,169,10000,0.0,yes,0.035,0.9111475905555232
10636,0.574102926268035,0.9171714898515961,0.3430685635835611,Diff-Means(burn-in=0.0),DM,,,10,20,169,10000,0.0,yes,0.035,0.9111475905555232
10637,0.5706371189817621,0.9168460572032524,0.34620893822149035,Diff-Means(burn-in=0.0),DM,,,10,20,169,10000,0.0,yes,0.035,0.9111475905555232
10638,0.5700869928425942,0.9118948402345467,0.34180784739195247,Diff-Means(burn-in=0.0),DM,,,10,20,169,10000,0.0,yes,0.035,0.9111475905555232
10639,0.5679114215258851,0.9119098004748342,0.343998378948949,Diff-Means(burn-in=0.0),DM,,,10,20,169,10000,0.0,yes,0.035,0.9111475905555232
10640,0.5722823432999766,0.9182181570089536,0.34593581370897697,Diff-Means(burn-in=0.0),DM,,,10,20,169,10000,0.0,yes,0.035,0.9111475905555232
10641,0.5686607064352994,0.9119359129926745,0.3432752065573751,Diff-Means(burn-in=0.0),DM,,,10,20,169,10000,0.0,yes,0.035,0.9111475905555232
10642,0.5713741628351181,0.9156302382365006,0.3442560754013825,Diff-Means(burn-in=0.0),DM,,,10,20,169,10000,0.0,yes,0.035,0.9111475905555232
10643,0.5707078893729508,0.9104931433029304,0.3397852539299796,Diff-Means(burn-in=0.0),DM,,,10,20,169,10000,0.0,yes,0.035,0.9111475905555232
10644,0.5716352034577512,0.919687190015605,0.34805198655785374,Diff-Means(burn-in=0.0),DM,,,10,20,169,10000,0.0,yes,0.035,0.9111475905555232
10645,0.5705928256418988,0.9143830884577354,0.3437902628158366,Diff-Means(burn-in=0.0),DM,,,10,20,169,10000,0.0,yes,0.035,0.9111475905555232
10646,0.5694036830425494,0.9166448135882744,0.34724113054572503,Diff-Means(burn-in=0.0),DM,,,10,20,169,10000,0.0,yes,0.035,0.9111475905555232
10647,0.5690700397597095,0.9174829285929912,0.3484128888332817,Diff-Means(burn-in=0.0),DM,,,10,20,169,10000,0.0,yes,0.035,0.9111475905555232
10648,0.5728306097912502,0.9142460292289174,0.3414154194376672,Diff-Means(burn-in=0.0),DM,,,10,20,169,10000,0.0,yes,0.035,0.9111475905555232
10649,0.5696413108996515,0.9091376107544402,0.3394962998547887,Diff-Means(burn-in=0.0),DM,,,10,20,169,10000,0.0,yes,0.035,0.9111475905555232
10650,0.5719044118326871,0.9108056809932027,0.33890126916051555,Diff-Means(burn-in=0.0),DM,,,10,20,169,10000,0.0,yes,0.035,0.9111475905555232
10651,0.5701891830909017,0.9134976650211808,0.3433084819302791,Diff-Means(burn-in=0.0),DM,,,10,20,169,10000,0.0,yes,0.035,0.9111475905555232
10652,0.5731720464215081,0.9194870169674013,0.3463149705458932,Diff-Means(burn-in=0.0),DM,,,10,20,169,10000,0.0,yes,0.035,0.9111475905555232
10653,0.5755533022349587,0.9169080912376546,0.3413547890026959,Diff-Means(burn-in=0.0),DM,,,10,20,169,10000,0.0,yes,0.035,0.9111475905555232
10654,0.5714179561004865,0.9193457220048064,0.34792776590431984,Diff-Means(burn-in=0.0),DM,,,10,20,169,10000,0.0,yes,0.035,0.9111475905555232
10655,0.5706954228387503,0.9127444145688662,0.34204899173011594,Diff-Means(burn-in=0.0),DM,,,10,20,169,10000,0.0,yes,0.035,0.9111475905555232
10656,0.57387173736033,0.918110554643422,0.3442388172830919,Diff-Means(burn-in=0.0),DM,,,10,20,169,10000,0.0,yes,0.035,0.9111475905555232
10657,0.5740064288661747,0.9191602174835772,0.34515378861740253,Diff-Means(burn-in=0.0),DM,,,10,20,169,10000,0.0,yes,0.035,0.9111475905555232
10658,0.5739974242414089,0.9266794217744461,0.3526819975330372,Diff-Means(burn-in=0.0),DM,,,10,20,169,10000,0.0,yes,0.035,0.9111475905555232
10659,0.5702951273949595,0.9167981251184065,0.34650299772344706,Diff-Means(burn-in=0.0),DM,,,10,20,169,10000,0.0,yes,0.035,0.9111475905555232
10660,0.5719510892848731,0.9228560058167936,0.35090491653192046,Diff-Means(burn-in=0.0),DM,,,10,20,169,10000,0.0,yes,0.035,0.9111475905555232
10661,0.5690834036157598,0.9135386996108202,0.3444552959950604,Diff-Means(burn-in=0.0),DM,,,10,20,169,10000,0.0,yes,0.035,0.9111475905555232
10662,0.5702095738252527,0.9136570607182193,0.34344748689296656,Diff-Means(burn-in=0.0),DM,,,10,20,169,10000,0.0,yes,0.035,0.9111475905555232
10663,0.5699098348427326,0.9132603833774038,0.3433505485346712,Diff-Means(burn-in=0.0),DM,,,10,20,169,10000,0.0,yes,0.035,0.9111475905555232
10664,0.5681226519019692,0.9127519311663812,0.344629279264412,Diff-Means(burn-in=0.0),DM,,,10,20,169,10000,0.0,yes,0.035,0.9111475905555232
10665,0.571299017269573,0.919860784265365,0.348561766995792,Diff-Means(burn-in=0.0),DM,,,10,20,169,10000,0.0,yes,0.035,0.9111475905555232
10666,0.5703829422739767,0.9138188715997045,0.34343592932572786,Diff-Means(burn-in=0.0),DM,,,10,20,169,10000,0.0,yes,0.035,0.9111475905555232
10667,0.575210436018547,0.9144920116642371,0.33928157564569006,Diff-Means(burn-in=0.0),DM,,,10,20,169,10000,0.0,yes,0.035,0.9111475905555232
10668,0.5720773925427123,0.9111018701080651,0.3390244775653528,Diff-Means(burn-in=0.0),DM,,,10,20,169,10000,0.0,yes,0.035,0.9111475905555232
10669,0.5726476229658575,0.9198432743572339,0.3471956513913764,Diff-Means(burn-in=0.0),DM,,,10,20,169,10000,0.0,yes,0.035,0.9111475905555232
10670,0.5748822699095527,0.920601201044694,0.3457189311351413,Diff-Means(burn-in=0.0),DM,,,10,20,169,10000,0.0,yes,0.035,0.9111475905555232
10671,0.5704410885533584,0.9109771057833989,0.34053601723004046,Diff-Means(burn-in=0.0),DM,,,10,20,169,10000,0.0,yes,0.035,0.9111475905555232
10672,0.5751171300336156,0.9317386061679019,0.3566214761342863,Diff-Means(burn-in=0.0),DM,,,10,20,169,10000,0.0,yes,0.035,0.9111475905555232
10673,0.5720847921020685,0.9222161833481397,0.3501313912460712,Diff-Means(burn-in=0.0),DM,,,10,20,169,10000,0.0,yes,0.035,0.9111475905555232
10674,0.5677470078936059,0.9131769334598449,0.34542992556623897,Diff-Means(burn-in=0.0),DM,,,10,20,169,10000,0.0,yes,0.035,0.9111475905555232
10675,0.5709037085702211,0.928540590695807,0.35763688212558586,Diff-Means(burn-in=0.0),DM,,,10,20,169,10000,0.0,yes,0.035,0.9111475905555232
10676,0.5742094424610417,0.9125143346593775,0.3383048921983358,Diff-Means(burn-in=0.0),DM,,,10,20,169,10000,0.0,yes,0.035,0.9111475905555232
10677,0.5719296266628361,0.9187597507554988,0.3468301240926627,Diff-Means(burn-in=0.0),DM,,,10,20,169,10000,0.0,yes,0.035,0.9111475905555232
10678,0.5670388008520248,0.9096922023594396,0.34265340150741475,Diff-Means(burn-in=0.0),DM,,,10,20,169,10000,0.0,yes,0.035,0.9111475905555232
10679,0.5724048906008041,0.916296040570544,0.3438911499697399,Diff-Means(burn-in=0.0),DM,,,10,20,169,10000,0.0,yes,0.035,0.9111475905555232
10680,0.5724055173379277,0.9126755814432574,0.3402700641053298,Diff-Means(burn-in=0.0),DM,,,10,20,169,10000,0.0,yes,0.035,0.9111475905555232
10681,0.5687218213887225,0.9195386267775386,0.3508168053888161,Diff-Means(burn-in=0.0),DM,,,10,20,169,10000,0.0,yes,0.035,0.9111475905555232
10682,0.5698331633616374,0.9156391848433215,0.34580602148168416,Diff-Means(burn-in=0.0),DM,,,10,20,169,10000,0.0,yes,0.035,0.9111475905555232
10683,0.571571710935295,0.9122683936093517,0.34069668267405673,Diff-Means(burn-in=0.0),DM,,,10,20,169,10000,0.0,yes,0.035,0.9111475905555232
10684,0.5733516832347182,0.9227878535258798,0.3494361702911616,Diff-Means(burn-in=0.0),DM,,,10,20,169,10000,0.0,yes,0.035,0.9111475905555232
10685,0.572650621594755,0.9146910996159563,0.3420404780212013,Diff-Means(burn-in=0.0),DM,,,10,20,169,10000,0.0,yes,0.035,0.9111475905555232
10686,0.5746902433049632,0.9190035589040215,0.3443133155990583,Diff-Means(burn-in=0.0),DM,,,10,20,169,10000,0.0,yes,0.035,0.9111475905555232
10687,0.5740523730365658,0.9269121922620259,0.35285981922546017,Diff-Means(burn-in=0.0),DM,,,10,20,169,10000,0.0,yes,0.035,0.9111475905555232
10688,0.572324939927188,0.9234773724537471,0.35115243252655903,Diff-Means(burn-in=0.0),DM,,,10,20,169,10000,0.0,yes,0.035,0.9111475905555232
10689,0.5749283963042646,0.9219171262969705,0.3469887299927059,Diff-Means(burn-in=0.0),DM,,,10,20,169,10000,0.0,yes,0.035,0.9111475905555232
10690,0.5722269127706611,0.9257746319870889,0.3535477192164278,Diff-Means(burn-in=0.0),DM,,,10,20,169,10000,0.0,yes,0.035,0.9111475905555232
10691,0.5708257820867175,0.9113515139271939,0.3405257318404764,Diff-Means(burn-in=0.0),DM,,,10,20,169,10000,0.0,yes,0.035,0.9111475905555232
10692,0.5697202660024204,0.9160192448214718,0.34629897881905136,Diff-Means(burn-in=0.0),DM,,,10,20,169,10000,0.0,yes,0.035,0.9111475905555232
10693,0.5724804923372585,0.9240793487906103,0.35159885645335176,Diff-Means(burn-in=0.0),DM,,,10,20,169,10000,0.0,yes,0.035,0.9111475905555232
10694,0.5759842461363038,0.9243041531766008,0.3483199070402969,Diff-Means(burn-in=0.0),DM,,,10,20,169,10000,0.0,yes,0.035,0.9111475905555232
10695,0.5708669189753595,0.9098266050891094,0.33895968611374994,Diff-Means(burn-in=0.0),DM,,,10,20,169,10000,0.0,yes,0.035,0.9111475905555232
10696,0.5710519008757456,0.9164735491766005,0.34542164830085487,Diff-Means(burn-in=0.0),DM,,,10,20,169,10000,0.0,yes,0.035,0.9111475905555232
10697,0.5695972559053104,0.9195065343477784,0.349909278442468,Diff-Means(burn-in=0.0),DM,,,10,20,169,10000,0.0,yes,0.035,0.9111475905555232
10698,0.5704473003405109,0.917792693088961,0.3473453927484501,Diff-Means(burn-in=0.0),DM,,,10,20,169,10000,0.0,yes,0.035,0.9111475905555232
10699,0.5712726964339012,0.9225977182847894,0.3513250218508882,Diff-Means(burn-in=0.0),DM,,,10,20,169,10000,0.0,yes,0.035,0.9111475905555232
10700,0.5673335634174292,0.9183996826241938,0.35106611920676456,Diff-Means(burn-in=0.0),DM,,,10,20,169,10000,0.0,yes,0.035,0.9111475905555232
10701,0.5696064979491724,0.9110301493757961,0.3414236514266237,Diff-Means(burn-in=0.0),DM,,,10,20,169,10000,0.0,yes,0.035,0.9111475905555232
10702,0.5660414216621358,0.9078638943022361,0.34182247264010035,Diff-Means(burn-in=0.0),DM,,,10,20,169,10000,0.0,yes,0.035,0.9111475905555232
10703,0.5700193889113095,0.9186982195933998,0.34867883068209027,Diff-Means(burn-in=0.0),DM,,,10,20,169,10000,0.0,yes,0.035,0.9111475905555232
10704,0.5717873497699657,0.9222214811130615,0.35043413134309576,Diff-Means(burn-in=0.0),DM,,,10,20,169,10000,0.0,yes,0.035,0.9111475905555232
10705,0.5743741930781162,0.9187824298471834,0.3444082367690672,Diff-Means(burn-in=0.0),DM,,,10,20,169,10000,0.0,yes,0.035,0.9111475905555232
10706,0.5690556174073471,0.914367331156783,0.3453117137494359,Diff-Means(burn-in=0.0),DM,,,10,20,169,10000,0.0,yes,0.035,0.9111475905555232
10707,0.5728289729153909,0.9151775990173208,0.34234862610192984,Diff-Means(burn-in=0.0),DM,,,10,20,169,10000,0.0,yes,0.035,0.9111475905555232
10708,0.5683700059090396,0.9134335109085812,0.3450635049995415,Diff-Means(burn-in=0.0),DM,,,10,20,169,10000,0.0,yes,0.035,0.9111475905555232
10709,0.5725238325811056,0.9264756072064664,0.35395177462536076,Diff-Means(burn-in=0.0),DM,,,10,20,169,10000,0.0,yes,0.035,0.9111475905555232
10710,0.5705270877272961,0.916256440737548,0.34572935301025187,Diff-Means(burn-in=0.0),DM,,,10,20,169,10000,0.0,yes,0.035,0.9111475905555232
10711,0.5696558744399822,0.910864796049653,0.34120892160967076,Diff-Means(burn-in=0.0),DM,,,10,20,169,10000,0.0,yes,0.035,0.9111475905555232
10712,0.5752752704734349,0.9182929883107236,0.34301771783728874,Diff-Means(burn-in=0.0),DM,,,10,20,169,10000,0.0,yes,0.035,0.9111475905555232
10713,0.5756923758594397,0.9210060980704872,0.3453137222110475,Diff-Means(burn-in=0.0),DM,,,10,20,169,10000,0.0,yes,0.035,0.9111475905555232
10714,0.5696747207672862,0.9188578349520151,0.3491831141847289,Diff-Means(burn-in=0.0),DM,,,10,20,169,10000,0.0,yes,0.035,0.9111475905555232
10715,0.57338169185589,0.9161841838654113,0.3428024920095213,Diff-Means(burn-in=0.0),DM,,,10,20,169,10000,0.0,yes,0.035,0.9111475905555232
10716,0.5738260629665128,0.921413813238982,0.34758775027246913,Diff-Means(burn-in=0.0),DM,,,10,20,169,10000,0.0,yes,0.035,0.9111475905555232
10717,0.5713415947753501,0.9125497864152619,0.3412081916399118,Diff-Means(burn-in=0.0),DM,,,10,20,169,10000,0.0,yes,0.035,0.9111475905555232
10718,0.5732007166388063,0.911707496970107,0.33850678033130066,Diff-Means(burn-in=0.0),DM,,,10,20,169,10000,0.0,yes,0.035,0.9111475905555232
10719,0.574287687591055,0.9167329943042669,0.34244530671321194,Diff-Means(burn-in=0.0),DM,,,10,20,169,10000,0.0,yes,0.035,0.9111475905555232
10720,0.57044560017475,0.9336141261449187,0.3631685259701687,Diff-Means(burn-in=0.0),DM,,,10,20,169,10000,0.0,yes,0.035,0.9111475905555232
10721,0.5678434071111816,0.916937882015138,0.3490944749039564,Diff-Means(burn-in=0.0),DM,,,10,20,169,10000,0.0,yes,0.035,0.9111475905555232
10722,0.5724006655427838,0.9203896520601594,0.34798898651737564,Diff-Means(burn-in=0.0),DM,,,10,20,169,10000,0.0,yes,0.035,0.9111475905555232
10723,0.5753109103914836,0.9221917684819222,0.34688085809043856,Diff-Means(burn-in=0.0),DM,,,10,20,169,10000,0.0,yes,0.035,0.9111475905555232
10724,0.570648663598301,0.9189650046783852,0.34831634108008414,Diff-Means(burn-in=0.0),DM,,,10,20,169,10000,0.0,yes,0.035,0.9111475905555232
10725,0.5711517057003924,0.9206090153840156,0.3494573096836232,Diff-Means(burn-in=0.0),DM,,,10,20,169,10000,0.0,yes,0.035,0.9111475905555232
10726,0.5693425491005493,0.9209837634041219,0.35164121430357265,Diff-Means(burn-in=0.0),DM,,,10,20,169,10000,0.0,yes,0.035,0.9111475905555232
10727,0.5698480407509435,0.9238668862831346,0.3540188455321911,Diff-Means(burn-in=0.0),DM,,,10,20,169,10000,0.0,yes,0.035,0.9111475905555232
10728,0.5737607912049223,0.9228419967810593,0.349081205576137,Diff-Means(burn-in=0.0),DM,,,10,20,169,10000,0.0,yes,0.035,0.9111475905555232
10729,0.5675133635368577,0.9062084768899162,0.3386951133530586,Diff-Means(burn-in=0.0),DM,,,10,20,169,10000,0.0,yes,0.035,0.9111475905555232
10730,0.5727016382651493,0.9099436795654536,0.33724204130030433,Diff-Means(burn-in=0.0),DM,,,10,20,169,10000,0.0,yes,0.035,0.9111475905555232
10731,0.5690300582474306,0.9068850810299667,0.3378550227825361,Diff-Means(burn-in=0.0),DM,,,10,20,169,10000,0.0,yes,0.035,0.9111475905555232
10732,0.572287324595394,0.9152478446326047,0.34296052003721067,Diff-Means(burn-in=0.0),DM,,,10,20,169,10000,0.0,yes,0.035,0.9111475905555232
10733,0.5699816073823607,0.914032844772842,0.34405123739048127,Diff-Means(burn-in=0.0),DM,,,10,20,169,10000,0.0,yes,0.035,0.9111475905555232
10734,0.5704635033966624,0.9166955348324057,0.3462320314357433,Diff-Means(burn-in=0.0),DM,,,10,20,169,10000,0.0,yes,0.035,0.9111475905555232
10735,0.5700382096867393,0.9185661381000106,0.3485279284132713,Diff-Means(burn-in=0.0),DM,,,10,20,169,10000,0.0,yes,0.035,0.9111475905555232
10736,0.5707028730799831,0.9092012633813522,0.3384983903013691,Diff-Means(burn-in=0.0),DM,,,10,20,169,10000,0.0,yes,0.035,0.9111475905555232
10737,0.569572734467739,0.9092322823397774,0.33965954787203834,Diff-Means(burn-in=0.0),DM,,,10,20,169,10000,0.0,yes,0.035,0.9111475905555232
10738,0.5700195758870928,0.9123885919873786,0.3423690161002858,Diff-Means(burn-in=0.0),DM,,,10,20,169,10000,0.0,yes,0.035,0.9111475905555232
10739,0.5692718718815253,0.9155710726708962,0.34629920078937093,Diff-Means(burn-in=0.0),DM,,,10,20,169,10000,0.0,yes,0.035,0.9111475905555232
10740,0.5719954577521897,0.9238322291856662,0.35183677143347647,Diff-Means(burn-in=0.0),DM,,,10,20,169,10000,0.0,yes,0.035,0.9111475905555232
10741,0.5705520561863145,0.9135676891141573,0.34301563292784276,Diff-Means(burn-in=0.0),DM,,,10,20,169,10000,0.0,yes,0.035,0.9111475905555232
10742,0.5697704806618783,0.9062920768494005,0.3365215961875222,Diff-Means(burn-in=0.0),DM,,,10,20,169,10000,0.0,yes,0.035,0.9111475905555232
10743,0.5720694005408298,0.9173837233368438,0.34531432279601404,Diff-Means(burn-in=0.0),DM,,,10,20,169,10000,0.0,yes,0.035,0.9111475905555232
10744,0.5700064852484938,0.9195898335861431,0.34958334833764926,Diff-Means(burn-in=0.0),DM,,,10,20,169,10000,0.0,yes,0.035,0.9111475905555232
10745,0.5701595140120391,0.9185720305261499,0.34841251651411076,Diff-Means(burn-in=0.0),DM,,,10,20,169,10000,0.0,yes,0.035,0.9111475905555232
10746,0.569227910288358,0.9184049716932565,0.34917706140489857,Diff-Means(burn-in=0.0),DM,,,10,20,169,10000,0.0,yes,0.035,0.9111475905555232
10747,0.5710930307662144,0.9217693862382523,0.3506763554720379,Diff-Means(burn-in=0.0),DM,,,10,20,169,10000,0.0,yes,0.035,0.9111475905555232
10748,0.5722581992678804,0.9176671303476815,0.3454089310798012,Diff-Means(burn-in=0.0),DM,,,10,20,169,10000,0.0,yes,0.035,0.9111475905555232
10749,0.5699409737896423,0.9177175449248394,0.3477765711351971,Diff-Means(burn-in=0.0),DM,,,10,20,169,10000,0.0,yes,0.035,0.9111475905555232
10750,0.5719296172562113,0.920853612211948,0.34892399495573667,Diff-Means(burn-in=0.0),DM,,,10,20,169,10000,0.0,yes,0.035,0.9111475905555232
10751,0.5727189904576316,0.910060512153873,0.3373415216962413,Diff-Means(burn-in=0.0),DM,,,10,20,169,10000,0.0,yes,0.035,0.9111475905555232
10752,0.5701825181248116,0.9194190479597558,0.34923652983494424,Diff-Means(burn-in=0.0),DM,,,10,20,169,10000,0.0,yes,0.035,0.9111475905555232
10753,0.5737339877408121,0.924381788523922,0.35064780078311,Diff-Means(burn-in=0.0),DM,,,10,20,169,10000,0.0,yes,0.035,0.9111475905555232
10754,0.5725579046106691,0.922366552047982,0.3498086474373129,Diff-Means(burn-in=0.0),DM,,,10,20,169,10000,0.0,yes,0.035,0.9111475905555232
10755,0.5698403563652651,0.9142677075827911,0.344427351217526,Diff-Means(burn-in=0.0),DM,,,10,20,169,10000,0.0,yes,0.035,0.9111475905555232
10756,0.5701806843745598,0.9154539880974633,0.34527330372290344,Diff-Means(burn-in=0.0),DM,,,10,20,169,10000,0.0,yes,0.035,0.9111475905555232
10757,0.5723994190655477,0.9182798194578243,0.34588040039227663,Diff-Means(burn-in=0.0),DM,,,10,20,169,10000,0.0,yes,0.035,0.9111475905555232
10758,0.573914373224263,0.9267202325697669,0.3528058593455039,Diff-Means(burn-in=0.0),DM,,,10,20,169,10000,0.0,yes,0.035,0.9111475905555232
10759,0.5721300925547834,0.9225245925627684,0.350394500007985,Diff-Means(burn-in=0.0),DM,,,10,20,169,10000,0.0,yes,0.035,0.9111475905555232
10760,0.5735198355502719,0.9197753647649185,0.34625552921464664,Diff-Means(burn-in=0.0),DM,,,10,20,169,10000,0.0,yes,0.035,0.9111475905555232
10761,0.5686887656377771,0.9095900598432768,0.34090129420549964,Diff-Means(burn-in=0.0),DM,,,10,20,169,10000,0.0,yes,0.035,0.9111475905555232
10762,0.5729449657252668,0.9144067539978227,0.3414617882725559,Diff-Means(burn-in=0.0),DM,,,10,20,169,10000,0.0,yes,0.035,0.9111475905555232
10763,0.568077479205188,0.9122789281016974,0.3442014488965094,Diff-Means(burn-in=0.0),DM,,,10,20,169,10000,0.0,yes,0.035,0.9111475905555232
10764,0.5697489922719983,0.910633614172868,0.34088462190086977,Diff-Means(burn-in=0.0),DM,,,10,20,169,10000,0.0,yes,0.035,0.9111475905555232
10765,0.5727941311881894,0.9116283704746395,0.33883423928645007,Diff-Means(burn-in=0.0),DM,,,10,20,169,10000,0.0,yes,0.035,0.9111475905555232
10766,0.5692720601581127,0.9193241884989233,0.35005212834081056,Diff-Means(burn-in=0.0),DM,,,10,20,169,10000,0.0,yes,0.035,0.9111475905555232
10767,0.570970564830705,0.915747590017152,0.34477702518644704,Diff-Means(burn-in=0.0),DM,,,10,20,169,10000,0.0,yes,0.035,0.9111475905555232
10768,0.5727404203021959,0.910434591725634,0.33769417142343816,Diff-Means(burn-in=0.0),DM,,,10,20,169,10000,0.0,yes,0.035,0.9111475905555232
10769,0.5713638028219274,0.917949727844102,0.34658592502217456,Diff-Means(burn-in=0.0),DM,,,10,20,169,10000,0.0,yes,0.035,0.9111475905555232
10770,0.5724251430087731,0.9187981160079463,0.34637297299917313,Diff-Means(burn-in=0.0),DM,,,10,20,169,10000,0.0,yes,0.035,0.9111475905555232
10771,0.572142260461016,0.9138682826375194,0.3417260221765034,Diff-Means(burn-in=0.0),DM,,,10,20,169,10000,0.0,yes,0.035,0.9111475905555232
10772,0.5679303446455208,0.9160181646600729,0.3480878200145521,Diff-Means(burn-in=0.0),DM,,,10,20,169,10000,0.0,yes,0.035,0.9111475905555232
10773,0.5738835370212966,0.9193792081741261,0.34549567115282953,Diff-Means(burn-in=0.0),DM,,,10,20,169,10000,0.0,yes,0.035,0.9111475905555232
10774,0.5713423366000879,0.9115521093477742,0.34020977274768627,Diff-Means(burn-in=0.0),DM,,,10,20,169,10000,0.0,yes,0.035,0.9111475905555232
10775,0.571845091841812,0.9180303550222828,0.3461852631804708,Diff-Means(burn-in=0.0),DM,,,10,20,169,10000,0.0,yes,0.035,0.9111475905555232
10776,0.5713995704138778,0.9173338925050227,0.34593432209114494,Diff-Means(burn-in=0.0),DM,,,10,20,169,10000,0.0,yes,0.035,0.9111475905555232
10777,0.572533980381903,0.9304347605352286,0.3579007801533256,Diff-Means(burn-in=0.0),DM,,,10,20,169,10000,0.0,yes,0.035,0.9111475905555232
10778,0.5684185225232633,0.9198742570918144,0.35145573456855106,Diff-Means(burn-in=0.0),DM,,,10,20,169,10000,0.0,yes,0.035,0.9111475905555232
10779,0.5687290805855433,0.9120131500872859,0.3432840695017426,Diff-Means(burn-in=0.0),DM,,,10,20,169,10000,0.0,yes,0.035,0.9111475905555232
10780,0.5696876251627427,0.923379050230918,0.3536914250681753,Diff-Means(burn-in=0.0),DM,,,10,20,169,10000,0.0,yes,0.035,0.9111475905555232
10781,0.5716172355038381,0.9144557736679904,0.3428385381641522,Diff-Means(burn-in=0.0),DM,,,10,20,169,10000,0.0,yes,0.035,0.9111475905555232
10782,0.573786487308317,0.912670475168642,0.3388839878603249,Diff-Means(burn-in=0.0),DM,,,10,20,169,10000,0.0,yes,0.035,0.9111475905555232
10783,0.5719457140843283,0.9216806263275116,0.3497349122431833,Diff-Means(burn-in=0.0),DM,,,10,20,169,10000,0.0,yes,0.035,0.9111475905555232
10784,0.5727111707113571,0.9207779564791073,0.3480667857677502,Diff-Means(burn-in=0.0),DM,,,10,20,169,10000,0.0,yes,0.035,0.9111475905555232
10785,0.5697761114253648,0.917302398418198,0.3475262869928333,Diff-Means(burn-in=0.0),DM,,,10,20,169,10000,0.0,yes,0.035,0.9111475905555232
10786,0.575182045090342,0.9171660856098119,0.34198404051946996,Diff-Means(burn-in=0.0),DM,,,10,20,169,10000,0.0,yes,0.035,0.9111475905555232
10787,0.5707036879209142,0.9253181339991193,0.35461444607820514,Diff-Means(burn-in=0.0),DM,,,10,20,169,10000,0.0,yes,0.035,0.9111475905555232
10788,0.5687828516242657,0.9202714911259853,0.3514886395017196,Diff-Means(burn-in=0.0),DM,,,10,20,169,10000,0.0,yes,0.035,0.9111475905555232
10789,0.5714985347468116,0.9207983994830463,0.34929986473623476,Diff-Means(burn-in=0.0),DM,,,10,20,169,10000,0.0,yes,0.035,0.9111475905555232
10790,0.5711496937626285,0.9196160143297222,0.3484663205670937,Diff-Means(burn-in=0.0),DM,,,10,20,169,10000,0.0,yes,0.035,0.9111475905555232
10791,0.5732086702562742,0.9191056877774814,0.34589701752120716,Diff-Means(burn-in=0.0),DM,,,10,20,169,10000,0.0,yes,0.035,0.9111475905555232
10792,0.572648985422228,0.9253495184965632,0.35270053307433524,Diff-Means(burn-in=0.0),DM,,,10,20,169,10000,0.0,yes,0.035,0.9111475905555232
10793,0.5734937800003357,0.9263290242680963,0.3528352442677606,Diff-Means(burn-in=0.0),DM,,,10,20,169,10000,0.0,yes,0.035,0.9111475905555232
10794,0.5728820191994286,0.9144737769336736,0.341591757734245,Diff-Means(burn-in=0.0),DM,,,10,20,169,10000,0.0,yes,0.035,0.9111475905555232
10795,0.5725678909669623,0.9119443127268428,0.3393764217598806,Diff-Means(burn-in=0.0),DM,,,10,20,169,10000,0.0,yes,0.035,0.9111475905555232
10796,0.5709452780017973,0.9171871823718192,0.3462419043700219,Diff-Means(burn-in=0.0),DM,,,10,20,169,10000,0.0,yes,0.035,0.9111475905555232
10797,0.5739825199989423,0.9158920849339917,0.3419095649350493,Diff-Means(burn-in=0.0),DM,,,10,20,169,10000,0.0,yes,0.035,0.9111475905555232
10798,0.5718933515540537,0.91265304528092,0.3407596937268662,Diff-Means(burn-in=0.0),DM,,,10,20,169,10000,0.0,yes,0.035,0.9111475905555232
10799,0.5725388005601302,0.928489231516162,0.35595043095603185,Diff-Means(burn-in=0.0),DM,,,10,20,169,10000,0.0,yes,0.035,0.9111475905555232
10800,0.569581751139277,0.9179466980831092,0.34836494694383224,Diff-Means(burn-in=0.0),DM,,,10,20,169,10000,0.0,yes,0.035,0.9111475905555232
10801,0.5717742620600308,0.9123904750621846,0.34061621300215383,Diff-Means(burn-in=0.0),DM,,,10,20,169,10000,0.0,yes,0.035,0.9111475905555232
10802,0.5704094595368223,0.9184006878091107,0.34799122827228834,Diff-Means(burn-in=0.0),DM,,,10,20,169,10000,0.0,yes,0.035,0.9111475905555232
10803,0.5690634346070105,0.9235641205566549,0.35450068594964446,Diff-Means(burn-in=0.0),DM,,,10,20,169,10000,0.0,yes,0.035,0.9111475905555232
10804,0.5723264734117962,0.9180267296880739,0.34570025627627765,Diff-Means(burn-in=0.0),DM,,,10,20,169,10000,0.0,yes,0.035,0.9111475905555232
10805,0.5717122378119315,0.9184639629239052,0.3467517251119737,Diff-Means(burn-in=0.0),DM,,,10,20,169,10000,0.0,yes,0.035,0.9111475905555232
10806,0.5713410717968708,0.9177467346102506,0.3464056628133798,Diff-Means(burn-in=0.0),DM,,,10,20,169,10000,0.0,yes,0.035,0.9111475905555232
10807,0.5754688265814085,0.9220118960145397,0.3465430694331312,Diff-Means(burn-in=0.0),DM,,,10,20,169,10000,0.0,yes,0.035,0.9111475905555232
10808,0.5715258941119308,0.9193236606826377,0.34779776657070693,Diff-Means(burn-in=0.0),DM,,,10,20,169,10000,0.0,yes,0.035,0.9111475905555232
10809,0.5698896935112661,0.9179858071348049,0.34809611362353887,Diff-Means(burn-in=0.0),DM,,,10,20,169,10000,0.0,yes,0.035,0.9111475905555232
10810,0.5705968397625433,0.9149653076471888,0.3443684678846455,Diff-Means(burn-in=0.0),DM,,,10,20,169,10000,0.0,yes,0.035,0.9111475905555232
10811,0.569991282264494,0.9077889303555695,0.3377976480910755,Diff-Means(burn-in=0.0),DM,,,10,20,169,10000,0.0,yes,0.035,0.9111475905555232
10812,0.5724028900765421,0.9191453978733772,0.34674250779683513,Diff-Means(burn-in=0.0),DM,,,10,20,169,10000,0.0,yes,0.035,0.9111475905555232
10813,0.5725228049373754,0.9166807643585778,0.3441579594212024,Diff-Means(burn-in=0.0),DM,,,10,20,169,10000,0.0,yes,0.035,0.9111475905555232
10814,0.568176529598408,0.9204508223158046,0.3522742927173965,Diff-Means(burn-in=0.0),DM,,,10,20,169,10000,0.0,yes,0.035,0.9111475905555232
10815,0.5709887256798803,0.9174358357740817,0.34644711009420137,Diff-Means(burn-in=0.0),DM,,,10,20,169,10000,0.0,yes,0.035,0.9111475905555232
10816,0.5685910240946438,0.9082946979818614,0.33970367388721756,Diff-Means(burn-in=0.0),DM,,,10,20,169,10000,0.0,yes,0.035,0.9111475905555232
10817,0.5689780576840463,0.9083143550608442,0.33933629737679794,Diff-Means(burn-in=0.0),DM,,,10,20,169,10000,0.0,yes,0.035,0.9111475905555232
10818,0.5703867493279711,0.9122794241816123,0.3418926748536413,Diff-Means(burn-in=0.0),DM,,,10,20,169,10000,0.0,yes,0.035,0.9111475905555232
10819,0.5721443222950073,0.915181191127985,0.3430368688329777,Diff-Means(burn-in=0.0),DM,,,10,20,169,10000,0.0,yes,0.035,0.9111475905555232
10820,0.5680797357660934,0.916715641069718,0.34863590530362465,Diff-Means(burn-in=0.0),DM,,,10,20,169,10000,0.0,yes,0.035,0.9111475905555232
10821,0.5748660371707324,0.9177099433851823,0.34284390621444993,Diff-Means(burn-in=0.0),DM,,,10,20,169,10000,0.0,yes,0.035,0.9111475905555232
10822,0.575290894671974,0.9240885357478938,0.3487976410759198,Diff-Means(burn-in=0.0),DM,,,10,20,169,10000,0.0,yes,0.035,0.9111475905555232
10823,0.5716710795596389,0.9328628631892354,0.3611917836295965,Diff-Means(burn-in=0.0),DM,,,10,20,169,10000,0.0,yes,0.035,0.9111475905555232
10824,0.5697130854667478,0.9111179715207566,0.34140488605400876,Diff-Means(burn-in=0.0),DM,,,10,20,169,10000,0.0,yes,0.035,0.9111475905555232
10825,0.5746813173445546,0.9066769310602321,0.33199561371567743,Diff-Means(burn-in=0.0),DM,,,10,20,169,10000,0.0,yes,0.035,0.9111475905555232
10826,0.5680493867729015,0.9027609283247132,0.3347115415518117,Diff-Means(burn-in=0.0),DM,,,10,20,169,10000,0.0,yes,0.035,0.9111475905555232
10827,0.5741086792606026,0.9136521218116186,0.339543442551016,Diff-Means(burn-in=0.0),DM,,,10,20,169,10000,0.0,yes,0.035,0.9111475905555232
10828,0.5686246603037083,0.9202845282737454,0.3516598679700371,Diff-Means(burn-in=0.0),DM,,,10,20,169,10000,0.0,yes,0.035,0.9111475905555232
10829,0.5686241134924609,0.9188847537397162,0.35026064024725534,Diff-Means(burn-in=0.0),DM,,,10,20,169,10000,0.0,yes,0.035,0.9111475905555232
10830,0.5684992284650565,0.9114421146160818,0.3429428861510253,Diff-Means(burn-in=0.0),DM,,,10,20,169,10000,0.0,yes,0.035,0.9111475905555232
10831,0.5709343228928802,0.9077266696882387,0.3367923467953585,Diff-Means(burn-in=0.0),DM,,,10,20,169,10000,0.0,yes,0.035,0.9111475905555232
10832,0.5698877588212907,0.9184865281423442,0.3485987693210535,Diff-Means(burn-in=0.0),DM,,,10,20,169,10000,0.0,yes,0.035,0.9111475905555232
10833,0.5759661014095148,0.9245214292849354,0.34855532787542065,Diff-Means(burn-in=0.0),DM,,,10,20,169,10000,0.0,yes,0.035,0.9111475905555232
10834,0.571046163875937,0.9203098176337013,0.34926365375776436,Diff-Means(burn-in=0.0),DM,,,10,20,169,10000,0.0,yes,0.035,0.9111475905555232
10835,0.5710000404741056,0.9194441005830494,0.3484440601089438,Diff-Means(burn-in=0.0),DM,,,10,20,169,10000,0.0,yes,0.035,0.9111475905555232
10836,0.5682306711454553,0.9093442046263259,0.3411135334808706,Diff-Means(burn-in=0.0),DM,,,10,20,169,10000,0.0,yes,0.035,0.9111475905555232
10837,0.5715954659507108,0.9162938670794388,0.34469840112872807,Diff-Means(burn-in=0.0),DM,,,10,20,169,10000,0.0,yes,0.035,0.9111475905555232
10838,0.570206063988957,0.9148739565761641,0.3446678925872071,Diff-Means(burn-in=0.0),DM,,,10,20,169,10000,0.0,yes,0.035,0.9111475905555232
10839,0.5706697028004545,0.910179138981424,0.3395094361809695,Diff-Means(burn-in=0.0),DM,,,10,20,169,10000,0.0,yes,0.035,0.9111475905555232
10840,0.5676151000247471,0.9134380875327448,0.34582298750799767,Diff-Means(burn-in=0.0),DM,,,10,20,169,10000,0.0,yes,0.035,0.9111475905555232
10841,0.5701680470943118,0.9160517507153022,0.3458837036209904,Diff-Means(burn-in=0.0),DM,,,10,20,169,10000,0.0,yes,0.035,0.9111475905555232
10842,0.5751379204069137,0.918080491847268,0.34294257144035434,Diff-Means(burn-in=0.0),DM,,,10,20,169,10000,0.0,yes,0.035,0.9111475905555232
10843,0.5709517367896387,0.9078082663000208,0.33685652951038203,Diff-Means(burn-in=0.0),DM,,,10,20,169,10000,0.0,yes,0.035,0.9111475905555232
10844,0.5693704482924613,0.9257476742034574,0.3563772259109961,Diff-Means(burn-in=0.0),DM,,,10,20,169,10000,0.0,yes,0.035,0.9111475905555232
10845,0.572419832034987,0.9126222448601773,0.34020241282519026,Diff-Means(burn-in=0.0),DM,,,10,20,169,10000,0.0,yes,0.035,0.9111475905555232
10846,0.5698339091651933,0.9068395719189607,0.3370056627537674,Diff-Means(burn-in=0.0),DM,,,10,20,169,10000,0.0,yes,0.035,0.9111475905555232
10847,0.5710160766210794,0.9218360571859113,0.3508199805648319,Diff-Means(burn-in=0.0),DM,,,10,20,169,10000,0.0,yes,0.035,0.9111475905555232
10848,0.5687301986673425,0.9095704207137777,0.34084022204643516,Diff-Means(burn-in=0.0),DM,,,10,20,169,10000,0.0,yes,0.035,0.9111475905555232
10849,0.5714384197424113,0.9152986218893652,0.3438602021469539,Diff-Means(burn-in=0.0),DM,,,10,20,169,10000,0.0,yes,0.035,0.9111475905555232
10850,0.573842479384636,0.9211865564238125,0.3473440770391766,Diff-Means(burn-in=0.0),DM,,,10,20,169,10000,0.0,yes,0.035,0.9111475905555232
10851,0.5712981780286704,0.9144665283469056,0.3431683503182351,Diff-Means(burn-in=0.0),DM,,,10,20,169,10000,0.0,yes,0.035,0.9111475905555232
10852,0.5720056374218115,0.920402667548829,0.3483970301270175,Diff-Means(burn-in=0.0),DM,,,10,20,169,10000,0.0,yes,0.035,0.9111475905555232
10853,0.5705737879052356,0.9175243343384061,0.34695054643317047,Diff-Means(burn-in=0.0),DM,,,10,20,169,10000,0.0,yes,0.035,0.9111475905555232
10854,0.5673543530178812,0.9014605438816685,0.33410619086378734,Diff-Means(burn-in=0.0),DM,,,10,20,169,10000,0.0,yes,0.035,0.9111475905555232
10855,0.5703548156393377,0.9116232055951269,0.34126838995578923,Diff-Means(burn-in=0.0),DM,,,10,20,169,10000,0.0,yes,0.035,0.9111475905555232
10856,0.5717640668931773,0.9306240936849399,0.35886002679176265,Diff-Means(burn-in=0.0),DM,,,10,20,169,10000,0.0,yes,0.035,0.9111475905555232
10857,0.5745684745084786,0.9265149770151673,0.3519465025066887,Diff-Means(burn-in=0.0),DM,,,10,20,169,10000,0.0,yes,0.035,0.9111475905555232
10858,0.5734189609136354,0.9194454947698774,0.34602653385624194,Diff-Means(burn-in=0.0),DM,,,10,20,169,10000,0.0,yes,0.035,0.9111475905555232
10859,0.5704357889383601,0.9173178593459195,0.34688207040755936,Diff-Means(burn-in=0.0),DM,,,10,20,169,10000,0.0,yes,0.035,0.9111475905555232
10860,0.5708387342551754,0.9107674547512816,0.33992872049610623,Diff-Means(burn-in=0.0),DM,,,10,20,169,10000,0.0,yes,0.035,0.9111475905555232
10861,0.571583853882644,0.926500993868385,0.35491713998574104,Diff-Means(burn-in=0.0),DM,,,10,20,169,10000,0.0,yes,0.035,0.9111475905555232
10862,0.5727952452304133,0.9233764706544398,0.3505812254240266,Diff-Means(burn-in=0.0),DM,,,10,20,169,10000,0.0,yes,0.035,0.9111475905555232
10863,0.5681172681867033,0.906112718708682,0.33799545052197877,Diff-Means(burn-in=0.0),DM,,,10,20,169,10000,0.0,yes,0.035,0.9111475905555232
10864,0.5713579368576444,0.9178887636760455,0.3465308268184012,Diff-Means(burn-in=0.0),DM,,,10,20,169,10000,0.0,yes,0.035,0.9111475905555232
10865,0.5737083857559335,0.9195950422616351,0.3458866565057016,Diff-Means(burn-in=0.0),DM,,,10,20,169,10000,0.0,yes,0.035,0.9111475905555232
10866,0.5770688636674567,0.9205759297310989,0.34350706606364223,Diff-Means(burn-in=0.0),DM,,,10,20,169,10000,0.0,yes,0.035,0.9111475905555232
10867,0.5746580623313635,0.9128615702064715,0.338203507875108,Diff-Means(burn-in=0.0),DM,,,10,20,169,10000,0.0,yes,0.035,0.9111475905555232
10868,0.5741530461622983,0.9268441939360758,0.3526911477737774,Diff-Means(burn-in=0.0),DM,,,10,20,169,10000,0.0,yes,0.035,0.9111475905555232
10869,0.5719259999906875,0.9123498996744727,0.34042389968378517,Diff-Means(burn-in=0.0),DM,,,10,20,169,10000,0.0,yes,0.035,0.9111475905555232
10870,0.5697919069403237,0.9142414672686273,0.34444956032830365,Diff-Means(burn-in=0.0),DM,,,10,20,169,10000,0.0,yes,0.035,0.9111475905555232
10871,0.5706205712255525,0.9152895533188918,0.3446689820933393,Diff-Means(burn-in=0.0),DM,,,10,20,169,10000,0.0,yes,0.035,0.9111475905555232
10872,0.5695664439771527,0.9212075609134904,0.3516411169363377,Diff-Means(burn-in=0.0),DM,,,10,20,169,10000,0.0,yes,0.035,0.9111475905555232
10873,0.5713259647863906,0.9142366991830022,0.34291073439661157,Diff-Means(burn-in=0.0),DM,,,10,20,169,10000,0.0,yes,0.035,0.9111475905555232
10874,0.5706768088616823,0.9225041889158389,0.3518273800541566,Diff-Means(burn-in=0.0),DM,,,10,20,169,10000,0.0,yes,0.035,0.9111475905555232
10875,0.571017484956283,0.9142653507581668,0.3432478658018838,Diff-Means(burn-in=0.0),DM,,,10,20,169,10000,0.0,yes,0.035,0.9111475905555232
10876,0.5677194798556476,0.9053098202342788,0.3375903403786311,Diff-Means(burn-in=0.0),DM,,,10,20,169,10000,0.0,yes,0.035,0.9111475905555232
10877,0.5706096650195713,0.9246369243462773,0.354027259326706,Diff-Means(burn-in=0.0),DM,,,10,20,169,10000,0.0,yes,0.035,0.9111475905555232
10878,0.5690146393060185,0.9057202953294489,0.3367056560234304,Diff-Means(burn-in=0.0),DM,,,10,20,169,10000,0.0,yes,0.035,0.9111475905555232
10879,0.5705063279136201,0.9106573390385972,0.34015101112497714,Diff-Means(burn-in=0.0),DM,,,10,20,169,10000,0.0,yes,0.035,0.9111475905555232
10880,0.5759226988397936,0.915084792168294,0.33916209332850034,Diff-Means(burn-in=0.0),DM,,,10,20,169,10000,0.0,yes,0.035,0.9111475905555232
10881,0.5684966685280091,0.9094128293428302,0.3409161608148211,Diff-Means(burn-in=0.0),DM,,,10,20,169,10000,0.0,yes,0.035,0.9111475905555232
10882,0.5729233863750045,0.9188944109235914,0.34597102454858686,Diff-Means(burn-in=0.0),DM,,,10,20,169,10000,0.0,yes,0.035,0.9111475905555232
10883,0.5743631809682572,0.9153239619640924,0.34096078099583516,Diff-Means(burn-in=0.0),DM,,,10,20,169,10000,0.0,yes,0.035,0.9111475905555232
10884,0.568471706194883,0.9187357082715397,0.35026400207665676,Diff-Means(burn-in=0.0),DM,,,10,20,169,10000,0.0,yes,0.035,0.9111475905555232
10885,0.5710530325878302,0.9155669071707886,0.34451387458295835,Diff-Means(burn-in=0.0),DM,,,10,20,169,10000,0.0,yes,0.035,0.9111475905555232
10886,0.5698401895205312,0.9186103758325681,0.34877018631203693,Diff-Means(burn-in=0.0),DM,,,10,20,169,10000,0.0,yes,0.035,0.9111475905555232
10887,0.5709160427310578,0.9137014453397734,0.3427854026087156,Diff-Means(burn-in=0.0),DM,,,10,20,169,10000,0.0,yes,0.035,0.9111475905555232
10888,0.5729254810885838,0.9275511563094585,0.35462567522087474,Diff-Means(burn-in=0.0),DM,,,10,20,169,10000,0.0,yes,0.035,0.9111475905555232
10889,0.5718183866445826,0.9101510988699668,0.3383327122253842,Diff-Means(burn-in=0.0),DM,,,10,20,169,10000,0.0,yes,0.035,0.9111475905555232
10890,0.5703431846396431,0.9076842606493596,0.3373410760097165,Diff-Means(burn-in=0.0),DM,,,10,20,169,10000,0.0,yes,0.035,0.9111475905555232
10891,0.5716500592138579,0.9217720815164446,0.3501220223025867,Diff-Means(burn-in=0.0),DM,,,10,20,169,10000,0.0,yes,0.035,0.9111475905555232
10892,0.5717394308904218,0.924685758559832,0.35294632766941025,Diff-Means(burn-in=0.0),DM,,,10,20,169,10000,0.0,yes,0.035,0.9111475905555232
10893,0.5733056887679144,0.9167938937621627,0.34348820499424826,Diff-Means(burn-in=0.0),DM,,,10,20,169,10000,0.0,yes,0.035,0.9111475905555232
10894,0.5722804728663575,0.9225603716590951,0.3502798987927376,Diff-Means(burn-in=0.0),DM,,,10,20,169,10000,0.0,yes,0.035,0.9111475905555232
10895,0.5720282291291865,0.9173527111106226,0.34532448198143606,Diff-Means(burn-in=0.0),DM,,,10,20,169,10000,0.0,yes,0.035,0.9111475905555232
10896,0.5709130348397754,0.9169796199112581,0.3460665850714827,Diff-Means(burn-in=0.0),DM,,,10,20,169,10000,0.0,yes,0.035,0.9111475905555232
10897,0.5712474227617539,0.9127023299214432,0.3414549071596893,Diff-Means(burn-in=0.0),DM,,,10,20,169,10000,0.0,yes,0.035,0.9111475905555232
10898,0.5715317764261302,0.9144766051294869,0.34294482870335674,Diff-Means(burn-in=0.0),DM,,,10,20,169,10000,0.0,yes,0.035,0.9111475905555232
10899,0.5720474562194008,0.921162019157325,0.3491145629379242,Diff-Means(burn-in=0.0),DM,,,10,20,169,10000,0.0,yes,0.035,0.9111475905555232
10900,0.5713218618359142,0.9286151793064024,0.3572933174704882,Diff-Means(burn-in=0.0),DM,,,10,20,169,10000,0.0,yes,0.035,0.9111475905555232
10901,0.5717139094247959,0.9112745910918127,0.3395606816670168,Diff-Means(burn-in=0.0),DM,,,10,20,169,10000,0.0,yes,0.035,0.9111475905555232
10902,0.5738530711981703,0.9185932221663613,0.344740150968191,Diff-Means(burn-in=0.0),DM,,,10,20,169,10000,0.0,yes,0.035,0.9111475905555232
10903,0.5705818615413629,0.9197996760850562,0.3492178145436933,Diff-Means(burn-in=0.0),DM,,,10,20,169,10000,0.0,yes,0.035,0.9111475905555232
10904,0.572277195243399,0.9139777165806724,0.34170052133727336,Diff-Means(burn-in=0.0),DM,,,10,20,169,10000,0.0,yes,0.035,0.9111475905555232
10905,0.5718257747002896,0.9249735369476453,0.35314776224735567,Diff-Means(burn-in=0.0),DM,,,10,20,169,10000,0.0,yes,0.035,0.9111475905555232
10906,0.5727285737808511,0.9171612103688664,0.3444326365880154,Diff-Means(burn-in=0.0),DM,,,10,20,169,10000,0.0,yes,0.035,0.9111475905555232
10907,0.5738843178302999,0.9141794314717836,0.3402951136414837,Diff-Means(burn-in=0.0),DM,,,10,20,169,10000,0.0,yes,0.035,0.9111475905555232
10908,0.5709158279930013,0.9130730162591801,0.3421571882661788,Diff-Means(burn-in=0.0),DM,,,10,20,169,10000,0.0,yes,0.035,0.9111475905555232
10909,0.5716378804621456,0.9129116544819269,0.3412737740197813,Diff-Means(burn-in=0.0),DM,,,10,20,169,10000,0.0,yes,0.035,0.9111475905555232
10910,0.5728567679916604,0.9080780680706471,0.33522130007898665,Diff-Means(burn-in=0.0),DM,,,10,20,169,10000,0.0,yes,0.035,0.9111475905555232
10911,0.5730740189883131,0.9140452628611758,0.3409712438728627,Diff-Means(burn-in=0.0),DM,,,10,20,169,10000,0.0,yes,0.035,0.9111475905555232
10912,0.5703886541223107,0.9186681284782791,0.3482794743559684,Diff-Means(burn-in=0.0),DM,,,10,20,169,10000,0.0,yes,0.035,0.9111475905555232
10913,0.5689108216268353,0.9147253313091729,0.3458145096823376,Diff-Means(burn-in=0.0),DM,,,10,20,169,10000,0.0,yes,0.035,0.9111475905555232
10914,0.5707740471202147,0.91949527775203,0.34872123063181526,Diff-Means(burn-in=0.0),DM,,,10,20,169,10000,0.0,yes,0.035,0.9111475905555232
10915,0.5727408663523821,0.9230133804098106,0.35027251405742854,Diff-Means(burn-in=0.0),DM,,,10,20,169,10000,0.0,yes,0.035,0.9111475905555232
10916,0.570035590536286,0.9178432586460491,0.34780766810976305,Diff-Means(burn-in=0.0),DM,,,10,20,169,10000,0.0,yes,0.035,0.9111475905555232
10917,0.5740329898371536,0.9171215876933938,0.34308859785624024,Diff-Means(burn-in=0.0),DM,,,10,20,169,10000,0.0,yes,0.035,0.9111475905555232
10918,0.5719385744072212,0.9211781684191453,0.34923959401192417,Diff-Means(burn-in=0.0),DM,,,10,20,169,10000,0.0,yes,0.035,0.9111475905555232
10919,0.5702637121337089,0.9134085632013739,0.343144851067665,Diff-Means(burn-in=0.0),DM,,,10,20,169,10000,0.0,yes,0.035,0.9111475905555232
10920,0.5780752072858442,0.9298451580551038,0.35176995076925965,Diff-Means(burn-in=0.0),DM,,,10,20,169,10000,0.0,yes,0.035,0.9111475905555232
10921,0.5741630621444221,0.9192057843486788,0.3450427222042567,Diff-Means(burn-in=0.0),DM,,,10,20,169,10000,0.0,yes,0.035,0.9111475905555232
10922,0.5760519602607015,0.9188555427067696,0.3428035824460681,Diff-Means(burn-in=0.0),DM,,,10,20,169,10000,0.0,yes,0.035,0.9111475905555232
10923,0.5704197101986761,0.9180021408601723,0.3475824306614962,Diff-Means(burn-in=0.0),DM,,,10,20,169,10000,0.0,yes,0.035,0.9111475905555232
10924,0.5749167427755468,0.9224735972586454,0.3475568544830986,Diff-Means(burn-in=0.0),DM,,,10,20,169,10000,0.0,yes,0.035,0.9111475905555232
10925,0.5729123204204756,0.9205959501807772,0.34768362976030165,Diff-Means(burn-in=0.0),DM,,,10,20,169,10000,0.0,yes,0.035,0.9111475905555232
10926,0.5692350860309567,0.9167369746724777,0.347501888641521,Diff-Means(burn-in=0.0),DM,,,10,20,169,10000,0.0,yes,0.035,0.9111475905555232
10927,0.5669294748014291,0.9050490370626202,0.3381195622611911,Diff-Means(burn-in=0.0),DM,,,10,20,169,10000,0.0,yes,0.035,0.9111475905555232
10928,0.5694721219988947,0.9102582171308875,0.34078609513199276,Diff-Means(burn-in=0.0),DM,,,10,20,169,10000,0.0,yes,0.035,0.9111475905555232
10929,0.5718800296024337,0.9180932338729799,0.34621320427054625,Diff-Means(burn-in=0.0),DM,,,10,20,169,10000,0.0,yes,0.035,0.9111475905555232
10930,0.5691216525742046,0.9203000386765632,0.35117838610235863,Diff-Means(burn-in=0.0),DM,,,10,20,169,10000,0.0,yes,0.035,0.9111475905555232
10931,0.5722363910201992,0.9119836227588352,0.33974723173863597,Diff-Means(burn-in=0.0),DM,,,10,20,169,10000,0.0,yes,0.035,0.9111475905555232
10932,0.5724364617641763,0.9177822814415774,0.3453458196774011,Diff-Means(burn-in=0.0),DM,,,10,20,169,10000,0.0,yes,0.035,0.9111475905555232
10933,0.5709411808411482,0.9158093656476688,0.3448681848065206,Diff-Means(burn-in=0.0),DM,,,10,20,169,10000,0.0,yes,0.035,0.9111475905555232
10934,0.57327286159102,0.9233375513729432,0.3500646897819232,Diff-Means(burn-in=0.0),DM,,,10,20,169,10000,0.0,yes,0.035,0.9111475905555232
10935,0.5685019094211756,0.9158548297281917,0.34735292030701603,Diff-Means(burn-in=0.0),DM,,,10,20,169,10000,0.0,yes,0.035,0.9111475905555232
10936,0.5720766005310511,0.9109037223030272,0.33882712177197605,Diff-Means(burn-in=0.0),DM,,,10,20,169,10000,0.0,yes,0.035,0.9111475905555232
10937,0.5705936901101696,0.9100595929629621,0.33946590285279254,Diff-Means(burn-in=0.0),DM,,,10,20,169,10000,0.0,yes,0.035,0.9111475905555232
10938,0.5680535094874258,0.9201488326270604,0.35209532313963454,Diff-Means(burn-in=0.0),DM,,,10,20,169,10000,0.0,yes,0.035,0.9111475905555232
10939,0.5750543036774545,0.9207974120704393,0.34574310839298483,Diff-Means(burn-in=0.0),DM,,,10,20,169,10000,0.0,yes,0.035,0.9111475905555232
10940,0.5700453446090576,0.9165497032723385,0.3465043586632809,Diff-Means(burn-in=0.0),DM,,,10,20,169,10000,0.0,yes,0.035,0.9111475905555232
10941,0.5698488811418774,0.9085135407449024,0.33866465960302505,Diff-Means(burn-in=0.0),DM,,,10,20,169,10000,0.0,yes,0.035,0.9111475905555232
10942,0.5711862536332143,0.9196618417990059,0.3484755881657916,Diff-Means(burn-in=0.0),DM,,,10,20,169,10000,0.0,yes,0.035,0.9111475905555232
10943,0.5717839637439819,0.9119751407524268,0.3401911770084449,Diff-Means(burn-in=0.0),DM,,,10,20,169,10000,0.0,yes,0.035,0.9111475905555232
10944,0.5684141364442594,0.9176597569653625,0.3492456205211031,Diff-Means(burn-in=0.0),DM,,,10,20,169,10000,0.0,yes,0.035,0.9111475905555232
10945,0.5693635963787517,0.9050301961053365,0.33566659972658486,Diff-Means(burn-in=0.0),DM,,,10,20,169,10000,0.0,yes,0.035,0.9111475905555232
10946,0.5705614954706835,0.9174387400866244,0.34687724461594094,Diff-Means(burn-in=0.0),DM,,,10,20,169,10000,0.0,yes,0.035,0.9111475905555232
10947,0.5705825226263584,0.9097628450347742,0.3391803224084158,Diff-Means(burn-in=0.0),DM,,,10,20,169,10000,0.0,yes,0.035,0.9111475905555232
10948,0.5683448222461283,0.9217637755714932,0.353418953325365,Diff-Means(burn-in=0.0),DM,,,10,20,169,10000,0.0,yes,0.035,0.9111475905555232
10949,0.5698923613642503,0.9171631606419831,0.34727079927773286,Diff-Means(burn-in=0.0),DM,,,10,20,169,10000,0.0,yes,0.035,0.9111475905555232
10950,0.5718811946116623,0.9217582404267105,0.3498770458150482,Diff-Means(burn-in=0.0),DM,,,10,20,169,10000,0.0,yes,0.035,0.9111475905555232
10951,0.5728766876313219,0.9226324836652381,0.34975579603391616,Diff-Means(burn-in=0.0),DM,,,10,20,169,10000,0.0,yes,0.035,0.9111475905555232
10952,0.5703514821157023,0.9189273321931262,0.34857585007742387,Diff-Means(burn-in=0.0),DM,,,10,20,169,10000,0.0,yes,0.035,0.9111475905555232
10953,0.5731068741185587,0.9128981036083189,0.33979122948976026,Diff-Means(burn-in=0.0),DM,,,10,20,169,10000,0.0,yes,0.035,0.9111475905555232
10954,0.5675835747736651,0.9114946055488193,0.3439110307751543,Diff-Means(burn-in=0.0),DM,,,10,20,169,10000,0.0,yes,0.035,0.9111475905555232
10955,0.5720165502435577,0.913772680030187,0.3417561297866293,Diff-Means(burn-in=0.0),DM,,,10,20,169,10000,0.0,yes,0.035,0.9111475905555232
10956,0.5693288671759945,0.9211497415052142,0.3518208743292197,Diff-Means(burn-in=0.0),DM,,,10,20,169,10000,0.0,yes,0.035,0.9111475905555232
10957,0.5703013448118474,0.9113532717572992,0.34105192694545183,Diff-Means(burn-in=0.0),DM,,,10,20,169,10000,0.0,yes,0.035,0.9111475905555232
10958,0.5718011795132935,0.9196266305732526,0.3478254510599591,Diff-Means(burn-in=0.0),DM,,,10,20,169,10000,0.0,yes,0.035,0.9111475905555232
10959,0.5748935155857523,0.9214114424021836,0.34651792681643134,Diff-Means(burn-in=0.0),DM,,,10,20,169,10000,0.0,yes,0.035,0.9111475905555232
10960,0.5722928574930117,0.9198854855356927,0.347592628042681,Diff-Means(burn-in=0.0),DM,,,10,20,169,10000,0.0,yes,0.035,0.9111475905555232
10961,0.5702882817107411,0.9198235433385802,0.3495352616278391,Diff-Means(burn-in=0.0),DM,,,10,20,169,10000,0.0,yes,0.035,0.9111475905555232
10962,0.5732769321301018,0.9172885146898702,0.3440115825597684,Diff-Means(burn-in=0.0),DM,,,10,20,169,10000,0.0,yes,0.035,0.9111475905555232
10963,0.5700755706044984,0.9068468144815895,0.3367712438770911,Diff-Means(burn-in=0.0),DM,,,10,20,169,10000,0.0,yes,0.035,0.9111475905555232
10964,0.570199640080869,0.9077841784427169,0.3375845383618479,Diff-Means(burn-in=0.0),DM,,,10,20,169,10000,0.0,yes,0.035,0.9111475905555232
10965,0.5700958204914967,0.9127957050361407,0.34269988454464406,Diff-Means(burn-in=0.0),DM,,,10,20,169,10000,0.0,yes,0.035,0.9111475905555232
10966,0.5681759644197281,0.916549460101338,0.3483734956816099,Diff-Means(burn-in=0.0),DM,,,10,20,169,10000,0.0,yes,0.035,0.9111475905555232
10967,0.5759544004492112,0.9238372005915098,0.34788280014229855,Diff-Means(burn-in=0.0),DM,,,10,20,169,10000,0.0,yes,0.035,0.9111475905555232
10968,0.5706764822492837,0.9181116259539019,0.34743514370461825,Diff-Means(burn-in=0.0),DM,,,10,20,169,10000,0.0,yes,0.035,0.9111475905555232
10969,0.5727646911965583,0.9254559718753418,0.3526912806787835,Diff-Means(burn-in=0.0),DM,,,10,20,169,10000,0.0,yes,0.035,0.9111475905555232
10970,0.5699196316771606,0.9108707914413936,0.34095115976423296,Diff-Means(burn-in=0.0),DM,,,10,20,169,10000,0.0,yes,0.035,0.9111475905555232
10971,0.5699709005676455,0.9124925324956388,0.34252163192799323,Diff-Means(burn-in=0.0),DM,,,10,20,169,10000,0.0,yes,0.035,0.9111475905555232
10972,0.5701486520692197,0.9191063775386964,0.3489577254694767,Diff-Means(burn-in=0.0),DM,,,10,20,169,10000,0.0,yes,0.035,0.9111475905555232
10973,0.5729948738441099,0.9271491413328398,0.3541542674887299,Diff-Means(burn-in=0.0),DM,,,10,20,169,10000,0.0,yes,0.035,0.9111475905555232
10974,0.5744642701460646,0.919552100344898,0.3450878301988334,Diff-Means(burn-in=0.0),DM,,,10,20,169,10000,0.0,yes,0.035,0.9111475905555232
10975,0.5726500894944094,0.9214797256244668,0.34882963613005735,Diff-Means(burn-in=0.0),DM,,,10,20,169,10000,0.0,yes,0.035,0.9111475905555232
10976,0.5729054881207506,0.9184065350883438,0.3455010469675932,Diff-Means(burn-in=0.0),DM,,,10,20,169,10000,0.0,yes,0.035,0.9111475905555232
10977,0.5687836659503224,0.9124186615049132,0.34363499555459087,Diff-Means(burn-in=0.0),DM,,,10,20,169,10000,0.0,yes,0.035,0.9111475905555232
10978,0.5725132219252822,0.9173225809079872,0.34480935898270504,Diff-Means(burn-in=0.0),DM,,,10,20,169,10000,0.0,yes,0.035,0.9111475905555232
10979,0.5728212293389809,0.9093938080010752,0.3365725786620942,Diff-Means(burn-in=0.0),DM,,,10,20,169,10000,0.0,yes,0.035,0.9111475905555232
10980,0.5702954998038736,0.9102674750978483,0.3399719752939747,Diff-Means(burn-in=0.0),DM,,,10,20,169,10000,0.0,yes,0.035,0.9111475905555232
10981,0.5721129912416529,0.9198747424214462,0.34776175117979324,Diff-Means(burn-in=0.0),DM,,,10,20,169,10000,0.0,yes,0.035,0.9111475905555232
10982,0.5737328435216155,0.9164515237004935,0.3427186801788781,Diff-Means(burn-in=0.0),DM,,,10,20,169,10000,0.0,yes,0.035,0.9111475905555232
10983,0.5683762987196992,0.907702805937053,0.3393265072173538,Diff-Means(burn-in=0.0),DM,,,10,20,169,10000,0.0,yes,0.035,0.9111475905555232
10984,0.5722350148875531,0.9132607770836406,0.3410257621960875,Diff-Means(burn-in=0.0),DM,,,10,20,169,10000,0.0,yes,0.035,0.9111475905555232
10985,0.5705553564825926,0.9151634929362787,0.34460813645368615,Diff-Means(burn-in=0.0),DM,,,10,20,169,10000,0.0,yes,0.035,0.9111475905555232
10986,0.5710409531465587,0.914915263951661,0.34387431080510233,Diff-Means(burn-in=0.0),DM,,,10,20,169,10000,0.0,yes,0.035,0.9111475905555232
10987,0.5691831079485062,0.9181959557908891,0.34901284784238285,Diff-Means(burn-in=0.0),DM,,,10,20,169,10000,0.0,yes,0.035,0.9111475905555232
10988,0.5732759174399406,0.9179448469985254,0.34466892955858486,Diff-Means(burn-in=0.0),DM,,,10,20,169,10000,0.0,yes,0.035,0.9111475905555232
10989,0.5701224747321185,0.9118216892616794,0.34169921452956087,Diff-Means(burn-in=0.0),DM,,,10,20,169,10000,0.0,yes,0.035,0.9111475905555232
10990,0.5722568539940529,0.9120186292703635,0.3397617752763106,Diff-Means(burn-in=0.0),DM,,,10,20,169,10000,0.0,yes,0.035,0.9111475905555232
10991,0.5708285035190328,0.9194180578145329,0.3485895542955001,Diff-Means(burn-in=0.0),DM,,,10,20,169,10000,0.0,yes,0.035,0.9111475905555232
10992,0.567218568089679,0.9144351901446134,0.3472166220549344,Diff-Means(burn-in=0.0),DM,,,10,20,169,10000,0.0,yes,0.035,0.9111475905555232
10993,0.5691888773708706,0.92033509557641,0.3511462182055394,Diff-Means(burn-in=0.0),DM,,,10,20,169,10000,0.0,yes,0.035,0.9111475905555232
10994,0.5682786078193722,0.9024164392974019,0.33413783147802967,Diff-Means(burn-in=0.0),DM,,,10,20,169,10000,0.0,yes,0.035,0.9111475905555232
10995,0.572250064998908,0.9112154973408256,0.33896543234191767,Diff-Means(burn-in=0.0),DM,,,10,20,169,10000,0.0,yes,0.035,0.9111475905555232
10996,0.5720886093647491,0.9173978766601327,0.3453092672953836,Diff-Means(burn-in=0.0),DM,,,10,20,169,10000,0.0,yes,0.035,0.9111475905555232
10997,0.5720743425364261,0.9214745200231187,0.3494001774866926,Diff-Means(burn-in=0.0),DM,,,10,20,169,10000,0.0,yes,0.035,0.9111475905555232
10998,0.5698389138981326,0.9149659383725199,0.34512702447438737,Diff-Means(burn-in=0.0),DM,,,10,20,169,10000,0.0,yes,0.035,0.9111475905555232
10999,0.5703843510430466,0.9085141791950597,0.3381298281520131,Diff-Means(burn-in=0.0),DM,,,10,20,169,10000,0.0,yes,0.035,0.9111475905555232
11000,0.5537815402325778,0.9216388609144353,0.3678573206818575,Diff-Means(burn-in=2.0),DM,,,10,20,169,10000,2.0,yes,0.035,0.9111475905555232
11001,0.5590662057923654,0.9335297419956421,0.37446353620327666,Diff-Means(burn-in=2.0),DM,,,10,20,169,10000,2.0,yes,0.035,0.9111475905555232
11002,0.5566521926142536,0.9296251500984776,0.372972957484224,Diff-Means(burn-in=2.0),DM,,,10,20,169,10000,2.0,yes,0.035,0.9111475905555232
11003,0.5578289519158605,0.9309026694453653,0.3730737175295048,Diff-Means(burn-in=2.0),DM,,,10,20,169,10000,2.0,yes,0.035,0.9111475905555232
11004,0.5618001033615186,0.938011341868798,0.37621123850727933,Diff-Means(burn-in=2.0),DM,,,10,20,169,10000,2.0,yes,0.035,0.9111475905555232
11005,0.5602689814048977,0.9411310993578854,0.38086211795298774,Diff-Means(burn-in=2.0),DM,,,10,20,169,10000,2.0,yes,0.035,0.9111475905555232
11006,0.5572681579369942,0.9241853533739054,0.36691719543691115,Diff-Means(burn-in=2.0),DM,,,10,20,169,10000,2.0,yes,0.035,0.9111475905555232
11007,0.5589729510686544,0.9349407345555032,0.3759677834868488,Diff-Means(burn-in=2.0),DM,,,10,20,169,10000,2.0,yes,0.035,0.9111475905555232
11008,0.5575570673481917,0.9302828241132671,0.37272575676507547,Diff-Means(burn-in=2.0),DM,,,10,20,169,10000,2.0,yes,0.035,0.9111475905555232
11009,0.5562125642633097,0.9329914148287111,0.3767788505654014,Diff-Means(burn-in=2.0),DM,,,10,20,169,10000,2.0,yes,0.035,0.9111475905555232
11010,0.5602604416814237,0.9219524217161609,0.3616919800347371,Diff-Means(burn-in=2.0),DM,,,10,20,169,10000,2.0,yes,0.035,0.9111475905555232
11011,0.5592064117701607,0.9331261019128528,0.3739196901426921,Diff-Means(burn-in=2.0),DM,,,10,20,169,10000,2.0,yes,0.035,0.9111475905555232
11012,0.5583575488083913,0.9209856688978354,0.3626281200894441,Diff-Means(burn-in=2.0),DM,,,10,20,169,10000,2.0,yes,0.035,0.9111475905555232
11013,0.5583409851493186,0.9279470429168809,0.3696060577675623,Diff-Means(burn-in=2.0),DM,,,10,20,169,10000,2.0,yes,0.035,0.9111475905555232
11014,0.5591084674271557,0.9283149953889307,0.369206527961775,Diff-Means(burn-in=2.0),DM,,,10,20,169,10000,2.0,yes,0.035,0.9111475905555232
11015,0.5570010954429012,0.9330022035007547,0.3760011080578535,Diff-Means(burn-in=2.0),DM,,,10,20,169,10000,2.0,yes,0.035,0.9111475905555232
11016,0.5537741014111804,0.9214554957455595,0.3676813943343791,Diff-Means(burn-in=2.0),DM,,,10,20,169,10000,2.0,yes,0.035,0.9111475905555232
11017,0.5596229216837165,0.9253346241490498,0.36571170246533324,Diff-Means(burn-in=2.0),DM,,,10,20,169,10000,2.0,yes,0.035,0.9111475905555232
11018,0.5580597186233104,0.9312591310749365,0.37319941245162613,Diff-Means(burn-in=2.0),DM,,,10,20,169,10000,2.0,yes,0.035,0.9111475905555232
11019,0.557583481560175,0.9286785235208871,0.3710950419607121,Diff-Means(burn-in=2.0),DM,,,10,20,169,10000,2.0,yes,0.035,0.9111475905555232
11020,0.5587657711719279,0.9285895673938552,0.3698237962219273,Diff-Means(burn-in=2.0),DM,,,10,20,169,10000,2.0,yes,0.035,0.9111475905555232
11021,0.5541829969651366,0.9327169497790094,0.3785339528138728,Diff-Means(burn-in=2.0),DM,,,10,20,169,10000,2.0,yes,0.035,0.9111475905555232
11022,0.5561750646387991,0.9235828421186314,0.36740777747983233,Diff-Means(burn-in=2.0),DM,,,10,20,169,10000,2.0,yes,0.035,0.9111475905555232
11023,0.5598852988553588,0.9313938476443693,0.3715085487890105,Diff-Means(burn-in=2.0),DM,,,10,20,169,10000,2.0,yes,0.035,0.9111475905555232
11024,0.5604446562611827,0.9200067099928871,0.35956205373170447,Diff-Means(burn-in=2.0),DM,,,10,20,169,10000,2.0,yes,0.035,0.9111475905555232
11025,0.558206651654022,0.9258713397543636,0.3676646881003417,Diff-Means(burn-in=2.0),DM,,,10,20,169,10000,2.0,yes,0.035,0.9111475905555232
11026,0.558207900564268,0.9271243376725093,0.3689164371082414,Diff-Means(burn-in=2.0),DM,,,10,20,169,10000,2.0,yes,0.035,0.9111475905555232
11027,0.5554639516749721,0.9243153106001409,0.36885135892516885,Diff-Means(burn-in=2.0),DM,,,10,20,169,10000,2.0,yes,0.035,0.9111475905555232
11028,0.5578885630018964,0.9204074407434146,0.36251887774151825,Diff-Means(burn-in=2.0),DM,,,10,20,169,10000,2.0,yes,0.035,0.9111475905555232
11029,0.5600053054524357,0.9295090831229169,0.36950377767048126,Diff-Means(burn-in=2.0),DM,,,10,20,169,10000,2.0,yes,0.035,0.9111475905555232
11030,0.5589235593598512,0.9099926360596663,0.35106907669981513,Diff-Means(burn-in=2.0),DM,,,10,20,169,10000,2.0,yes,0.035,0.9111475905555232
11031,0.5594401241293393,0.9269652367893514,0.3675251126600121,Diff-Means(burn-in=2.0),DM,,,10,20,169,10000,2.0,yes,0.035,0.9111475905555232
11032,0.5572420261711145,0.9337027013981362,0.37646067522702165,Diff-Means(burn-in=2.0),DM,,,10,20,169,10000,2.0,yes,0.035,0.9111475905555232
11033,0.5597446571760678,0.9230642079180394,0.36331955074197164,Diff-Means(burn-in=2.0),DM,,,10,20,169,10000,2.0,yes,0.035,0.9111475905555232
11034,0.5586063130013454,0.9350522721313544,0.376445959130009,Diff-Means(burn-in=2.0),DM,,,10,20,169,10000,2.0,yes,0.035,0.9111475905555232
11035,0.5561169509804768,0.927780392721507,0.3716634417410303,Diff-Means(burn-in=2.0),DM,,,10,20,169,10000,2.0,yes,0.035,0.9111475905555232
11036,0.5586087867290284,0.9337842005674712,0.3751754138384429,Diff-Means(burn-in=2.0),DM,,,10,20,169,10000,2.0,yes,0.035,0.9111475905555232
11037,0.5578591939371133,0.9340496454240885,0.3761904514869753,Diff-Means(burn-in=2.0),DM,,,10,20,169,10000,2.0,yes,0.035,0.9111475905555232
11038,0.5570974673309348,0.9327471173991229,0.37564965006818807,Diff-Means(burn-in=2.0),DM,,,10,20,169,10000,2.0,yes,0.035,0.9111475905555232
11039,0.5572838458266478,0.9276562408251162,0.3703723949984684,Diff-Means(burn-in=2.0),DM,,,10,20,169,10000,2.0,yes,0.035,0.9111475905555232
11040,0.5583066371794637,0.9243433974569136,0.3660367602774499,Diff-Means(burn-in=2.0),DM,,,10,20,169,10000,2.0,yes,0.035,0.9111475905555232
11041,0.5579692490397569,0.9284335414923123,0.3704642924525554,Diff-Means(burn-in=2.0),DM,,,10,20,169,10000,2.0,yes,0.035,0.9111475905555232
11042,0.5590178720501251,0.9369236944782943,0.37790582242816917,Diff-Means(burn-in=2.0),DM,,,10,20,169,10000,2.0,yes,0.035,0.9111475905555232
11043,0.5608681402054064,0.9341306269503491,0.37326248674494267,Diff-Means(burn-in=2.0),DM,,,10,20,169,10000,2.0,yes,0.035,0.9111475905555232
11044,0.5596372100051027,0.9266827889499774,0.36704557894487466,Diff-Means(burn-in=2.0),DM,,,10,20,169,10000,2.0,yes,0.035,0.9111475905555232
11045,0.5571054014466259,0.9390412972805222,0.3819358958338963,Diff-Means(burn-in=2.0),DM,,,10,20,169,10000,2.0,yes,0.035,0.9111475905555232
11046,0.5594286098543527,0.928442144344008,0.36901353448965524,Diff-Means(burn-in=2.0),DM,,,10,20,169,10000,2.0,yes,0.035,0.9111475905555232
11047,0.5567137465294306,0.9268020720054208,0.37008832547599013,Diff-Means(burn-in=2.0),DM,,,10,20,169,10000,2.0,yes,0.035,0.9111475905555232
11048,0.561515329923235,0.9364734490465495,0.37495811912331445,Diff-Means(burn-in=2.0),DM,,,10,20,169,10000,2.0,yes,0.035,0.9111475905555232
11049,0.5583057635027697,0.9239378563715102,0.36563209286874043,Diff-Means(burn-in=2.0),DM,,,10,20,169,10000,2.0,yes,0.035,0.9111475905555232
11050,0.5590110863570352,0.9361690958606577,0.37715800950362244,Diff-Means(burn-in=2.0),DM,,,10,20,169,10000,2.0,yes,0.035,0.9111475905555232
11051,0.5602987147157442,0.9393437689907392,0.379045054274995,Diff-Means(burn-in=2.0),DM,,,10,20,169,10000,2.0,yes,0.035,0.9111475905555232
11052,0.5567867515440568,0.9286693334094078,0.37188258186535106,Diff-Means(burn-in=2.0),DM,,,10,20,169,10000,2.0,yes,0.035,0.9111475905555232
11053,0.555008003272791,0.9233786675912772,0.3683706643184862,Diff-Means(burn-in=2.0),DM,,,10,20,169,10000,2.0,yes,0.035,0.9111475905555232
11054,0.5602797069681252,0.9289592825686291,0.3686795756005039,Diff-Means(burn-in=2.0),DM,,,10,20,169,10000,2.0,yes,0.035,0.9111475905555232
11055,0.5587310011351988,0.9225979849465655,0.36386698381136673,Diff-Means(burn-in=2.0),DM,,,10,20,169,10000,2.0,yes,0.035,0.9111475905555232
11056,0.5566424357047938,0.919436053080438,0.3627936173756442,Diff-Means(burn-in=2.0),DM,,,10,20,169,10000,2.0,yes,0.035,0.9111475905555232
11057,0.5569320457509223,0.9253397183632811,0.36840767261235885,Diff-Means(burn-in=2.0),DM,,,10,20,169,10000,2.0,yes,0.035,0.9111475905555232
11058,0.5573489948773803,0.9286283292703491,0.3712793343929688,Diff-Means(burn-in=2.0),DM,,,10,20,169,10000,2.0,yes,0.035,0.9111475905555232
11059,0.5568648952622147,0.9201250470176333,0.3632601517554186,Diff-Means(burn-in=2.0),DM,,,10,20,169,10000,2.0,yes,0.035,0.9111475905555232
11060,0.5566294587561591,0.9413703580603222,0.3847408993041631,Diff-Means(burn-in=2.0),DM,,,10,20,169,10000,2.0,yes,0.035,0.9111475905555232
11061,0.5576349945208,0.9192706167456175,0.3616356222248175,Diff-Means(burn-in=2.0),DM,,,10,20,169,10000,2.0,yes,0.035,0.9111475905555232
11062,0.5559407766963536,0.9257302711122423,0.3697894944158887,Diff-Means(burn-in=2.0),DM,,,10,20,169,10000,2.0,yes,0.035,0.9111475905555232
11063,0.5586229306884737,0.9247070995901282,0.3660841689016545,Diff-Means(burn-in=2.0),DM,,,10,20,169,10000,2.0,yes,0.035,0.9111475905555232
11064,0.5574429248289396,0.9387440081896992,0.3813010833607595,Diff-Means(burn-in=2.0),DM,,,10,20,169,10000,2.0,yes,0.035,0.9111475905555232
11065,0.5580976949520561,0.9268163357200564,0.3687186407680003,Diff-Means(burn-in=2.0),DM,,,10,20,169,10000,2.0,yes,0.035,0.9111475905555232
11066,0.5607374511505052,0.9378401759857042,0.377102724835199,Diff-Means(burn-in=2.0),DM,,,10,20,169,10000,2.0,yes,0.035,0.9111475905555232
11067,0.556591682735862,0.9236211004684564,0.36702941773259434,Diff-Means(burn-in=2.0),DM,,,10,20,169,10000,2.0,yes,0.035,0.9111475905555232
11068,0.5561992689514959,0.9281551034520825,0.37195583450058667,Diff-Means(burn-in=2.0),DM,,,10,20,169,10000,2.0,yes,0.035,0.9111475905555232
11069,0.5577751943548662,0.9317588014405107,0.3739836070856445,Diff-Means(burn-in=2.0),DM,,,10,20,169,10000,2.0,yes,0.035,0.9111475905555232
11070,0.5561803317137177,0.9325170630596807,0.376336731345963,Diff-Means(burn-in=2.0),DM,,,10,20,169,10000,2.0,yes,0.035,0.9111475905555232
11071,0.559064794316744,0.9296081696051086,0.37054337528836456,Diff-Means(burn-in=2.0),DM,,,10,20,169,10000,2.0,yes,0.035,0.9111475905555232
11072,0.5595143477858542,0.9389970362527547,0.3794826884669005,Diff-Means(burn-in=2.0),DM,,,10,20,169,10000,2.0,yes,0.035,0.9111475905555232
11073,0.5616996238022699,0.9326378383127492,0.37093821451047926,Diff-Means(burn-in=2.0),DM,,,10,20,169,10000,2.0,yes,0.035,0.9111475905555232
11074,0.5608931925262447,0.9275702812095593,0.3666770886833146,Diff-Means(burn-in=2.0),DM,,,10,20,169,10000,2.0,yes,0.035,0.9111475905555232
11075,0.5601178699429596,0.9352207583787949,0.3751028884358353,Diff-Means(burn-in=2.0),DM,,,10,20,169,10000,2.0,yes,0.035,0.9111475905555232
11076,0.5578773136331632,0.9256985880446194,0.3678212744114562,Diff-Means(burn-in=2.0),DM,,,10,20,169,10000,2.0,yes,0.035,0.9111475905555232
11077,0.5563146039592008,0.9272712908627282,0.37095668690352734,Diff-Means(burn-in=2.0),DM,,,10,20,169,10000,2.0,yes,0.035,0.9111475905555232
11078,0.5585730337777148,0.9298773910285391,0.3713043572508242,Diff-Means(burn-in=2.0),DM,,,10,20,169,10000,2.0,yes,0.035,0.9111475905555232
11079,0.5581867383203885,0.9221884497343962,0.3640017114140077,Diff-Means(burn-in=2.0),DM,,,10,20,169,10000,2.0,yes,0.035,0.9111475905555232
11080,0.5579037983029494,0.9353971428229729,0.3774933445200235,Diff-Means(burn-in=2.0),DM,,,10,20,169,10000,2.0,yes,0.035,0.9111475905555232
11081,0.5565748740520228,0.9218483152980786,0.3652734412460559,Diff-Means(burn-in=2.0),DM,,,10,20,169,10000,2.0,yes,0.035,0.9111475905555232
11082,0.5579216179545802,0.9369121564062651,0.37899053845168496,Diff-Means(burn-in=2.0),DM,,,10,20,169,10000,2.0,yes,0.035,0.9111475905555232
11083,0.5572488170892258,0.9202588935823258,0.3630100764931,Diff-Means(burn-in=2.0),DM,,,10,20,169,10000,2.0,yes,0.035,0.9111475905555232
11084,0.5591896449377988,0.9279481334072086,0.36875848846940984,Diff-Means(burn-in=2.0),DM,,,10,20,169,10000,2.0,yes,0.035,0.9111475905555232
11085,0.5587629294686542,0.9309129748460648,0.3721500453774106,Diff-Means(burn-in=2.0),DM,,,10,20,169,10000,2.0,yes,0.035,0.9111475905555232
11086,0.5570738547727616,0.9217494958410272,0.36467564106826555,Diff-Means(burn-in=2.0),DM,,,10,20,169,10000,2.0,yes,0.035,0.9111475905555232
11087,0.557911039511612,0.9308606818854601,0.3729496423738481,Diff-Means(burn-in=2.0),DM,,,10,20,169,10000,2.0,yes,0.035,0.9111475905555232
11088,0.5640272150751381,0.9289134451398086,0.36488623006467047,Diff-Means(burn-in=2.0),DM,,,10,20,169,10000,2.0,yes,0.035,0.9111475905555232
11089,0.5566646705339938,0.9211090625498415,0.36444439201584766,Diff-Means(burn-in=2.0),DM,,,10,20,169,10000,2.0,yes,0.035,0.9111475905555232
11090,0.5567806444874989,0.931954383927553,0.37517373944005417,Diff-Means(burn-in=2.0),DM,,,10,20,169,10000,2.0,yes,0.035,0.9111475905555232
11091,0.5639624123616713,0.9262779316238977,0.3623155192622264,Diff-Means(burn-in=2.0),DM,,,10,20,169,10000,2.0,yes,0.035,0.9111475905555232
11092,0.555066419280526,0.9256825143834038,0.37061609510287774,Diff-Means(burn-in=2.0),DM,,,10,20,169,10000,2.0,yes,0.035,0.9111475905555232
11093,0.5591083962006403,0.9340319883585321,0.3749235921578917,Diff-Means(burn-in=2.0),DM,,,10,20,169,10000,2.0,yes,0.035,0.9111475905555232
11094,0.559228050724823,0.9354873511245937,0.37625930039977074,Diff-Means(burn-in=2.0),DM,,,10,20,169,10000,2.0,yes,0.035,0.9111475905555232
11095,0.5577422711603867,0.9321190703685457,0.37437679920815903,Diff-Means(burn-in=2.0),DM,,,10,20,169,10000,2.0,yes,0.035,0.9111475905555232
11096,0.5580281762445662,0.9261877879658184,0.3681596117212521,Diff-Means(burn-in=2.0),DM,,,10,20,169,10000,2.0,yes,0.035,0.9111475905555232
11097,0.5579122828656145,0.9272646367687064,0.36935235390309196,Diff-Means(burn-in=2.0),DM,,,10,20,169,10000,2.0,yes,0.035,0.9111475905555232
11098,0.5562963119043586,0.9294320194916144,0.3731357075872558,Diff-Means(burn-in=2.0),DM,,,10,20,169,10000,2.0,yes,0.035,0.9111475905555232
11099,0.5625111850732559,0.9376869161604162,0.3751757310871603,Diff-Means(burn-in=2.0),DM,,,10,20,169,10000,2.0,yes,0.035,0.9111475905555232
11100,0.5625622349380729,0.9281322356477661,0.36557000070969325,Diff-Means(burn-in=2.0),DM,,,10,20,169,10000,2.0,yes,0.035,0.9111475905555232
11101,0.5591139764051313,0.9282520540028124,0.36913807759768114,Diff-Means(burn-in=2.0),DM,,,10,20,169,10000,2.0,yes,0.035,0.9111475905555232
11102,0.5590275181383247,0.927859049779105,0.3688315316407803,Diff-Means(burn-in=2.0),DM,,,10,20,169,10000,2.0,yes,0.035,0.9111475905555232
11103,0.5615745477375568,0.9284661376277675,0.36689158989021076,Diff-Means(burn-in=2.0),DM,,,10,20,169,10000,2.0,yes,0.035,0.9111475905555232
11104,0.5563539978413796,0.9199414556264363,0.36358745778505663,Diff-Means(burn-in=2.0),DM,,,10,20,169,10000,2.0,yes,0.035,0.9111475905555232
11105,0.5560254288248839,0.9265252514785772,0.3704998226536933,Diff-Means(burn-in=2.0),DM,,,10,20,169,10000,2.0,yes,0.035,0.9111475905555232
11106,0.5579316132319657,0.9283649326448986,0.3704333194129329,Diff-Means(burn-in=2.0),DM,,,10,20,169,10000,2.0,yes,0.035,0.9111475905555232
11107,0.5582318734694727,0.9302762250629644,0.3720443515934917,Diff-Means(burn-in=2.0),DM,,,10,20,169,10000,2.0,yes,0.035,0.9111475905555232
11108,0.5589022163363684,0.9286227947379203,0.3697205784015519,Diff-Means(burn-in=2.0),DM,,,10,20,169,10000,2.0,yes,0.035,0.9111475905555232
11109,0.5574564592810496,0.9295077562105886,0.372051296929539,Diff-Means(burn-in=2.0),DM,,,10,20,169,10000,2.0,yes,0.035,0.9111475905555232
11110,0.556577270559968,0.9235667680338427,0.36698949747387477,Diff-Means(burn-in=2.0),DM,,,10,20,169,10000,2.0,yes,0.035,0.9111475905555232
11111,0.5614296087834807,0.9234738774626571,0.3620442686791764,Diff-Means(burn-in=2.0),DM,,,10,20,169,10000,2.0,yes,0.035,0.9111475905555232
11112,0.5569751265177012,0.9296658465310335,0.37269072001333226,Diff-Means(burn-in=2.0),DM,,,10,20,169,10000,2.0,yes,0.035,0.9111475905555232
11113,0.5566029460112015,0.9231980578878596,0.36659511187665805,Diff-Means(burn-in=2.0),DM,,,10,20,169,10000,2.0,yes,0.035,0.9111475905555232
11114,0.5608417125655794,0.9304281257518654,0.36958641318628604,Diff-Means(burn-in=2.0),DM,,,10,20,169,10000,2.0,yes,0.035,0.9111475905555232
11115,0.5581449574288948,0.9277782902986529,0.3696333328697581,Diff-Means(burn-in=2.0),DM,,,10,20,169,10000,2.0,yes,0.035,0.9111475905555232
11116,0.557248429592448,0.9339881413270721,0.37673971173462406,Diff-Means(burn-in=2.0),DM,,,10,20,169,10000,2.0,yes,0.035,0.9111475905555232
11117,0.5589197385624718,0.9271928705622265,0.36827313199975475,Diff-Means(burn-in=2.0),DM,,,10,20,169,10000,2.0,yes,0.035,0.9111475905555232
11118,0.5553670162965441,0.9265383911275384,0.3711713748309944,Diff-Means(burn-in=2.0),DM,,,10,20,169,10000,2.0,yes,0.035,0.9111475905555232
11119,0.5572315334286085,0.9202308399716225,0.36299930654301393,Diff-Means(burn-in=2.0),DM,,,10,20,169,10000,2.0,yes,0.035,0.9111475905555232
11120,0.5575610433512007,0.926924401510365,0.3693633581591643,Diff-Means(burn-in=2.0),DM,,,10,20,169,10000,2.0,yes,0.035,0.9111475905555232
11121,0.558035667963126,0.9275018008822546,0.36946613291912866,Diff-Means(burn-in=2.0),DM,,,10,20,169,10000,2.0,yes,0.035,0.9111475905555232
11122,0.5596616303881059,0.9198155055223636,0.3601538751342577,Diff-Means(burn-in=2.0),DM,,,10,20,169,10000,2.0,yes,0.035,0.9111475905555232
11123,0.5593017418987064,0.9334894590897188,0.3741877171910124,Diff-Means(burn-in=2.0),DM,,,10,20,169,10000,2.0,yes,0.035,0.9111475905555232
11124,0.5597077501370591,0.9312532737624268,0.37154552362536775,Diff-Means(burn-in=2.0),DM,,,10,20,169,10000,2.0,yes,0.035,0.9111475905555232
11125,0.5574246839559888,0.9331998416898276,0.37577515773383885,Diff-Means(burn-in=2.0),DM,,,10,20,169,10000,2.0,yes,0.035,0.9111475905555232
11126,0.5585166746554068,0.9298997246444531,0.37138304998904637,Diff-Means(burn-in=2.0),DM,,,10,20,169,10000,2.0,yes,0.035,0.9111475905555232
11127,0.5587956463426546,0.9328672469295844,0.3740716005869299,Diff-Means(burn-in=2.0),DM,,,10,20,169,10000,2.0,yes,0.035,0.9111475905555232
11128,0.5565236236318881,0.9280220811489666,0.37149845751707844,Diff-Means(burn-in=2.0),DM,,,10,20,169,10000,2.0,yes,0.035,0.9111475905555232
11129,0.5595357034077532,0.9345304750101863,0.3749947716024331,Diff-Means(burn-in=2.0),DM,,,10,20,169,10000,2.0,yes,0.035,0.9111475905555232
11130,0.556336671365933,0.9332591457698537,0.3769224744039207,Diff-Means(burn-in=2.0),DM,,,10,20,169,10000,2.0,yes,0.035,0.9111475905555232
11131,0.5557221309030174,0.9257501229544256,0.37002799205140824,Diff-Means(burn-in=2.0),DM,,,10,20,169,10000,2.0,yes,0.035,0.9111475905555232
11132,0.5580441605466836,0.9339909038505164,0.3759467433038328,Diff-Means(burn-in=2.0),DM,,,10,20,169,10000,2.0,yes,0.035,0.9111475905555232
11133,0.558950632573111,0.9262702619488851,0.3673196293757741,Diff-Means(burn-in=2.0),DM,,,10,20,169,10000,2.0,yes,0.035,0.9111475905555232
11134,0.5576859269896447,0.9270774123021086,0.3693914853124639,Diff-Means(burn-in=2.0),DM,,,10,20,169,10000,2.0,yes,0.035,0.9111475905555232
11135,0.5570286731750121,0.9362829079060573,0.37925423473104514,Diff-Means(burn-in=2.0),DM,,,10,20,169,10000,2.0,yes,0.035,0.9111475905555232
11136,0.5561839888457676,0.9317369355922315,0.3755529467464639,Diff-Means(burn-in=2.0),DM,,,10,20,169,10000,2.0,yes,0.035,0.9111475905555232
11137,0.5569703435405978,0.9308644253228662,0.37389408178226835,Diff-Means(burn-in=2.0),DM,,,10,20,169,10000,2.0,yes,0.035,0.9111475905555232
11138,0.5597299759098122,0.9344175773823992,0.37468760147258695,Diff-Means(burn-in=2.0),DM,,,10,20,169,10000,2.0,yes,0.035,0.9111475905555232
11139,0.5539546887445416,0.9138281062960002,0.35987341755145863,Diff-Means(burn-in=2.0),DM,,,10,20,169,10000,2.0,yes,0.035,0.9111475905555232
11140,0.5550023692464416,0.9382365563345725,0.38323418708813084,Diff-Means(burn-in=2.0),DM,,,10,20,169,10000,2.0,yes,0.035,0.9111475905555232
11141,0.5593612535064438,0.9269285457224296,0.3675672922159857,Diff-Means(burn-in=2.0),DM,,,10,20,169,10000,2.0,yes,0.035,0.9111475905555232
11142,0.5603547755861852,0.9346337454975785,0.3742789699113933,Diff-Means(burn-in=2.0),DM,,,10,20,169,10000,2.0,yes,0.035,0.9111475905555232
11143,0.557634475906521,0.9281529453620335,0.3705184694555125,Diff-Means(burn-in=2.0),DM,,,10,20,169,10000,2.0,yes,0.035,0.9111475905555232
11144,0.5590602793867174,0.9323455822833018,0.37328530289658435,Diff-Means(burn-in=2.0),DM,,,10,20,169,10000,2.0,yes,0.035,0.9111475905555232
11145,0.558750910602786,0.9283244435326766,0.3695735329298906,Diff-Means(burn-in=2.0),DM,,,10,20,169,10000,2.0,yes,0.035,0.9111475905555232
11146,0.5535191893542547,0.9172094286282738,0.3636902392740191,Diff-Means(burn-in=2.0),DM,,,10,20,169,10000,2.0,yes,0.035,0.9111475905555232
11147,0.5606215553133634,0.920055937480431,0.3594343821670676,Diff-Means(burn-in=2.0),DM,,,10,20,169,10000,2.0,yes,0.035,0.9111475905555232
11148,0.5561257927731444,0.9168665646216055,0.3607407718484611,Diff-Means(burn-in=2.0),DM,,,10,20,169,10000,2.0,yes,0.035,0.9111475905555232
11149,0.559737401566851,0.9289269301638314,0.3691895285969804,Diff-Means(burn-in=2.0),DM,,,10,20,169,10000,2.0,yes,0.035,0.9111475905555232
11150,0.5609976737784502,0.9318069107015887,0.3708092369231385,Diff-Means(burn-in=2.0),DM,,,10,20,169,10000,2.0,yes,0.035,0.9111475905555232
11151,0.5556387994867835,0.931373720857049,0.37573492137026543,Diff-Means(burn-in=2.0),DM,,,10,20,169,10000,2.0,yes,0.035,0.9111475905555232
11152,0.5611047169507003,0.9301142548414773,0.36900953789077695,Diff-Means(burn-in=2.0),DM,,,10,20,169,10000,2.0,yes,0.035,0.9111475905555232
11153,0.5573076620124763,0.9236568892952455,0.3663492272827692,Diff-Means(burn-in=2.0),DM,,,10,20,169,10000,2.0,yes,0.035,0.9111475905555232
11154,0.5586006964132448,0.9312674323364358,0.372666735923191,Diff-Means(burn-in=2.0),DM,,,10,20,169,10000,2.0,yes,0.035,0.9111475905555232
11155,0.5614554578298264,0.9265390034875844,0.365083545657758,Diff-Means(burn-in=2.0),DM,,,10,20,169,10000,2.0,yes,0.035,0.9111475905555232
11156,0.5564492033659414,0.9253257563040965,0.36887655293815513,Diff-Means(burn-in=2.0),DM,,,10,20,169,10000,2.0,yes,0.035,0.9111475905555232
11157,0.5567287429588412,0.9251381606516765,0.3684094176928353,Diff-Means(burn-in=2.0),DM,,,10,20,169,10000,2.0,yes,0.035,0.9111475905555232
11158,0.5593095161720834,0.9262960064442162,0.3669864902721328,Diff-Means(burn-in=2.0),DM,,,10,20,169,10000,2.0,yes,0.035,0.9111475905555232
11159,0.5587810991505116,0.9304767682461995,0.37169566909568796,Diff-Means(burn-in=2.0),DM,,,10,20,169,10000,2.0,yes,0.035,0.9111475905555232
11160,0.558377524378522,0.9216776177969083,0.3633000934183863,Diff-Means(burn-in=2.0),DM,,,10,20,169,10000,2.0,yes,0.035,0.9111475905555232
11161,0.5596019730470624,0.9367746308667246,0.37717265781966225,Diff-Means(burn-in=2.0),DM,,,10,20,169,10000,2.0,yes,0.035,0.9111475905555232
11162,0.561364343845494,0.9337866373921517,0.3724222935466577,Diff-Means(burn-in=2.0),DM,,,10,20,169,10000,2.0,yes,0.035,0.9111475905555232
11163,0.5574521983559475,0.9265955600400883,0.36914336168414075,Diff-Means(burn-in=2.0),DM,,,10,20,169,10000,2.0,yes,0.035,0.9111475905555232
11164,0.5548203127879623,0.9309122569853164,0.37609194419735414,Diff-Means(burn-in=2.0),DM,,,10,20,169,10000,2.0,yes,0.035,0.9111475905555232
11165,0.559735697355054,0.9338424496205551,0.37410675226550105,Diff-Means(burn-in=2.0),DM,,,10,20,169,10000,2.0,yes,0.035,0.9111475905555232
11166,0.5589778327122783,0.9306365967901687,0.37165876407789045,Diff-Means(burn-in=2.0),DM,,,10,20,169,10000,2.0,yes,0.035,0.9111475905555232
11167,0.5554081172730466,0.9173801748193701,0.36197205754632344,Diff-Means(burn-in=2.0),DM,,,10,20,169,10000,2.0,yes,0.035,0.9111475905555232
11168,0.5580845761169989,0.9182709903862393,0.36018641426924036,Diff-Means(burn-in=2.0),DM,,,10,20,169,10000,2.0,yes,0.035,0.9111475905555232
11169,0.5586725037720106,0.9288660173201814,0.37019351354817076,Diff-Means(burn-in=2.0),DM,,,10,20,169,10000,2.0,yes,0.035,0.9111475905555232
11170,0.5592260352263196,0.9259551871790613,0.3667291519527417,Diff-Means(burn-in=2.0),DM,,,10,20,169,10000,2.0,yes,0.035,0.9111475905555232
11171,0.5603588325659623,0.9271195623849718,0.36676072981900953,Diff-Means(burn-in=2.0),DM,,,10,20,169,10000,2.0,yes,0.035,0.9111475905555232
11172,0.5593595174156288,0.9251142414686733,0.36575472405304443,Diff-Means(burn-in=2.0),DM,,,10,20,169,10000,2.0,yes,0.035,0.9111475905555232
11173,0.5552431631278029,0.9314674979697549,0.37622433484195206,Diff-Means(burn-in=2.0),DM,,,10,20,169,10000,2.0,yes,0.035,0.9111475905555232
11174,0.5552752473998385,0.9287891429112813,0.3735138955114429,Diff-Means(burn-in=2.0),DM,,,10,20,169,10000,2.0,yes,0.035,0.9111475905555232
11175,0.5545842545979561,0.9216886210739459,0.36710436647598976,Diff-Means(burn-in=2.0),DM,,,10,20,169,10000,2.0,yes,0.035,0.9111475905555232
11176,0.5582899407884362,0.9272687046089176,0.36897876382048145,Diff-Means(burn-in=2.0),DM,,,10,20,169,10000,2.0,yes,0.035,0.9111475905555232
11177,0.5579348143291367,0.9334922285388535,0.3755574142097168,Diff-Means(burn-in=2.0),DM,,,10,20,169,10000,2.0,yes,0.035,0.9111475905555232
11178,0.5541924076148196,0.929244045567873,0.3750516379530534,Diff-Means(burn-in=2.0),DM,,,10,20,169,10000,2.0,yes,0.035,0.9111475905555232
11179,0.5546821178936759,0.931317730355473,0.3766356124617971,Diff-Means(burn-in=2.0),DM,,,10,20,169,10000,2.0,yes,0.035,0.9111475905555232
11180,0.5540132454843115,0.938612882426105,0.38459963694179344,Diff-Means(burn-in=2.0),DM,,,10,20,169,10000,2.0,yes,0.035,0.9111475905555232
11181,0.5588819971054747,0.9305647783299137,0.371682781224439,Diff-Means(burn-in=2.0),DM,,,10,20,169,10000,2.0,yes,0.035,0.9111475905555232
11182,0.5555872134411582,0.9307711976452393,0.37518398420408106,Diff-Means(burn-in=2.0),DM,,,10,20,169,10000,2.0,yes,0.035,0.9111475905555232
11183,0.5581049281568372,0.9307731542080108,0.37266822605117356,Diff-Means(burn-in=2.0),DM,,,10,20,169,10000,2.0,yes,0.035,0.9111475905555232
11184,0.5550793806668081,0.9331429423746115,0.3780635617078034,Diff-Means(burn-in=2.0),DM,,,10,20,169,10000,2.0,yes,0.035,0.9111475905555232
11185,0.5559761533333346,0.9196705321319779,0.3636943787986433,Diff-Means(burn-in=2.0),DM,,,10,20,169,10000,2.0,yes,0.035,0.9111475905555232
11186,0.5550947021975163,0.9169053801569288,0.36181067795941246,Diff-Means(burn-in=2.0),DM,,,10,20,169,10000,2.0,yes,0.035,0.9111475905555232
11187,0.5592864257860862,0.9260550306337068,0.3667686048476205,Diff-Means(burn-in=2.0),DM,,,10,20,169,10000,2.0,yes,0.035,0.9111475905555232
11188,0.5576704635808589,0.9241660082982841,0.3664955447174252,Diff-Means(burn-in=2.0),DM,,,10,20,169,10000,2.0,yes,0.035,0.9111475905555232
11189,0.5580784818933452,0.9313114176580383,0.3732329357646931,Diff-Means(burn-in=2.0),DM,,,10,20,169,10000,2.0,yes,0.035,0.9111475905555232
11190,0.5615018587647269,0.9315219852527562,0.3700201264880293,Diff-Means(burn-in=2.0),DM,,,10,20,169,10000,2.0,yes,0.035,0.9111475905555232
11191,0.5586711612161221,0.9266105262979718,0.36793936508184966,Diff-Means(burn-in=2.0),DM,,,10,20,169,10000,2.0,yes,0.035,0.9111475905555232
11192,0.5563938364470155,0.926316493063198,0.3699226566161825,Diff-Means(burn-in=2.0),DM,,,10,20,169,10000,2.0,yes,0.035,0.9111475905555232
11193,0.5580904808882482,0.9333523884242303,0.3752619075359821,Diff-Means(burn-in=2.0),DM,,,10,20,169,10000,2.0,yes,0.035,0.9111475905555232
11194,0.5604922309504031,0.924948587504185,0.36445635655378184,Diff-Means(burn-in=2.0),DM,,,10,20,169,10000,2.0,yes,0.035,0.9111475905555232
11195,0.5573404780652657,0.9272176113349008,0.3698771332696351,Diff-Means(burn-in=2.0),DM,,,10,20,169,10000,2.0,yes,0.035,0.9111475905555232
11196,0.555514788817003,0.9274163582557604,0.3719015694387574,Diff-Means(burn-in=2.0),DM,,,10,20,169,10000,2.0,yes,0.035,0.9111475905555232
11197,0.5574831834583007,0.9182196771658769,0.3607364937075762,Diff-Means(burn-in=2.0),DM,,,10,20,169,10000,2.0,yes,0.035,0.9111475905555232
11198,0.5550705622644584,0.9268382748498053,0.3717677125853469,Diff-Means(burn-in=2.0),DM,,,10,20,169,10000,2.0,yes,0.035,0.9111475905555232
11199,0.5576210590948392,0.9280373453266658,0.37041628623182665,Diff-Means(burn-in=2.0),DM,,,10,20,169,10000,2.0,yes,0.035,0.9111475905555232
11200,0.56125738955036,0.9247638231277551,0.3635064335773951,Diff-Means(burn-in=2.0),DM,,,10,20,169,10000,2.0,yes,0.035,0.9111475905555232
11201,0.5596194963343436,0.9359527154992656,0.376333219164922,Diff-Means(burn-in=2.0),DM,,,10,20,169,10000,2.0,yes,0.035,0.9111475905555232
11202,0.5574333838600987,0.9412278456495592,0.38379446178946053,Diff-Means(burn-in=2.0),DM,,,10,20,169,10000,2.0,yes,0.035,0.9111475905555232
11203,0.559166354523361,0.9291514531246216,0.3699850986012605,Diff-Means(burn-in=2.0),DM,,,10,20,169,10000,2.0,yes,0.035,0.9111475905555232
11204,0.5597378010855608,0.9286991502492048,0.368961349163644,Diff-Means(burn-in=2.0),DM,,,10,20,169,10000,2.0,yes,0.035,0.9111475905555232
11205,0.5576624592691064,0.9322406843919724,0.374578225122866,Diff-Means(burn-in=2.0),DM,,,10,20,169,10000,2.0,yes,0.035,0.9111475905555232
11206,0.5565514546835693,0.9185925532205709,0.3620410985370016,Diff-Means(burn-in=2.0),DM,,,10,20,169,10000,2.0,yes,0.035,0.9111475905555232
11207,0.5579862934458385,0.9265854074720242,0.3685991140261857,Diff-Means(burn-in=2.0),DM,,,10,20,169,10000,2.0,yes,0.035,0.9111475905555232
11208,0.558426023904255,0.9249609359314314,0.36653491202717636,Diff-Means(burn-in=2.0),DM,,,10,20,169,10000,2.0,yes,0.035,0.9111475905555232
11209,0.5544247769250887,0.9225883996477916,0.36816362272270287,Diff-Means(burn-in=2.0),DM,,,10,20,169,10000,2.0,yes,0.035,0.9111475905555232
11210,0.5560639729642897,0.9279957877542637,0.37193181478997406,Diff-Means(burn-in=2.0),DM,,,10,20,169,10000,2.0,yes,0.035,0.9111475905555232
11211,0.5583125125131541,0.9244951735627223,0.3661826610495682,Diff-Means(burn-in=2.0),DM,,,10,20,169,10000,2.0,yes,0.035,0.9111475905555232
11212,0.5624012433879413,0.9407408473927402,0.37833960400479894,Diff-Means(burn-in=2.0),DM,,,10,20,169,10000,2.0,yes,0.035,0.9111475905555232
11213,0.5599397238663936,0.9409683911964134,0.38102866733001983,Diff-Means(burn-in=2.0),DM,,,10,20,169,10000,2.0,yes,0.035,0.9111475905555232
11214,0.5570951394241198,0.920968080788758,0.3638729413646382,Diff-Means(burn-in=2.0),DM,,,10,20,169,10000,2.0,yes,0.035,0.9111475905555232
11215,0.5580542083537843,0.9196196692054274,0.3615654608516431,Diff-Means(burn-in=2.0),DM,,,10,20,169,10000,2.0,yes,0.035,0.9111475905555232
11216,0.5580618898698116,0.932767680515541,0.3747057906457294,Diff-Means(burn-in=2.0),DM,,,10,20,169,10000,2.0,yes,0.035,0.9111475905555232
11217,0.5589074541114366,0.9315091734574048,0.3726017193459682,Diff-Means(burn-in=2.0),DM,,,10,20,169,10000,2.0,yes,0.035,0.9111475905555232
11218,0.5587805263429715,0.9316360486535138,0.3728555223105423,Diff-Means(burn-in=2.0),DM,,,10,20,169,10000,2.0,yes,0.035,0.9111475905555232
11219,0.5582662880286315,0.9278765751066838,0.3696102870780522,Diff-Means(burn-in=2.0),DM,,,10,20,169,10000,2.0,yes,0.035,0.9111475905555232
11220,0.5587580847839814,0.9396554861560317,0.3808974013720503,Diff-Means(burn-in=2.0),DM,,,10,20,169,10000,2.0,yes,0.035,0.9111475905555232
11221,0.5575832074549157,0.9177004661578408,0.3601172587029251,Diff-Means(burn-in=2.0),DM,,,10,20,169,10000,2.0,yes,0.035,0.9111475905555232
11222,0.5531646096113261,0.9252364591463195,0.3720718495349934,Diff-Means(burn-in=2.0),DM,,,10,20,169,10000,2.0,yes,0.035,0.9111475905555232
11223,0.5564619689319387,0.9289239016019455,0.3724619326700068,Diff-Means(burn-in=2.0),DM,,,10,20,169,10000,2.0,yes,0.035,0.9111475905555232
11224,0.5609614790488512,0.939351427028395,0.37838994797954384,Diff-Means(burn-in=2.0),DM,,,10,20,169,10000,2.0,yes,0.035,0.9111475905555232
11225,0.557481496861937,0.9249804739746522,0.3674989771127152,Diff-Means(burn-in=2.0),DM,,,10,20,169,10000,2.0,yes,0.035,0.9111475905555232
11226,0.5586066123327729,0.9339790088600931,0.37537239652732024,Diff-Means(burn-in=2.0),DM,,,10,20,169,10000,2.0,yes,0.035,0.9111475905555232
11227,0.5562766617846474,0.931079641057839,0.3748029792731916,Diff-Means(burn-in=2.0),DM,,,10,20,169,10000,2.0,yes,0.035,0.9111475905555232
11228,0.5571063524595886,0.9296712193091365,0.3725648668495479,Diff-Means(burn-in=2.0),DM,,,10,20,169,10000,2.0,yes,0.035,0.9111475905555232
11229,0.5589070549732499,0.9296928444095978,0.3707857894363479,Diff-Means(burn-in=2.0),DM,,,10,20,169,10000,2.0,yes,0.035,0.9111475905555232
11230,0.5568374566008323,0.9278888521279752,0.37105139552714295,Diff-Means(burn-in=2.0),DM,,,10,20,169,10000,2.0,yes,0.035,0.9111475905555232
11231,0.5613899279640429,0.9286205011908446,0.36723057322680175,Diff-Means(burn-in=2.0),DM,,,10,20,169,10000,2.0,yes,0.035,0.9111475905555232
11232,0.559153124026573,0.931884045659085,0.372730921632512,Diff-Means(burn-in=2.0),DM,,,10,20,169,10000,2.0,yes,0.035,0.9111475905555232
11233,0.5610481946273088,0.9404613685272437,0.3794131738999349,Diff-Means(burn-in=2.0),DM,,,10,20,169,10000,2.0,yes,0.035,0.9111475905555232
11234,0.5566681249595323,0.9353300693580694,0.37866194439853706,Diff-Means(burn-in=2.0),DM,,,10,20,169,10000,2.0,yes,0.035,0.9111475905555232
11235,0.555070238043586,0.9266087386229688,0.37153850057938276,Diff-Means(burn-in=2.0),DM,,,10,20,169,10000,2.0,yes,0.035,0.9111475905555232
11236,0.5619861086132214,0.9355914747726087,0.37360536615938733,Diff-Means(burn-in=2.0),DM,,,10,20,169,10000,2.0,yes,0.035,0.9111475905555232
11237,0.5569530810534437,0.9282866479739427,0.371333566920499,Diff-Means(burn-in=2.0),DM,,,10,20,169,10000,2.0,yes,0.035,0.9111475905555232
11238,0.561952041761248,0.9435666501753188,0.3816146084140708,Diff-Means(burn-in=2.0),DM,,,10,20,169,10000,2.0,yes,0.035,0.9111475905555232
11239,0.556254817652612,0.9309416781234716,0.37468686047085964,Diff-Means(burn-in=2.0),DM,,,10,20,169,10000,2.0,yes,0.035,0.9111475905555232
11240,0.5592784628760504,0.9353719690243265,0.3760935061482761,Diff-Means(burn-in=2.0),DM,,,10,20,169,10000,2.0,yes,0.035,0.9111475905555232
11241,0.5559071618106991,0.9278942539038253,0.3719870920931262,Diff-Means(burn-in=2.0),DM,,,10,20,169,10000,2.0,yes,0.035,0.9111475905555232
11242,0.559445874769695,0.9232408157287553,0.3637949409590603,Diff-Means(burn-in=2.0),DM,,,10,20,169,10000,2.0,yes,0.035,0.9111475905555232
11243,0.5592969678059874,0.9317863730911033,0.372489405285116,Diff-Means(burn-in=2.0),DM,,,10,20,169,10000,2.0,yes,0.035,0.9111475905555232
11244,0.5552504877384968,0.9269728186751893,0.3717223309366925,Diff-Means(burn-in=2.0),DM,,,10,20,169,10000,2.0,yes,0.035,0.9111475905555232
11245,0.5572546731001605,0.9279890907678704,0.37073441766770987,Diff-Means(burn-in=2.0),DM,,,10,20,169,10000,2.0,yes,0.035,0.9111475905555232
11246,0.5594986273568109,0.9282844235131097,0.3687857961562988,Diff-Means(burn-in=2.0),DM,,,10,20,169,10000,2.0,yes,0.035,0.9111475905555232
11247,0.5575897290804404,0.928832834669961,0.37124310558952067,Diff-Means(burn-in=2.0),DM,,,10,20,169,10000,2.0,yes,0.035,0.9111475905555232
11248,0.5588715937679196,0.9402532775516588,0.38138168378373916,Diff-Means(burn-in=2.0),DM,,,10,20,169,10000,2.0,yes,0.035,0.9111475905555232
11249,0.5581950852965228,0.9274149694111198,0.36921988411459694,Diff-Means(burn-in=2.0),DM,,,10,20,169,10000,2.0,yes,0.035,0.9111475905555232
11250,0.5550227935163119,0.9219109284329965,0.3668881349166846,Diff-Means(burn-in=2.0),DM,,,10,20,169,10000,2.0,yes,0.035,0.9111475905555232
11251,0.5565953622701679,0.9231747189384936,0.36657935666832564,Diff-Means(burn-in=2.0),DM,,,10,20,169,10000,2.0,yes,0.035,0.9111475905555232
11252,0.5604900397581308,0.9326360221006932,0.37214598234256235,Diff-Means(burn-in=2.0),DM,,,10,20,169,10000,2.0,yes,0.035,0.9111475905555232
11253,0.5557591895366942,0.9317675900495527,0.37600840051285844,Diff-Means(burn-in=2.0),DM,,,10,20,169,10000,2.0,yes,0.035,0.9111475905555232
11254,0.5596279198683036,0.9308073595289903,0.37117943966068667,Diff-Means(burn-in=2.0),DM,,,10,20,169,10000,2.0,yes,0.035,0.9111475905555232
11255,0.5570401206283886,0.9208670994565777,0.36382697882818915,Diff-Means(burn-in=2.0),DM,,,10,20,169,10000,2.0,yes,0.035,0.9111475905555232
11256,0.556218273436525,0.925506243737114,0.369287970300589,Diff-Means(burn-in=2.0),DM,,,10,20,169,10000,2.0,yes,0.035,0.9111475905555232
11257,0.5600196820449692,0.9303689389012614,0.37034925685629216,Diff-Means(burn-in=2.0),DM,,,10,20,169,10000,2.0,yes,0.035,0.9111475905555232
11258,0.5578439071412319,0.925953033308758,0.3681091261675261,Diff-Means(burn-in=2.0),DM,,,10,20,169,10000,2.0,yes,0.035,0.9111475905555232
11259,0.5574368171412736,0.9301589184460635,0.3727221013047899,Diff-Means(burn-in=2.0),DM,,,10,20,169,10000,2.0,yes,0.035,0.9111475905555232
11260,0.5573309809297062,0.9254428639311217,0.3681118830014155,Diff-Means(burn-in=2.0),DM,,,10,20,169,10000,2.0,yes,0.035,0.9111475905555232
11261,0.5569243408836368,0.9268514191446702,0.3699270782610333,Diff-Means(burn-in=2.0),DM,,,10,20,169,10000,2.0,yes,0.035,0.9111475905555232
11262,0.5568229352259192,0.9263864080691517,0.36956347284323254,Diff-Means(burn-in=2.0),DM,,,10,20,169,10000,2.0,yes,0.035,0.9111475905555232
11263,0.5586171319140201,0.9287574279158534,0.3701402960018333,Diff-Means(burn-in=2.0),DM,,,10,20,169,10000,2.0,yes,0.035,0.9111475905555232
11264,0.5554310097207716,0.9256044693071355,0.37017345958636383,Diff-Means(burn-in=2.0),DM,,,10,20,169,10000,2.0,yes,0.035,0.9111475905555232
11265,0.5620019560795522,0.9353610546671753,0.3733590985876232,Diff-Means(burn-in=2.0),DM,,,10,20,169,10000,2.0,yes,0.035,0.9111475905555232
11266,0.5567825896697494,0.9236407941076257,0.3668582044378763,Diff-Means(burn-in=2.0),DM,,,10,20,169,10000,2.0,yes,0.035,0.9111475905555232
11267,0.5596702681408514,0.9300397785787493,0.3703695104378979,Diff-Means(burn-in=2.0),DM,,,10,20,169,10000,2.0,yes,0.035,0.9111475905555232
11268,0.5560295856985682,0.9325965981839373,0.37656701248536906,Diff-Means(burn-in=2.0),DM,,,10,20,169,10000,2.0,yes,0.035,0.9111475905555232
11269,0.5584620563348988,0.9304173422900182,0.3719552859551194,Diff-Means(burn-in=2.0),DM,,,10,20,169,10000,2.0,yes,0.035,0.9111475905555232
11270,0.5602710927326487,0.9233994897418107,0.363128397009162,Diff-Means(burn-in=2.0),DM,,,10,20,169,10000,2.0,yes,0.035,0.9111475905555232
11271,0.5585410206103576,0.928896405801355,0.3703553851909974,Diff-Means(burn-in=2.0),DM,,,10,20,169,10000,2.0,yes,0.035,0.9111475905555232
11272,0.5602931884634851,0.9308232572546044,0.37053006879111927,Diff-Means(burn-in=2.0),DM,,,10,20,169,10000,2.0,yes,0.035,0.9111475905555232
11273,0.557833930440518,0.9257183991199168,0.36788446867939884,Diff-Means(burn-in=2.0),DM,,,10,20,169,10000,2.0,yes,0.035,0.9111475905555232
11274,0.5581842714767775,0.9315878399873816,0.3734035685106041,Diff-Means(burn-in=2.0),DM,,,10,20,169,10000,2.0,yes,0.035,0.9111475905555232
11275,0.5583176623862547,0.9319831717984293,0.3736655094121746,Diff-Means(burn-in=2.0),DM,,,10,20,169,10000,2.0,yes,0.035,0.9111475905555232
11276,0.5580166460622666,0.9288984899023086,0.37088184384004197,Diff-Means(burn-in=2.0),DM,,,10,20,169,10000,2.0,yes,0.035,0.9111475905555232
11277,0.560388422749428,0.9384289165870193,0.3780404938375913,Diff-Means(burn-in=2.0),DM,,,10,20,169,10000,2.0,yes,0.035,0.9111475905555232
11278,0.561537390002498,0.9255848197518657,0.36404742974936766,Diff-Means(burn-in=2.0),DM,,,10,20,169,10000,2.0,yes,0.035,0.9111475905555232
11279,0.5582876509557791,0.9334138346501107,0.3751261836943316,Diff-Means(burn-in=2.0),DM,,,10,20,169,10000,2.0,yes,0.035,0.9111475905555232
11280,0.5575422806735306,0.9284625338986733,0.37092025322514266,Diff-Means(burn-in=2.0),DM,,,10,20,169,10000,2.0,yes,0.035,0.9111475905555232
11281,0.5553751086159227,0.9226534099207335,0.3672783013048109,Diff-Means(burn-in=2.0),DM,,,10,20,169,10000,2.0,yes,0.035,0.9111475905555232
11282,0.5582273179318594,0.9290354601105045,0.3708081421786451,Diff-Means(burn-in=2.0),DM,,,10,20,169,10000,2.0,yes,0.035,0.9111475905555232
11283,0.5566015558656852,0.9233451165159373,0.36674356065025215,Diff-Means(burn-in=2.0),DM,,,10,20,169,10000,2.0,yes,0.035,0.9111475905555232
11284,0.5566187735259391,0.9297392390514937,0.37312046552555456,Diff-Means(burn-in=2.0),DM,,,10,20,169,10000,2.0,yes,0.035,0.9111475905555232
11285,0.559171197037355,0.9270684581099572,0.36789726107260223,Diff-Means(burn-in=2.0),DM,,,10,20,169,10000,2.0,yes,0.035,0.9111475905555232
11286,0.5587187059963755,0.9277036354113704,0.36898492941499483,Diff-Means(burn-in=2.0),DM,,,10,20,169,10000,2.0,yes,0.035,0.9111475905555232
11287,0.5564206820541477,0.9319042726042094,0.37548359055006164,Diff-Means(burn-in=2.0),DM,,,10,20,169,10000,2.0,yes,0.035,0.9111475905555232
11288,0.5550079370343457,0.9196807518046531,0.36467281477030744,Diff-Means(burn-in=2.0),DM,,,10,20,169,10000,2.0,yes,0.035,0.9111475905555232
11289,0.5559565130439066,0.9176769631618626,0.36172045011795606,Diff-Means(burn-in=2.0),DM,,,10,20,169,10000,2.0,yes,0.035,0.9111475905555232
11290,0.5575163988510707,0.9267256965776356,0.36920929772656486,Diff-Means(burn-in=2.0),DM,,,10,20,169,10000,2.0,yes,0.035,0.9111475905555232
11291,0.5566472377963658,0.930473005914931,0.37382576811856516,Diff-Means(burn-in=2.0),DM,,,10,20,169,10000,2.0,yes,0.035,0.9111475905555232
11292,0.5570316427235924,0.9232924701338481,0.3662608274102557,Diff-Means(burn-in=2.0),DM,,,10,20,169,10000,2.0,yes,0.035,0.9111475905555232
11293,0.55755434851887,0.9346674779525894,0.37711312943371944,Diff-Means(burn-in=2.0),DM,,,10,20,169,10000,2.0,yes,0.035,0.9111475905555232
11294,0.5594336662075378,0.933581287537436,0.3741476213298982,Diff-Means(burn-in=2.0),DM,,,10,20,169,10000,2.0,yes,0.035,0.9111475905555232
11295,0.5581580806291677,0.9219340983175338,0.3637760176883661,Diff-Means(burn-in=2.0),DM,,,10,20,169,10000,2.0,yes,0.035,0.9111475905555232
11296,0.557929121692841,0.9345403111565903,0.3766111894637493,Diff-Means(burn-in=2.0),DM,,,10,20,169,10000,2.0,yes,0.035,0.9111475905555232
11297,0.5580945334453264,0.9277891864519643,0.36969465300663784,Diff-Means(burn-in=2.0),DM,,,10,20,169,10000,2.0,yes,0.035,0.9111475905555232
11298,0.5601382925263074,0.9299732402841177,0.36983494775781023,Diff-Means(burn-in=2.0),DM,,,10,20,169,10000,2.0,yes,0.035,0.9111475905555232
11299,0.5560176739898596,0.9216164466170239,0.36559877262716434,Diff-Means(burn-in=2.0),DM,,,10,20,169,10000,2.0,yes,0.035,0.9111475905555232
11300,0.5553739554802236,0.9266881600214144,0.3713142045411908,Diff-Means(burn-in=2.0),DM,,,10,20,169,10000,2.0,yes,0.035,0.9111475905555232
11301,0.5583221561476851,0.930328495486874,0.3720063393391889,Diff-Means(burn-in=2.0),DM,,,10,20,169,10000,2.0,yes,0.035,0.9111475905555232
11302,0.560893189188305,0.9315479657509198,0.3706547765626148,Diff-Means(burn-in=2.0),DM,,,10,20,169,10000,2.0,yes,0.035,0.9111475905555232
11303,0.5602983705883684,0.941849566148464,0.38155119556009565,Diff-Means(burn-in=2.0),DM,,,10,20,169,10000,2.0,yes,0.035,0.9111475905555232
11304,0.5595756793956953,0.9289090887794627,0.36933340938376735,Diff-Means(burn-in=2.0),DM,,,10,20,169,10000,2.0,yes,0.035,0.9111475905555232
11305,0.5560179762091577,0.9279744029207577,0.3719564267116,Diff-Means(burn-in=2.0),DM,,,10,20,169,10000,2.0,yes,0.035,0.9111475905555232
11306,0.5588063377466358,0.9356038433564785,0.3767975056098427,Diff-Means(burn-in=2.0),DM,,,10,20,169,10000,2.0,yes,0.035,0.9111475905555232
11307,0.558197452649532,0.929943884347644,0.37174643169811195,Diff-Means(burn-in=2.0),DM,,,10,20,169,10000,2.0,yes,0.035,0.9111475905555232
11308,0.5583964075876972,0.9235797839521764,0.3651833763644793,Diff-Means(burn-in=2.0),DM,,,10,20,169,10000,2.0,yes,0.035,0.9111475905555232
11309,0.5578428593122535,0.9200126933470689,0.3621698340348154,Diff-Means(burn-in=2.0),DM,,,10,20,169,10000,2.0,yes,0.035,0.9111475905555232
11310,0.5556031249012802,0.9248723437643649,0.3692692188630847,Diff-Means(burn-in=2.0),DM,,,10,20,169,10000,2.0,yes,0.035,0.9111475905555232
11311,0.5580346027220526,0.931502586089572,0.3734679833675194,Diff-Means(burn-in=2.0),DM,,,10,20,169,10000,2.0,yes,0.035,0.9111475905555232
11312,0.5560040882370846,0.9237951665363557,0.36779107829927116,Diff-Means(burn-in=2.0),DM,,,10,20,169,10000,2.0,yes,0.035,0.9111475905555232
11313,0.5568907533145031,0.9269327962197356,0.37004204290523246,Diff-Means(burn-in=2.0),DM,,,10,20,169,10000,2.0,yes,0.035,0.9111475905555232
11314,0.5579893171192378,0.9289508796045319,0.3709615624852941,Diff-Means(burn-in=2.0),DM,,,10,20,169,10000,2.0,yes,0.035,0.9111475905555232
11315,0.5536754873489398,0.9255236921197464,0.3718482047708066,Diff-Means(burn-in=2.0),DM,,,10,20,169,10000,2.0,yes,0.035,0.9111475905555232
11316,0.556873927322319,0.9238420512825665,0.36696812396024747,Diff-Means(burn-in=2.0),DM,,,10,20,169,10000,2.0,yes,0.035,0.9111475905555232
11317,0.5592650226780985,0.9297735725168077,0.3705085498387092,Diff-Means(burn-in=2.0),DM,,,10,20,169,10000,2.0,yes,0.035,0.9111475905555232
11318,0.5589796465829815,0.9330998803592288,0.37412023377624726,Diff-Means(burn-in=2.0),DM,,,10,20,169,10000,2.0,yes,0.035,0.9111475905555232
11319,0.5565680111382524,0.9253863070425916,0.36881829590433923,Diff-Means(burn-in=2.0),DM,,,10,20,169,10000,2.0,yes,0.035,0.9111475905555232
11320,0.557038973056983,0.9242085316641456,0.3671695586071626,Diff-Means(burn-in=2.0),DM,,,10,20,169,10000,2.0,yes,0.035,0.9111475905555232
11321,0.5605501044723795,0.935328871479144,0.3747787670067645,Diff-Means(burn-in=2.0),DM,,,10,20,169,10000,2.0,yes,0.035,0.9111475905555232
11322,0.5583301460481371,0.9143744614711536,0.3560443154230165,Diff-Means(burn-in=2.0),DM,,,10,20,169,10000,2.0,yes,0.035,0.9111475905555232
11323,0.5575907318036342,0.9289974905545582,0.371406758750924,Diff-Means(burn-in=2.0),DM,,,10,20,169,10000,2.0,yes,0.035,0.9111475905555232
11324,0.5577292899565081,0.9295564040017447,0.3718271140452366,Diff-Means(burn-in=2.0),DM,,,10,20,169,10000,2.0,yes,0.035,0.9111475905555232
11325,0.5582707878813677,0.9283164516738064,0.37004566379243864,Diff-Means(burn-in=2.0),DM,,,10,20,169,10000,2.0,yes,0.035,0.9111475905555232
11326,0.5606567350077929,0.9310335451513466,0.3703768101435537,Diff-Means(burn-in=2.0),DM,,,10,20,169,10000,2.0,yes,0.035,0.9111475905555232
11327,0.5566292853812368,0.9312443845199745,0.3746150991387377,Diff-Means(burn-in=2.0),DM,,,10,20,169,10000,2.0,yes,0.035,0.9111475905555232
11328,0.5570594415263403,0.9176287375520497,0.3605692960257093,Diff-Means(burn-in=2.0),DM,,,10,20,169,10000,2.0,yes,0.035,0.9111475905555232
11329,0.5573032676259846,0.9257381820565967,0.36843491443061216,Diff-Means(burn-in=2.0),DM,,,10,20,169,10000,2.0,yes,0.035,0.9111475905555232
11330,0.5559708987761948,0.9250314500937414,0.36906055131754667,Diff-Means(burn-in=2.0),DM,,,10,20,169,10000,2.0,yes,0.035,0.9111475905555232
11331,0.5559022262786135,0.927421364590321,0.37151913831170746,Diff-Means(burn-in=2.0),DM,,,10,20,169,10000,2.0,yes,0.035,0.9111475905555232
11332,0.5570989256527475,0.927381285441565,0.3702823597888174,Diff-Means(burn-in=2.0),DM,,,10,20,169,10000,2.0,yes,0.035,0.9111475905555232
11333,0.5592773812645355,0.9381164260966723,0.3788390448321368,Diff-Means(burn-in=2.0),DM,,,10,20,169,10000,2.0,yes,0.035,0.9111475905555232
11334,0.5557576514912492,0.9304563404955066,0.3746986890042574,Diff-Means(burn-in=2.0),DM,,,10,20,169,10000,2.0,yes,0.035,0.9111475905555232
11335,0.56174038696485,0.9303002762421049,0.3685598892772549,Diff-Means(burn-in=2.0),DM,,,10,20,169,10000,2.0,yes,0.035,0.9111475905555232
11336,0.5589730496560431,0.932253327218384,0.37328027756234095,Diff-Means(burn-in=2.0),DM,,,10,20,169,10000,2.0,yes,0.035,0.9111475905555232
11337,0.5571886528711668,0.9160417014527297,0.35885304858156286,Diff-Means(burn-in=2.0),DM,,,10,20,169,10000,2.0,yes,0.035,0.9111475905555232
11338,0.5574141171645068,0.9334602684573234,0.3760461512928166,Diff-Means(burn-in=2.0),DM,,,10,20,169,10000,2.0,yes,0.035,0.9111475905555232
11339,0.557468614338821,0.9249900449557675,0.36752143061694653,Diff-Means(burn-in=2.0),DM,,,10,20,169,10000,2.0,yes,0.035,0.9111475905555232
11340,0.5580188266490866,0.9264254580222399,0.3684066313731532,Diff-Means(burn-in=2.0),DM,,,10,20,169,10000,2.0,yes,0.035,0.9111475905555232
11341,0.5578838785817637,0.9303406624770572,0.37245678389529346,Diff-Means(burn-in=2.0),DM,,,10,20,169,10000,2.0,yes,0.035,0.9111475905555232
11342,0.5571825140469537,0.9323021283981321,0.37511961435117835,Diff-Means(burn-in=2.0),DM,,,10,20,169,10000,2.0,yes,0.035,0.9111475905555232
11343,0.5576826705208058,0.934726897690614,0.37704422716980823,Diff-Means(burn-in=2.0),DM,,,10,20,169,10000,2.0,yes,0.035,0.9111475905555232
11344,0.5566122034065858,0.9276373226687591,0.3710251192621733,Diff-Means(burn-in=2.0),DM,,,10,20,169,10000,2.0,yes,0.035,0.9111475905555232
11345,0.5589488339875733,0.9315907662441317,0.3726419322565584,Diff-Means(burn-in=2.0),DM,,,10,20,169,10000,2.0,yes,0.035,0.9111475905555232
11346,0.5579065991392963,0.9291940809966478,0.3712874818573515,Diff-Means(burn-in=2.0),DM,,,10,20,169,10000,2.0,yes,0.035,0.9111475905555232
11347,0.5611950341327139,0.9248441357262834,0.36364910159356956,Diff-Means(burn-in=2.0),DM,,,10,20,169,10000,2.0,yes,0.035,0.9111475905555232
11348,0.5579604216758696,0.9205888696242519,0.36262844794838234,Diff-Means(burn-in=2.0),DM,,,10,20,169,10000,2.0,yes,0.035,0.9111475905555232
11349,0.5578083379064355,0.934876914036941,0.3770685761305055,Diff-Means(burn-in=2.0),DM,,,10,20,169,10000,2.0,yes,0.035,0.9111475905555232
11350,0.5580567470810959,0.9360061708771495,0.3779494237960537,Diff-Means(burn-in=2.0),DM,,,10,20,169,10000,2.0,yes,0.035,0.9111475905555232
11351,0.5595126266960235,0.9219535093481536,0.36244088265213004,Diff-Means(burn-in=2.0),DM,,,10,20,169,10000,2.0,yes,0.035,0.9111475905555232
11352,0.5584956851420342,0.9315747621979432,0.37307907705590904,Diff-Means(burn-in=2.0),DM,,,10,20,169,10000,2.0,yes,0.035,0.9111475905555232
11353,0.5555775949388543,0.9189610687981525,0.36338347385929826,Diff-Means(burn-in=2.0),DM,,,10,20,169,10000,2.0,yes,0.035,0.9111475905555232
11354,0.5566164768176136,0.9277673078472876,0.37115083102967394,Diff-Means(burn-in=2.0),DM,,,10,20,169,10000,2.0,yes,0.035,0.9111475905555232
11355,0.5569982986598864,0.925768672382048,0.3687703737221616,Diff-Means(burn-in=2.0),DM,,,10,20,169,10000,2.0,yes,0.035,0.9111475905555232
11356,0.5558741609316015,0.9342332515504587,0.3783590906188572,Diff-Means(burn-in=2.0),DM,,,10,20,169,10000,2.0,yes,0.035,0.9111475905555232
11357,0.5603526731287636,0.9176237692515864,0.3572710961228228,Diff-Means(burn-in=2.0),DM,,,10,20,169,10000,2.0,yes,0.035,0.9111475905555232
11358,0.5574979671641946,0.9175945808511887,0.3600966136869941,Diff-Means(burn-in=2.0),DM,,,10,20,169,10000,2.0,yes,0.035,0.9111475905555232
11359,0.5594302363971786,0.932553904015151,0.37312366761797244,Diff-Means(burn-in=2.0),DM,,,10,20,169,10000,2.0,yes,0.035,0.9111475905555232
11360,0.5561336618888393,0.9201088300617198,0.36397516817288056,Diff-Means(burn-in=2.0),DM,,,10,20,169,10000,2.0,yes,0.035,0.9111475905555232
11361,0.5580267365897988,0.9210003122758854,0.36297357568608657,Diff-Means(burn-in=2.0),DM,,,10,20,169,10000,2.0,yes,0.035,0.9111475905555232
11362,0.5590301857550765,0.9340687310993675,0.37503854534429104,Diff-Means(burn-in=2.0),DM,,,10,20,169,10000,2.0,yes,0.035,0.9111475905555232
11363,0.557973441955028,0.9235269259977434,0.3655534840427155,Diff-Means(burn-in=2.0),DM,,,10,20,169,10000,2.0,yes,0.035,0.9111475905555232
11364,0.5603986765000238,0.9375334856145463,0.37713480911452246,Diff-Means(burn-in=2.0),DM,,,10,20,169,10000,2.0,yes,0.035,0.9111475905555232
11365,0.5571547380467463,0.924712100632782,0.36755736258603566,Diff-Means(burn-in=2.0),DM,,,10,20,169,10000,2.0,yes,0.035,0.9111475905555232
11366,0.5599676797519566,0.9325521455495549,0.3725844657975983,Diff-Means(burn-in=2.0),DM,,,10,20,169,10000,2.0,yes,0.035,0.9111475905555232
11367,0.5599210114015807,0.9369246392879002,0.37700362788631947,Diff-Means(burn-in=2.0),DM,,,10,20,169,10000,2.0,yes,0.035,0.9111475905555232
11368,0.5561625619104915,0.9297604969935981,0.37359793508310657,Diff-Means(burn-in=2.0),DM,,,10,20,169,10000,2.0,yes,0.035,0.9111475905555232
11369,0.5586208758359906,0.9290650353104681,0.3704441594744775,Diff-Means(burn-in=2.0),DM,,,10,20,169,10000,2.0,yes,0.035,0.9111475905555232
11370,0.5611690773219038,0.9329628018546141,0.3717937245327103,Diff-Means(burn-in=2.0),DM,,,10,20,169,10000,2.0,yes,0.035,0.9111475905555232
11371,0.5600407380019476,0.9353460878451249,0.3753053498431772,Diff-Means(burn-in=2.0),DM,,,10,20,169,10000,2.0,yes,0.035,0.9111475905555232
11372,0.5566474516838762,0.9222268117620084,0.3655793600781322,Diff-Means(burn-in=2.0),DM,,,10,20,169,10000,2.0,yes,0.035,0.9111475905555232
11373,0.5549766484214881,0.9258554918614229,0.3708788434399348,Diff-Means(burn-in=2.0),DM,,,10,20,169,10000,2.0,yes,0.035,0.9111475905555232
11374,0.5589445621713657,0.9323780377281762,0.3734334755568105,Diff-Means(burn-in=2.0),DM,,,10,20,169,10000,2.0,yes,0.035,0.9111475905555232
11375,0.5562485704749508,0.9301411466737527,0.3738925761988019,Diff-Means(burn-in=2.0),DM,,,10,20,169,10000,2.0,yes,0.035,0.9111475905555232
11376,0.5596751077246357,0.9242763324863461,0.3646012247617104,Diff-Means(burn-in=2.0),DM,,,10,20,169,10000,2.0,yes,0.035,0.9111475905555232
11377,0.5568059785739582,0.9366591757143267,0.37985319714036847,Diff-Means(burn-in=2.0),DM,,,10,20,169,10000,2.0,yes,0.035,0.9111475905555232
11378,0.5560265964667639,0.931474796960473,0.3754482004937091,Diff-Means(burn-in=2.0),DM,,,10,20,169,10000,2.0,yes,0.035,0.9111475905555232
11379,0.5576399611110919,0.9260549587697724,0.36841499765868047,Diff-Means(burn-in=2.0),DM,,,10,20,169,10000,2.0,yes,0.035,0.9111475905555232
11380,0.5601753758075441,0.9357451493238458,0.3755697735163017,Diff-Means(burn-in=2.0),DM,,,10,20,169,10000,2.0,yes,0.035,0.9111475905555232
11381,0.5562041490059512,0.923642199138153,0.3674380501322019,Diff-Means(burn-in=2.0),DM,,,10,20,169,10000,2.0,yes,0.035,0.9111475905555232
11382,0.5587822328458598,0.9275005902882635,0.36871835744240367,Diff-Means(burn-in=2.0),DM,,,10,20,169,10000,2.0,yes,0.035,0.9111475905555232
11383,0.5569405514886611,0.9272399246098867,0.37029937312122563,Diff-Means(burn-in=2.0),DM,,,10,20,169,10000,2.0,yes,0.035,0.9111475905555232
11384,0.5551001601484419,0.9185510232674621,0.3634508631190202,Diff-Means(burn-in=2.0),DM,,,10,20,169,10000,2.0,yes,0.035,0.9111475905555232
11385,0.5598458521682071,0.9340638046164667,0.3742179524482595,Diff-Means(burn-in=2.0),DM,,,10,20,169,10000,2.0,yes,0.035,0.9111475905555232
11386,0.5570201864028849,0.9351089466211739,0.3780887602182891,Diff-Means(burn-in=2.0),DM,,,10,20,169,10000,2.0,yes,0.035,0.9111475905555232
11387,0.5561007310922357,0.9270721079374411,0.3709713768452054,Diff-Means(burn-in=2.0),DM,,,10,20,169,10000,2.0,yes,0.035,0.9111475905555232
11388,0.5585396286340193,0.9268011073386615,0.3682614787046422,Diff-Means(burn-in=2.0),DM,,,10,20,169,10000,2.0,yes,0.035,0.9111475905555232
11389,0.5591886070105049,0.9223022871766795,0.3631136801661746,Diff-Means(burn-in=2.0),DM,,,10,20,169,10000,2.0,yes,0.035,0.9111475905555232
11390,0.5549037383326902,0.9202492108731692,0.365345472540479,Diff-Means(burn-in=2.0),DM,,,10,20,169,10000,2.0,yes,0.035,0.9111475905555232
11391,0.5603546488724532,0.9348417166204537,0.37448706774800045,Diff-Means(burn-in=2.0),DM,,,10,20,169,10000,2.0,yes,0.035,0.9111475905555232
11392,0.5576034832758843,0.9321229018045898,0.3745194185287055,Diff-Means(burn-in=2.0),DM,,,10,20,169,10000,2.0,yes,0.035,0.9111475905555232
11393,0.5553233208950692,0.9147518916441719,0.3594285707491027,Diff-Means(burn-in=2.0),DM,,,10,20,169,10000,2.0,yes,0.035,0.9111475905555232
11394,0.5596051235862373,0.9366955436547508,0.37709042006851357,Diff-Means(burn-in=2.0),DM,,,10,20,169,10000,2.0,yes,0.035,0.9111475905555232
11395,0.559771809498594,0.9327433952383699,0.37297158573977596,Diff-Means(burn-in=2.0),DM,,,10,20,169,10000,2.0,yes,0.035,0.9111475905555232
11396,0.5581005713810285,0.9291856135806734,0.3710850421996449,Diff-Means(burn-in=2.0),DM,,,10,20,169,10000,2.0,yes,0.035,0.9111475905555232
11397,0.5597006017233394,0.9344143514126241,0.3747137496892847,Diff-Means(burn-in=2.0),DM,,,10,20,169,10000,2.0,yes,0.035,0.9111475905555232
11398,0.555021076093391,0.9344772761973632,0.3794562001039722,Diff-Means(burn-in=2.0),DM,,,10,20,169,10000,2.0,yes,0.035,0.9111475905555232
11399,0.5546741585626545,0.9213354833438744,0.36666132478121993,Diff-Means(burn-in=2.0),DM,,,10,20,169,10000,2.0,yes,0.035,0.9111475905555232
11400,0.5580225045827008,0.9259376486368625,0.3679151440541617,Diff-Means(burn-in=2.0),DM,,,10,20,169,10000,2.0,yes,0.035,0.9111475905555232
11401,0.5599732517701226,0.9280599562089809,0.36808670443885827,Diff-Means(burn-in=2.0),DM,,,10,20,169,10000,2.0,yes,0.035,0.9111475905555232
11402,0.5596617542412513,0.9346650322740333,0.375003278032782,Diff-Means(burn-in=2.0),DM,,,10,20,169,10000,2.0,yes,0.035,0.9111475905555232
11403,0.5572973352246872,0.9382751247623916,0.38097778953770445,Diff-Means(burn-in=2.0),DM,,,10,20,169,10000,2.0,yes,0.035,0.9111475905555232
11404,0.5569257597414567,0.9199472776102225,0.3630215178687658,Diff-Means(burn-in=2.0),DM,,,10,20,169,10000,2.0,yes,0.035,0.9111475905555232
11405,0.5555883701366912,0.9367153060904888,0.38112693595379765,Diff-Means(burn-in=2.0),DM,,,10,20,169,10000,2.0,yes,0.035,0.9111475905555232
11406,0.5574180516574959,0.9319761780746538,0.3745581264171579,Diff-Means(burn-in=2.0),DM,,,10,20,169,10000,2.0,yes,0.035,0.9111475905555232
11407,0.5575153004032412,0.9260388283856912,0.36852352798245,Diff-Means(burn-in=2.0),DM,,,10,20,169,10000,2.0,yes,0.035,0.9111475905555232
11408,0.5596028554735254,0.9270982658493151,0.3674954103757897,Diff-Means(burn-in=2.0),DM,,,10,20,169,10000,2.0,yes,0.035,0.9111475905555232
11409,0.559401239931916,0.9286348185280232,0.36923357859610717,Diff-Means(burn-in=2.0),DM,,,10,20,169,10000,2.0,yes,0.035,0.9111475905555232
11410,0.5580641630914024,0.9359780465790419,0.37791388348763955,Diff-Means(burn-in=2.0),DM,,,10,20,169,10000,2.0,yes,0.035,0.9111475905555232
11411,0.5588543246075752,0.9324318683152365,0.3735775437076613,Diff-Means(burn-in=2.0),DM,,,10,20,169,10000,2.0,yes,0.035,0.9111475905555232
11412,0.5584209898216255,0.9316930643593545,0.37327207453772904,Diff-Means(burn-in=2.0),DM,,,10,20,169,10000,2.0,yes,0.035,0.9111475905555232
11413,0.5594167057542662,0.9276232124563036,0.3682065067020375,Diff-Means(burn-in=2.0),DM,,,10,20,169,10000,2.0,yes,0.035,0.9111475905555232
11414,0.5598183491212397,0.9276873114743456,0.36786896235310584,Diff-Means(burn-in=2.0),DM,,,10,20,169,10000,2.0,yes,0.035,0.9111475905555232
11415,0.5566000487650233,0.9204032583238191,0.36380320955879575,Diff-Means(burn-in=2.0),DM,,,10,20,169,10000,2.0,yes,0.035,0.9111475905555232
11416,0.5606805783949955,0.9387083151221036,0.3780277367271081,Diff-Means(burn-in=2.0),DM,,,10,20,169,10000,2.0,yes,0.035,0.9111475905555232
11417,0.5587264833329196,0.9261656507934535,0.36743916746053384,Diff-Means(burn-in=2.0),DM,,,10,20,169,10000,2.0,yes,0.035,0.9111475905555232
11418,0.5589057989644489,0.9324350032722674,0.37352920430781844,Diff-Means(burn-in=2.0),DM,,,10,20,169,10000,2.0,yes,0.035,0.9111475905555232
11419,0.557198807148417,0.9382484725223023,0.3810496653738853,Diff-Means(burn-in=2.0),DM,,,10,20,169,10000,2.0,yes,0.035,0.9111475905555232
11420,0.5575789609531645,0.933457440739421,0.37587847978625655,Diff-Means(burn-in=2.0),DM,,,10,20,169,10000,2.0,yes,0.035,0.9111475905555232
11421,0.5594873186995105,0.9383372469695747,0.37884992827006414,Diff-Means(burn-in=2.0),DM,,,10,20,169,10000,2.0,yes,0.035,0.9111475905555232
11422,0.5587101888727899,0.9260529882617592,0.3673427993889693,Diff-Means(burn-in=2.0),DM,,,10,20,169,10000,2.0,yes,0.035,0.9111475905555232
11423,0.5570361213633056,0.9362541892592017,0.37921806789589607,Diff-Means(burn-in=2.0),DM,,,10,20,169,10000,2.0,yes,0.035,0.9111475905555232
11424,0.5570548735566634,0.9359324438280777,0.37887757027141433,Diff-Means(burn-in=2.0),DM,,,10,20,169,10000,2.0,yes,0.035,0.9111475905555232
11425,0.5581365754428975,0.9309095962478359,0.37277302080493835,Diff-Means(burn-in=2.0),DM,,,10,20,169,10000,2.0,yes,0.035,0.9111475905555232
11426,0.5588768088350545,0.9256817504997081,0.3668049416646536,Diff-Means(burn-in=2.0),DM,,,10,20,169,10000,2.0,yes,0.035,0.9111475905555232
11427,0.5537971531743647,0.9299774066437282,0.37618025346936346,Diff-Means(burn-in=2.0),DM,,,10,20,169,10000,2.0,yes,0.035,0.9111475905555232
11428,0.5608890853915074,0.9279985678784033,0.3671094824868959,Diff-Means(burn-in=2.0),DM,,,10,20,169,10000,2.0,yes,0.035,0.9111475905555232
11429,0.5592444848180141,0.928822620515702,0.3695781356976878,Diff-Means(burn-in=2.0),DM,,,10,20,169,10000,2.0,yes,0.035,0.9111475905555232
11430,0.5568907360361257,0.9235336247531625,0.36664288871703676,Diff-Means(burn-in=2.0),DM,,,10,20,169,10000,2.0,yes,0.035,0.9111475905555232
11431,0.559363481775755,0.935678984906547,0.376315503130792,Diff-Means(burn-in=2.0),DM,,,10,20,169,10000,2.0,yes,0.035,0.9111475905555232
11432,0.5602122141868685,0.927806562825674,0.36759434863880547,Diff-Means(burn-in=2.0),DM,,,10,20,169,10000,2.0,yes,0.035,0.9111475905555232
11433,0.5583140540827193,0.9300687813799349,0.3717547272972156,Diff-Means(burn-in=2.0),DM,,,10,20,169,10000,2.0,yes,0.035,0.9111475905555232
11434,0.5615589559237144,0.9282546830287862,0.3666957271050718,Diff-Means(burn-in=2.0),DM,,,10,20,169,10000,2.0,yes,0.035,0.9111475905555232
11435,0.5609981088953981,0.9332390213946492,0.37224091249925106,Diff-Means(burn-in=2.0),DM,,,10,20,169,10000,2.0,yes,0.035,0.9111475905555232
11436,0.5574909304245149,0.9320423427948954,0.3745514123703805,Diff-Means(burn-in=2.0),DM,,,10,20,169,10000,2.0,yes,0.035,0.9111475905555232
11437,0.55862958277288,0.92541317922916,0.36678359645628,Diff-Means(burn-in=2.0),DM,,,10,20,169,10000,2.0,yes,0.035,0.9111475905555232
11438,0.5587104608849081,0.9340832736213307,0.37537281273642265,Diff-Means(burn-in=2.0),DM,,,10,20,169,10000,2.0,yes,0.035,0.9111475905555232
11439,0.5556686610923972,0.9318741933613791,0.3762055322689819,Diff-Means(burn-in=2.0),DM,,,10,20,169,10000,2.0,yes,0.035,0.9111475905555232
11440,0.5555990611735545,0.9238951229161759,0.3682960617426214,Diff-Means(burn-in=2.0),DM,,,10,20,169,10000,2.0,yes,0.035,0.9111475905555232
11441,0.5580183279624354,0.937458824947465,0.3794404969850296,Diff-Means(burn-in=2.0),DM,,,10,20,169,10000,2.0,yes,0.035,0.9111475905555232
11442,0.5577670385532587,0.9217919803799485,0.36402494182668976,Diff-Means(burn-in=2.0),DM,,,10,20,169,10000,2.0,yes,0.035,0.9111475905555232
11443,0.5579568681334741,0.9221509273647306,0.3641940592312565,Diff-Means(burn-in=2.0),DM,,,10,20,169,10000,2.0,yes,0.035,0.9111475905555232
11444,0.5578585028898735,0.9271695277298101,0.3693110248399366,Diff-Means(burn-in=2.0),DM,,,10,20,169,10000,2.0,yes,0.035,0.9111475905555232
11445,0.5568743455586795,0.9343409862251929,0.37746664066651336,Diff-Means(burn-in=2.0),DM,,,10,20,169,10000,2.0,yes,0.035,0.9111475905555232
11446,0.5573564954505912,0.9242652516722053,0.3669087562216141,Diff-Means(burn-in=2.0),DM,,,10,20,169,10000,2.0,yes,0.035,0.9111475905555232
11447,0.5554005266135933,0.9337149460424041,0.37831441942881083,Diff-Means(burn-in=2.0),DM,,,10,20,169,10000,2.0,yes,0.035,0.9111475905555232
11448,0.5568314151746723,0.9388307151843645,0.3819993000096922,Diff-Means(burn-in=2.0),DM,,,10,20,169,10000,2.0,yes,0.035,0.9111475905555232
11449,0.5555683893222437,0.9219993722461244,0.36643098292388065,Diff-Means(burn-in=2.0),DM,,,10,20,169,10000,2.0,yes,0.035,0.9111475905555232
11450,0.5585828853936945,0.9286296088588218,0.37004672346512735,Diff-Means(burn-in=2.0),DM,,,10,20,169,10000,2.0,yes,0.035,0.9111475905555232
11451,0.5606363319670964,0.9316847543038203,0.37104842233672386,Diff-Means(burn-in=2.0),DM,,,10,20,169,10000,2.0,yes,0.035,0.9111475905555232
11452,0.5592454351077983,0.9324056114610135,0.3731601763532152,Diff-Means(burn-in=2.0),DM,,,10,20,169,10000,2.0,yes,0.035,0.9111475905555232
11453,0.5565994241481457,0.9337009854220975,0.3771015612739518,Diff-Means(burn-in=2.0),DM,,,10,20,169,10000,2.0,yes,0.035,0.9111475905555232
11454,0.5575999622698717,0.9347606685735377,0.37716070630366594,Diff-Means(burn-in=2.0),DM,,,10,20,169,10000,2.0,yes,0.035,0.9111475905555232
11455,0.5566734914759367,0.9227501772171324,0.3660766857411957,Diff-Means(burn-in=2.0),DM,,,10,20,169,10000,2.0,yes,0.035,0.9111475905555232
11456,0.5598363703146101,0.9278609047449268,0.3680245344303167,Diff-Means(burn-in=2.0),DM,,,10,20,169,10000,2.0,yes,0.035,0.9111475905555232
11457,0.5562202412042636,0.92521159894454,0.36899135774027636,Diff-Means(burn-in=2.0),DM,,,10,20,169,10000,2.0,yes,0.035,0.9111475905555232
11458,0.5598775222558474,0.9371725386806895,0.3772950164248421,Diff-Means(burn-in=2.0),DM,,,10,20,169,10000,2.0,yes,0.035,0.9111475905555232
11459,0.5583333133144026,0.931129975983632,0.3727966626692294,Diff-Means(burn-in=2.0),DM,,,10,20,169,10000,2.0,yes,0.035,0.9111475905555232
11460,0.5583239930291235,0.9330480921806196,0.37472409915149607,Diff-Means(burn-in=2.0),DM,,,10,20,169,10000,2.0,yes,0.035,0.9111475905555232
11461,0.5588828222409744,0.9286385612081896,0.36975573896721514,Diff-Means(burn-in=2.0),DM,,,10,20,169,10000,2.0,yes,0.035,0.9111475905555232
11462,0.5590378696640436,0.9219961198455056,0.362958250181462,Diff-Means(burn-in=2.0),DM,,,10,20,169,10000,2.0,yes,0.035,0.9111475905555232
11463,0.5589185762234578,0.9347286047720332,0.3758100285485755,Diff-Means(burn-in=2.0),DM,,,10,20,169,10000,2.0,yes,0.035,0.9111475905555232
11464,0.5570170964012234,0.9295349745649294,0.37251787816370596,Diff-Means(burn-in=2.0),DM,,,10,20,169,10000,2.0,yes,0.035,0.9111475905555232
11465,0.5577939596978195,0.9258085670738303,0.36801460737601077,Diff-Means(burn-in=2.0),DM,,,10,20,169,10000,2.0,yes,0.035,0.9111475905555232
11466,0.5569554615159031,0.9383185870247476,0.38136312550884444,Diff-Means(burn-in=2.0),DM,,,10,20,169,10000,2.0,yes,0.035,0.9111475905555232
11467,0.5570013138495783,0.9358741894082712,0.37887287555869287,Diff-Means(burn-in=2.0),DM,,,10,20,169,10000,2.0,yes,0.035,0.9111475905555232
11468,0.5565276579248655,0.9356352448680345,0.37910758694316904,Diff-Means(burn-in=2.0),DM,,,10,20,169,10000,2.0,yes,0.035,0.9111475905555232
11469,0.559265168669417,0.932481460831173,0.373216292161756,Diff-Means(burn-in=2.0),DM,,,10,20,169,10000,2.0,yes,0.035,0.9111475905555232
11470,0.555872019610739,0.9308164537867262,0.3749444341759872,Diff-Means(burn-in=2.0),DM,,,10,20,169,10000,2.0,yes,0.035,0.9111475905555232
11471,0.5592327630686246,0.9333625627792307,0.3741297997106061,Diff-Means(burn-in=2.0),DM,,,10,20,169,10000,2.0,yes,0.035,0.9111475905555232
11472,0.5549778241140768,0.9144268970700321,0.3594490729559553,Diff-Means(burn-in=2.0),DM,,,10,20,169,10000,2.0,yes,0.035,0.9111475905555232
11473,0.5606075701461135,0.9308335192157372,0.3702259490696237,Diff-Means(burn-in=2.0),DM,,,10,20,169,10000,2.0,yes,0.035,0.9111475905555232
11474,0.5591313868146146,0.9309912453475684,0.3718598585329538,Diff-Means(burn-in=2.0),DM,,,10,20,169,10000,2.0,yes,0.035,0.9111475905555232
11475,0.5573096986880287,0.9226088153397592,0.36529911665173054,Diff-Means(burn-in=2.0),DM,,,10,20,169,10000,2.0,yes,0.035,0.9111475905555232
11476,0.5557725726010071,0.9330855557651287,0.37731298316412165,Diff-Means(burn-in=2.0),DM,,,10,20,169,10000,2.0,yes,0.035,0.9111475905555232
11477,0.5570612555172529,0.930793442155248,0.373732186637995,Diff-Means(burn-in=2.0),DM,,,10,20,169,10000,2.0,yes,0.035,0.9111475905555232
11478,0.5644847861699638,0.9398921585049071,0.37540737233494337,Diff-Means(burn-in=2.0),DM,,,10,20,169,10000,2.0,yes,0.035,0.9111475905555232
11479,0.5614002927211387,0.9313812334291853,0.36998094070804666,Diff-Means(burn-in=2.0),DM,,,10,20,169,10000,2.0,yes,0.035,0.9111475905555232
11480,0.5581612628657556,0.9253749091250564,0.36721364625930075,Diff-Means(burn-in=2.0),DM,,,10,20,169,10000,2.0,yes,0.035,0.9111475905555232
11481,0.5600526122993571,0.9267593865990245,0.36670677429966736,Diff-Means(burn-in=2.0),DM,,,10,20,169,10000,2.0,yes,0.035,0.9111475905555232
11482,0.5587350624472143,0.9305105045184295,0.37177544207121527,Diff-Means(burn-in=2.0),DM,,,10,20,169,10000,2.0,yes,0.035,0.9111475905555232
11483,0.5567365969033483,0.9384675489441828,0.3817309520408345,Diff-Means(burn-in=2.0),DM,,,10,20,169,10000,2.0,yes,0.035,0.9111475905555232
11484,0.5573998586752681,0.9253089809660007,0.3679091222907326,Diff-Means(burn-in=2.0),DM,,,10,20,169,10000,2.0,yes,0.035,0.9111475905555232
11485,0.5527781000842382,0.9177005291147711,0.36492242903053285,Diff-Means(burn-in=2.0),DM,,,10,20,169,10000,2.0,yes,0.035,0.9111475905555232
11486,0.5550391824014227,0.9283337765693929,0.3732945941679702,Diff-Means(burn-in=2.0),DM,,,10,20,169,10000,2.0,yes,0.035,0.9111475905555232
11487,0.5563803747129994,0.9305614318404511,0.37418105712745175,Diff-Means(burn-in=2.0),DM,,,10,20,169,10000,2.0,yes,0.035,0.9111475905555232
11488,0.5574901221501488,0.9249321996089843,0.3674420774588355,Diff-Means(burn-in=2.0),DM,,,10,20,169,10000,2.0,yes,0.035,0.9111475905555232
11489,0.5572265931054443,0.9272891846934996,0.3700625915880553,Diff-Means(burn-in=2.0),DM,,,10,20,169,10000,2.0,yes,0.035,0.9111475905555232
11490,0.5576365656995695,0.9375877264631776,0.379951160763608,Diff-Means(burn-in=2.0),DM,,,10,20,169,10000,2.0,yes,0.035,0.9111475905555232
11491,0.5570920276218788,0.9201498022880497,0.36305777466617084,Diff-Means(burn-in=2.0),DM,,,10,20,169,10000,2.0,yes,0.035,0.9111475905555232
11492,0.5562046769247699,0.9249503983569448,0.3687457214321749,Diff-Means(burn-in=2.0),DM,,,10,20,169,10000,2.0,yes,0.035,0.9111475905555232
11493,0.5586464800178339,0.9280166752350156,0.36937019521718173,Diff-Means(burn-in=2.0),DM,,,10,20,169,10000,2.0,yes,0.035,0.9111475905555232
11494,0.5582426535881372,0.9146129148962856,0.3563702613081484,Diff-Means(burn-in=2.0),DM,,,10,20,169,10000,2.0,yes,0.035,0.9111475905555232
11495,0.5546700270585664,0.9258874916660799,0.3712174646075135,Diff-Means(burn-in=2.0),DM,,,10,20,169,10000,2.0,yes,0.035,0.9111475905555232
11496,0.5597120457086641,0.921440612216744,0.36172856650807994,Diff-Means(burn-in=2.0),DM,,,10,20,169,10000,2.0,yes,0.035,0.9111475905555232
11497,0.5584067022204898,0.9281246236333053,0.36971792141281545,Diff-Means(burn-in=2.0),DM,,,10,20,169,10000,2.0,yes,0.035,0.9111475905555232
11498,0.5563894400615291,0.9178198275308003,0.36143038746927114,Diff-Means(burn-in=2.0),DM,,,10,20,169,10000,2.0,yes,0.035,0.9111475905555232
11499,0.5575238486507709,0.925891656375608,0.3683678077248371,Diff-Means(burn-in=2.0),DM,,,10,20,169,10000,2.0,yes,0.035,0.9111475905555232
11500,0.5568188737524475,0.9206275204129375,0.36380864666048995,Diff-Means(burn-in=2.0),DM,,,10,20,169,10000,2.0,yes,0.035,0.9111475905555232
11501,0.5579431631435937,0.9371336949554199,0.37919053181182616,Diff-Means(burn-in=2.0),DM,,,10,20,169,10000,2.0,yes,0.035,0.9111475905555232
11502,0.558675901836333,0.9276899180788052,0.3690140162424722,Diff-Means(burn-in=2.0),DM,,,10,20,169,10000,2.0,yes,0.035,0.9111475905555232
11503,0.5595515512066412,0.9329379080100773,0.373386356803436,Diff-Means(burn-in=2.0),DM,,,10,20,169,10000,2.0,yes,0.035,0.9111475905555232
11504,0.5575094151394743,0.925959605692546,0.3684501905530717,Diff-Means(burn-in=2.0),DM,,,10,20,169,10000,2.0,yes,0.035,0.9111475905555232
11505,0.5585354962987077,0.9251797602298806,0.3666442639311729,Diff-Means(burn-in=2.0),DM,,,10,20,169,10000,2.0,yes,0.035,0.9111475905555232
11506,0.5564486922161364,0.9386781808241271,0.3822294886079908,Diff-Means(burn-in=2.0),DM,,,10,20,169,10000,2.0,yes,0.035,0.9111475905555232
11507,0.5581424981318209,0.9239048425981784,0.36576234446635747,Diff-Means(burn-in=2.0),DM,,,10,20,169,10000,2.0,yes,0.035,0.9111475905555232
11508,0.5593822557999674,0.9246612904340522,0.36527903463408484,Diff-Means(burn-in=2.0),DM,,,10,20,169,10000,2.0,yes,0.035,0.9111475905555232
11509,0.5598367376373296,0.9286430740564309,0.3688063364191013,Diff-Means(burn-in=2.0),DM,,,10,20,169,10000,2.0,yes,0.035,0.9111475905555232
11510,0.5589811259745762,0.9228071893436203,0.3638260633690441,Diff-Means(burn-in=2.0),DM,,,10,20,169,10000,2.0,yes,0.035,0.9111475905555232
11511,0.5615577947230413,0.9318100419424558,0.3702522472194144,Diff-Means(burn-in=2.0),DM,,,10,20,169,10000,2.0,yes,0.035,0.9111475905555232
11512,0.5575068140467635,0.9395583529535494,0.3820515389067859,Diff-Means(burn-in=2.0),DM,,,10,20,169,10000,2.0,yes,0.035,0.9111475905555232
11513,0.557759063803601,0.9265907073823123,0.36883164357871134,Diff-Means(burn-in=2.0),DM,,,10,20,169,10000,2.0,yes,0.035,0.9111475905555232
11514,0.5621420567657187,0.933210382032979,0.3710683252672603,Diff-Means(burn-in=2.0),DM,,,10,20,169,10000,2.0,yes,0.035,0.9111475905555232
11515,0.5598530145518068,0.9300009012299125,0.3701478866781057,Diff-Means(burn-in=2.0),DM,,,10,20,169,10000,2.0,yes,0.035,0.9111475905555232
11516,0.5573234541461749,0.9361708971886031,0.37884744304242823,Diff-Means(burn-in=2.0),DM,,,10,20,169,10000,2.0,yes,0.035,0.9111475905555232
11517,0.5563414597417751,0.923300730126098,0.36695927038432297,Diff-Means(burn-in=2.0),DM,,,10,20,169,10000,2.0,yes,0.035,0.9111475905555232
11518,0.5575719247798249,0.9269699789315472,0.36939805415172233,Diff-Means(burn-in=2.0),DM,,,10,20,169,10000,2.0,yes,0.035,0.9111475905555232
11519,0.5598552984777673,0.942630440917272,0.3827751424395047,Diff-Means(burn-in=2.0),DM,,,10,20,169,10000,2.0,yes,0.035,0.9111475905555232
11520,0.5571895291196887,0.9271183566946858,0.3699288275749971,Diff-Means(burn-in=2.0),DM,,,10,20,169,10000,2.0,yes,0.035,0.9111475905555232
11521,0.5566225261614407,0.9274373579450018,0.3708148317835611,Diff-Means(burn-in=2.0),DM,,,10,20,169,10000,2.0,yes,0.035,0.9111475905555232
11522,0.5566037352771201,0.9274381545790287,0.3708344193019085,Diff-Means(burn-in=2.0),DM,,,10,20,169,10000,2.0,yes,0.035,0.9111475905555232
11523,0.5553399658653858,0.9281093409860415,0.37276937512065567,Diff-Means(burn-in=2.0),DM,,,10,20,169,10000,2.0,yes,0.035,0.9111475905555232
11524,0.5602559261021841,0.9340060612251688,0.3737501351229847,Diff-Means(burn-in=2.0),DM,,,10,20,169,10000,2.0,yes,0.035,0.9111475905555232
11525,0.5567739148667271,0.9389437380920213,0.38216982322529414,Diff-Means(burn-in=2.0),DM,,,10,20,169,10000,2.0,yes,0.035,0.9111475905555232
11526,0.555982531458726,0.9316321562126756,0.3756496247539496,Diff-Means(burn-in=2.0),DM,,,10,20,169,10000,2.0,yes,0.035,0.9111475905555232
11527,0.5580078793034211,0.9304947636349388,0.37248688433151766,Diff-Means(burn-in=2.0),DM,,,10,20,169,10000,2.0,yes,0.035,0.9111475905555232
11528,0.5609999673913868,0.9345110102826318,0.37351104289124504,Diff-Means(burn-in=2.0),DM,,,10,20,169,10000,2.0,yes,0.035,0.9111475905555232
11529,0.5579247856973548,0.9337247021141986,0.37579991641684374,Diff-Means(burn-in=2.0),DM,,,10,20,169,10000,2.0,yes,0.035,0.9111475905555232
11530,0.5578428383826983,0.9276714847607186,0.36982864637802026,Diff-Means(burn-in=2.0),DM,,,10,20,169,10000,2.0,yes,0.035,0.9111475905555232
11531,0.5586030204452572,0.9316102252548075,0.3730072048095503,Diff-Means(burn-in=2.0),DM,,,10,20,169,10000,2.0,yes,0.035,0.9111475905555232
11532,0.5580762153782503,0.9255337937702482,0.367457578391998,Diff-Means(burn-in=2.0),DM,,,10,20,169,10000,2.0,yes,0.035,0.9111475905555232
11533,0.5561666134134455,0.9218924540422215,0.365725840628776,Diff-Means(burn-in=2.0),DM,,,10,20,169,10000,2.0,yes,0.035,0.9111475905555232
11534,0.5542406455784046,0.9251089789496484,0.3708683333712438,Diff-Means(burn-in=2.0),DM,,,10,20,169,10000,2.0,yes,0.035,0.9111475905555232
11535,0.5587797829974749,0.929695589380795,0.3709158063833201,Diff-Means(burn-in=2.0),DM,,,10,20,169,10000,2.0,yes,0.035,0.9111475905555232
11536,0.5589071860351514,0.9271605400017695,0.36825335396661807,Diff-Means(burn-in=2.0),DM,,,10,20,169,10000,2.0,yes,0.035,0.9111475905555232
11537,0.5570408454577916,0.9353841659507016,0.37834332049291,Diff-Means(burn-in=2.0),DM,,,10,20,169,10000,2.0,yes,0.035,0.9111475905555232
11538,0.5561369952778734,0.9275157517695025,0.3713787564916291,Diff-Means(burn-in=2.0),DM,,,10,20,169,10000,2.0,yes,0.035,0.9111475905555232
11539,0.5576055531514746,0.9116565437510356,0.3540509905995609,Diff-Means(burn-in=2.0),DM,,,10,20,169,10000,2.0,yes,0.035,0.9111475905555232
11540,0.5576553738127751,0.9251778634242482,0.36752248961147316,Diff-Means(burn-in=2.0),DM,,,10,20,169,10000,2.0,yes,0.035,0.9111475905555232
11541,0.55901242619381,0.9278867256430101,0.36887429944920014,Diff-Means(burn-in=2.0),DM,,,10,20,169,10000,2.0,yes,0.035,0.9111475905555232
11542,0.5619556407003093,0.9372324111643089,0.37527677046399954,Diff-Means(burn-in=2.0),DM,,,10,20,169,10000,2.0,yes,0.035,0.9111475905555232
11543,0.561304454204885,0.9212700366056836,0.3599655824007987,Diff-Means(burn-in=2.0),DM,,,10,20,169,10000,2.0,yes,0.035,0.9111475905555232
11544,0.5568013534663683,0.9180082792545119,0.3612069257881436,Diff-Means(burn-in=2.0),DM,,,10,20,169,10000,2.0,yes,0.035,0.9111475905555232
11545,0.5608818681538156,0.934337332679835,0.3734554645260194,Diff-Means(burn-in=2.0),DM,,,10,20,169,10000,2.0,yes,0.035,0.9111475905555232
11546,0.5582871180802494,0.9286694220556531,0.3703823039754036,Diff-Means(burn-in=2.0),DM,,,10,20,169,10000,2.0,yes,0.035,0.9111475905555232
11547,0.5591893930916632,0.9215418577489046,0.36235246465724147,Diff-Means(burn-in=2.0),DM,,,10,20,169,10000,2.0,yes,0.035,0.9111475905555232
11548,0.5577876278156708,0.9308040882193698,0.37301646040369896,Diff-Means(burn-in=2.0),DM,,,10,20,169,10000,2.0,yes,0.035,0.9111475905555232
11549,0.5575120533176209,0.9329514339122091,0.37543938059458826,Diff-Means(burn-in=2.0),DM,,,10,20,169,10000,2.0,yes,0.035,0.9111475905555232
11550,0.5607319078866426,0.9307214036506034,0.3699894957639608,Diff-Means(burn-in=2.0),DM,,,10,20,169,10000,2.0,yes,0.035,0.9111475905555232
11551,0.5568433236597199,0.932846452568018,0.3760031289082981,Diff-Means(burn-in=2.0),DM,,,10,20,169,10000,2.0,yes,0.035,0.9111475905555232
11552,0.5582136758375188,0.9290621100739509,0.3708484342364321,Diff-Means(burn-in=2.0),DM,,,10,20,169,10000,2.0,yes,0.035,0.9111475905555232
11553,0.5562462970754961,0.9250490068984081,0.36880270982291197,Diff-Means(burn-in=2.0),DM,,,10,20,169,10000,2.0,yes,0.035,0.9111475905555232
11554,0.5553228540556177,0.929780350884242,0.3744574968286244,Diff-Means(burn-in=2.0),DM,,,10,20,169,10000,2.0,yes,0.035,0.9111475905555232
11555,0.5576525266847033,0.9366352706836448,0.3789827439989415,Diff-Means(burn-in=2.0),DM,,,10,20,169,10000,2.0,yes,0.035,0.9111475905555232
11556,0.5575731702020917,0.9241133667109912,0.36654019650889946,Diff-Means(burn-in=2.0),DM,,,10,20,169,10000,2.0,yes,0.035,0.9111475905555232
11557,0.5553007569788588,0.9354428238152804,0.3801420668364216,Diff-Means(burn-in=2.0),DM,,,10,20,169,10000,2.0,yes,0.035,0.9111475905555232
11558,0.5608444845190589,0.9308203414752814,0.3699758569562225,Diff-Means(burn-in=2.0),DM,,,10,20,169,10000,2.0,yes,0.035,0.9111475905555232
11559,0.5582569397480512,0.9283952937964198,0.3701383540483686,Diff-Means(burn-in=2.0),DM,,,10,20,169,10000,2.0,yes,0.035,0.9111475905555232
11560,0.5550227231760338,0.9383131610968649,0.38329043792083106,Diff-Means(burn-in=2.0),DM,,,10,20,169,10000,2.0,yes,0.035,0.9111475905555232
11561,0.5583497059934517,0.9180982885519191,0.3597485825584674,Diff-Means(burn-in=2.0),DM,,,10,20,169,10000,2.0,yes,0.035,0.9111475905555232
11562,0.5578017156895476,0.936779621227639,0.3789779055380914,Diff-Means(burn-in=2.0),DM,,,10,20,169,10000,2.0,yes,0.035,0.9111475905555232
11563,0.5562680597207998,0.9264375202191908,0.37016946049839095,Diff-Means(burn-in=2.0),DM,,,10,20,169,10000,2.0,yes,0.035,0.9111475905555232
11564,0.5585316648183538,0.9291837902289204,0.3706521254105666,Diff-Means(burn-in=2.0),DM,,,10,20,169,10000,2.0,yes,0.035,0.9111475905555232
11565,0.5564134632075276,0.9334739579210449,0.3770604947135173,Diff-Means(burn-in=2.0),DM,,,10,20,169,10000,2.0,yes,0.035,0.9111475905555232
11566,0.5572738559679226,0.9291395541516803,0.3718656981837577,Diff-Means(burn-in=2.0),DM,,,10,20,169,10000,2.0,yes,0.035,0.9111475905555232
11567,0.5557304201500703,0.9230563152898396,0.3673258951397692,Diff-Means(burn-in=2.0),DM,,,10,20,169,10000,2.0,yes,0.035,0.9111475905555232
11568,0.5528479760653202,0.9249038475419864,0.3720558714766662,Diff-Means(burn-in=2.0),DM,,,10,20,169,10000,2.0,yes,0.035,0.9111475905555232
11569,0.5589613261559814,0.9322043007964641,0.3732429746404827,Diff-Means(burn-in=2.0),DM,,,10,20,169,10000,2.0,yes,0.035,0.9111475905555232
11570,0.5612212083898968,0.9320467946848618,0.3708255862949651,Diff-Means(burn-in=2.0),DM,,,10,20,169,10000,2.0,yes,0.035,0.9111475905555232
11571,0.5608661567281762,0.9298031851041189,0.36893702837594267,Diff-Means(burn-in=2.0),DM,,,10,20,169,10000,2.0,yes,0.035,0.9111475905555232
11572,0.5588612659589263,0.9322667738564916,0.3734055078975653,Diff-Means(burn-in=2.0),DM,,,10,20,169,10000,2.0,yes,0.035,0.9111475905555232
11573,0.5563904755283744,0.9268363895195137,0.37044591399113935,Diff-Means(burn-in=2.0),DM,,,10,20,169,10000,2.0,yes,0.035,0.9111475905555232
11574,0.5564782737414248,0.9121813066048692,0.3557030328634444,Diff-Means(burn-in=2.0),DM,,,10,20,169,10000,2.0,yes,0.035,0.9111475905555232
11575,0.56193201398617,0.9326217229492022,0.3706897089630322,Diff-Means(burn-in=2.0),DM,,,10,20,169,10000,2.0,yes,0.035,0.9111475905555232
11576,0.5591302366396205,0.9329182630607831,0.3737880264211626,Diff-Means(burn-in=2.0),DM,,,10,20,169,10000,2.0,yes,0.035,0.9111475905555232
11577,0.5566585791471255,0.9268216512944449,0.37016307214731947,Diff-Means(burn-in=2.0),DM,,,10,20,169,10000,2.0,yes,0.035,0.9111475905555232
11578,0.5550222575688353,0.928580248026685,0.37355799045784976,Diff-Means(burn-in=2.0),DM,,,10,20,169,10000,2.0,yes,0.035,0.9111475905555232
11579,0.5559461677882207,0.9205595122215534,0.3646133444333327,Diff-Means(burn-in=2.0),DM,,,10,20,169,10000,2.0,yes,0.035,0.9111475905555232
11580,0.5546097394031277,0.9302765187797136,0.3756667793765859,Diff-Means(burn-in=2.0),DM,,,10,20,169,10000,2.0,yes,0.035,0.9111475905555232
11581,0.5549429734033768,0.9222788913169728,0.367335917913596,Diff-Means(burn-in=2.0),DM,,,10,20,169,10000,2.0,yes,0.035,0.9111475905555232
11582,0.5591177804521981,0.9237770664433057,0.36465928599110764,Diff-Means(burn-in=2.0),DM,,,10,20,169,10000,2.0,yes,0.035,0.9111475905555232
11583,0.5590511078828688,0.9208597960637374,0.36180868818086853,Diff-Means(burn-in=2.0),DM,,,10,20,169,10000,2.0,yes,0.035,0.9111475905555232
11584,0.5609033815693079,0.9397214311565282,0.3788180495872203,Diff-Means(burn-in=2.0),DM,,,10,20,169,10000,2.0,yes,0.035,0.9111475905555232
11585,0.556541571537757,0.9238724729210488,0.36733090138329183,Diff-Means(burn-in=2.0),DM,,,10,20,169,10000,2.0,yes,0.035,0.9111475905555232
11586,0.5558473638211396,0.9317556825174159,0.3759083186962763,Diff-Means(burn-in=2.0),DM,,,10,20,169,10000,2.0,yes,0.035,0.9111475905555232
11587,0.5625951362192968,0.9282583931735933,0.36566325695429647,Diff-Means(burn-in=2.0),DM,,,10,20,169,10000,2.0,yes,0.035,0.9111475905555232
11588,0.5603609998437598,0.9310276286303126,0.3706666287865529,Diff-Means(burn-in=2.0),DM,,,10,20,169,10000,2.0,yes,0.035,0.9111475905555232
11589,0.5617464986304551,0.9382444259202625,0.37649792728980735,Diff-Means(burn-in=2.0),DM,,,10,20,169,10000,2.0,yes,0.035,0.9111475905555232
11590,0.5573280898020557,0.9296421267292042,0.3723140369271485,Diff-Means(burn-in=2.0),DM,,,10,20,169,10000,2.0,yes,0.035,0.9111475905555232
11591,0.5580008182133036,0.9403670445621244,0.3823662263488208,Diff-Means(burn-in=2.0),DM,,,10,20,169,10000,2.0,yes,0.035,0.9111475905555232
11592,0.5556202037742783,0.9277624733613195,0.3721422695870411,Diff-Means(burn-in=2.0),DM,,,10,20,169,10000,2.0,yes,0.035,0.9111475905555232
11593,0.558559226700077,0.9408403329612274,0.3822811062611504,Diff-Means(burn-in=2.0),DM,,,10,20,169,10000,2.0,yes,0.035,0.9111475905555232
11594,0.5593767289516774,0.9268331706035027,0.3674564416518252,Diff-Means(burn-in=2.0),DM,,,10,20,169,10000,2.0,yes,0.035,0.9111475905555232
11595,0.5579835209231858,0.9261194840641865,0.3681359631410007,Diff-Means(burn-in=2.0),DM,,,10,20,169,10000,2.0,yes,0.035,0.9111475905555232
11596,0.5569761854820887,0.927856990705369,0.37088080522328026,Diff-Means(burn-in=2.0),DM,,,10,20,169,10000,2.0,yes,0.035,0.9111475905555232
11597,0.5580796208943924,0.9283059396138894,0.37022631871949696,Diff-Means(burn-in=2.0),DM,,,10,20,169,10000,2.0,yes,0.035,0.9111475905555232
11598,0.55536635139754,0.9215450784535775,0.3661787270560375,Diff-Means(burn-in=2.0),DM,,,10,20,169,10000,2.0,yes,0.035,0.9111475905555232
11599,0.5572895587349851,0.9304657280896826,0.37317616935469755,Diff-Means(burn-in=2.0),DM,,,10,20,169,10000,2.0,yes,0.035,0.9111475905555232
11600,0.5636442938112833,0.921876506436018,0.3582322126247347,Diff-Means(burn-in=2.0),DM,,,10,20,169,10000,2.0,yes,0.035,0.9111475905555232
11601,0.5581165929972327,0.9353565738895799,0.3772399808923472,Diff-Means(burn-in=2.0),DM,,,10,20,169,10000,2.0,yes,0.035,0.9111475905555232
11602,0.5573639025093565,0.9330160490761178,0.37565214656676127,Diff-Means(burn-in=2.0),DM,,,10,20,169,10000,2.0,yes,0.035,0.9111475905555232
11603,0.5581835748206172,0.9204427220798737,0.36225914725925645,Diff-Means(burn-in=2.0),DM,,,10,20,169,10000,2.0,yes,0.035,0.9111475905555232
11604,0.5565138950513677,0.9309538580477937,0.374439962996426,Diff-Means(burn-in=2.0),DM,,,10,20,169,10000,2.0,yes,0.035,0.9111475905555232
11605,0.5538076832506625,0.921270786787655,0.3674631035369924,Diff-Means(burn-in=2.0),DM,,,10,20,169,10000,2.0,yes,0.035,0.9111475905555232
11606,0.5586547711759783,0.9244664300471668,0.3658116588711885,Diff-Means(burn-in=2.0),DM,,,10,20,169,10000,2.0,yes,0.035,0.9111475905555232
11607,0.5584296837932118,0.934930027660254,0.37650034386704223,Diff-Means(burn-in=2.0),DM,,,10,20,169,10000,2.0,yes,0.035,0.9111475905555232
11608,0.5579506990305302,0.9330861611837087,0.3751354621531785,Diff-Means(burn-in=2.0),DM,,,10,20,169,10000,2.0,yes,0.035,0.9111475905555232
11609,0.559004580890262,0.9275437829556485,0.3685392020653866,Diff-Means(burn-in=2.0),DM,,,10,20,169,10000,2.0,yes,0.035,0.9111475905555232
11610,0.5578328529810387,0.9271402269675324,0.3693073739864937,Diff-Means(burn-in=2.0),DM,,,10,20,169,10000,2.0,yes,0.035,0.9111475905555232
11611,0.5602813468430793,0.9402204394651731,0.3799390926220938,Diff-Means(burn-in=2.0),DM,,,10,20,169,10000,2.0,yes,0.035,0.9111475905555232
11612,0.5579194907622782,0.9349100678110286,0.3769905770487504,Diff-Means(burn-in=2.0),DM,,,10,20,169,10000,2.0,yes,0.035,0.9111475905555232
11613,0.5548315158258453,0.9286587613666291,0.3738272455407837,Diff-Means(burn-in=2.0),DM,,,10,20,169,10000,2.0,yes,0.035,0.9111475905555232
11614,0.5581906381510388,0.9250327303234382,0.3668420921723995,Diff-Means(burn-in=2.0),DM,,,10,20,169,10000,2.0,yes,0.035,0.9111475905555232
11615,0.5583725861646822,0.9389052548151202,0.380532668650438,Diff-Means(burn-in=2.0),DM,,,10,20,169,10000,2.0,yes,0.035,0.9111475905555232
11616,0.5569602746214491,0.9270732738606874,0.37011299923923824,Diff-Means(burn-in=2.0),DM,,,10,20,169,10000,2.0,yes,0.035,0.9111475905555232
11617,0.5613658011835111,0.9314980915621103,0.3701322903785992,Diff-Means(burn-in=2.0),DM,,,10,20,169,10000,2.0,yes,0.035,0.9111475905555232
11618,0.5590483525456473,0.9293159791867678,0.37026762664112045,Diff-Means(burn-in=2.0),DM,,,10,20,169,10000,2.0,yes,0.035,0.9111475905555232
11619,0.5565261488995353,0.9267599851005324,0.37023383620099704,Diff-Means(burn-in=2.0),DM,,,10,20,169,10000,2.0,yes,0.035,0.9111475905555232
11620,0.5567480930391486,0.9279484745485409,0.3712003815093923,Diff-Means(burn-in=2.0),DM,,,10,20,169,10000,2.0,yes,0.035,0.9111475905555232
11621,0.5570186850677261,0.9336274591185975,0.37660877405087134,Diff-Means(burn-in=2.0),DM,,,10,20,169,10000,2.0,yes,0.035,0.9111475905555232
11622,0.5556484479541542,0.9257650828197205,0.37011663486556623,Diff-Means(burn-in=2.0),DM,,,10,20,169,10000,2.0,yes,0.035,0.9111475905555232
11623,0.5609159245630516,0.932931541397692,0.37201561683464035,Diff-Means(burn-in=2.0),DM,,,10,20,169,10000,2.0,yes,0.035,0.9111475905555232
11624,0.5580868877736767,0.927607601774163,0.36952071400048636,Diff-Means(burn-in=2.0),DM,,,10,20,169,10000,2.0,yes,0.035,0.9111475905555232
11625,0.5551086255543801,0.9225178204769527,0.3674091949225726,Diff-Means(burn-in=2.0),DM,,,10,20,169,10000,2.0,yes,0.035,0.9111475905555232
11626,0.5573212930162629,0.9231595572744239,0.365838264258161,Diff-Means(burn-in=2.0),DM,,,10,20,169,10000,2.0,yes,0.035,0.9111475905555232
11627,0.5597487382522962,0.9408436240199558,0.3810948857676596,Diff-Means(burn-in=2.0),DM,,,10,20,169,10000,2.0,yes,0.035,0.9111475905555232
11628,0.5563068636028413,0.930327356600262,0.3740204929974207,Diff-Means(burn-in=2.0),DM,,,10,20,169,10000,2.0,yes,0.035,0.9111475905555232
11629,0.5583359386471024,0.9248395295130323,0.3665035908659299,Diff-Means(burn-in=2.0),DM,,,10,20,169,10000,2.0,yes,0.035,0.9111475905555232
11630,0.5586959772456659,0.9351730191214083,0.3764770418757424,Diff-Means(burn-in=2.0),DM,,,10,20,169,10000,2.0,yes,0.035,0.9111475905555232
11631,0.5590431566023464,0.9278630233730589,0.36881986677071255,Diff-Means(burn-in=2.0),DM,,,10,20,169,10000,2.0,yes,0.035,0.9111475905555232
11632,0.5586843484991009,0.9210635205002595,0.36237917200115866,Diff-Means(burn-in=2.0),DM,,,10,20,169,10000,2.0,yes,0.035,0.9111475905555232
11633,0.5565956701750189,0.9318768881516372,0.3752812179766183,Diff-Means(burn-in=2.0),DM,,,10,20,169,10000,2.0,yes,0.035,0.9111475905555232
11634,0.5563054359685627,0.9356211996571261,0.37931576368856335,Diff-Means(burn-in=2.0),DM,,,10,20,169,10000,2.0,yes,0.035,0.9111475905555232
11635,0.5568697433950819,0.9173300073296882,0.3604602639346063,Diff-Means(burn-in=2.0),DM,,,10,20,169,10000,2.0,yes,0.035,0.9111475905555232
11636,0.5602794449371384,0.928640108267655,0.36836066333051654,Diff-Means(burn-in=2.0),DM,,,10,20,169,10000,2.0,yes,0.035,0.9111475905555232
11637,0.5569813882853772,0.928610302583066,0.37162891429768874,Diff-Means(burn-in=2.0),DM,,,10,20,169,10000,2.0,yes,0.035,0.9111475905555232
11638,0.5565577443203696,0.9237048076314862,0.3671470633111166,Diff-Means(burn-in=2.0),DM,,,10,20,169,10000,2.0,yes,0.035,0.9111475905555232
11639,0.5548196764291531,0.923593808068233,0.3687741316390799,Diff-Means(burn-in=2.0),DM,,,10,20,169,10000,2.0,yes,0.035,0.9111475905555232
11640,0.5587416815653732,0.9298918061356499,0.37115012457027674,Diff-Means(burn-in=2.0),DM,,,10,20,169,10000,2.0,yes,0.035,0.9111475905555232
11641,0.55589314628997,0.9235881523132843,0.3676950060233143,Diff-Means(burn-in=2.0),DM,,,10,20,169,10000,2.0,yes,0.035,0.9111475905555232
11642,0.5580581524061988,0.9273718213171291,0.3693136689109303,Diff-Means(burn-in=2.0),DM,,,10,20,169,10000,2.0,yes,0.035,0.9111475905555232
11643,0.5572894867635144,0.9222655000350336,0.3649760132715192,Diff-Means(burn-in=2.0),DM,,,10,20,169,10000,2.0,yes,0.035,0.9111475905555232
11644,0.5583644517036835,0.931391193570548,0.37302674186686446,Diff-Means(burn-in=2.0),DM,,,10,20,169,10000,2.0,yes,0.035,0.9111475905555232
11645,0.5574414118370928,0.9260679434903044,0.3686265316532116,Diff-Means(burn-in=2.0),DM,,,10,20,169,10000,2.0,yes,0.035,0.9111475905555232
11646,0.5564289084968693,0.9283383868397374,0.371909478342868,Diff-Means(burn-in=2.0),DM,,,10,20,169,10000,2.0,yes,0.035,0.9111475905555232
11647,0.5561007255237063,0.9290043752245489,0.37290364970084267,Diff-Means(burn-in=2.0),DM,,,10,20,169,10000,2.0,yes,0.035,0.9111475905555232
11648,0.5594799491351833,0.9258437280942652,0.3663637789590819,Diff-Means(burn-in=2.0),DM,,,10,20,169,10000,2.0,yes,0.035,0.9111475905555232
11649,0.5568870062555268,0.9209777179144493,0.3640907116589225,Diff-Means(burn-in=2.0),DM,,,10,20,169,10000,2.0,yes,0.035,0.9111475905555232
11650,0.5581054372399756,0.922491387890975,0.3643859506509993,Diff-Means(burn-in=2.0),DM,,,10,20,169,10000,2.0,yes,0.035,0.9111475905555232
11651,0.5570787372638729,0.9250894632286435,0.3680107259647706,Diff-Means(burn-in=2.0),DM,,,10,20,169,10000,2.0,yes,0.035,0.9111475905555232
11652,0.5598210678778432,0.930755625149069,0.3709345572712257,Diff-Means(burn-in=2.0),DM,,,10,20,169,10000,2.0,yes,0.035,0.9111475905555232
11653,0.5615327016150452,0.928402229280659,0.36686952766561376,Diff-Means(burn-in=2.0),DM,,,10,20,169,10000,2.0,yes,0.035,0.9111475905555232
11654,0.5578180508563255,0.9308535303169068,0.37303547946058124,Diff-Means(burn-in=2.0),DM,,,10,20,169,10000,2.0,yes,0.035,0.9111475905555232
11655,0.5571846264241042,0.9244975296958329,0.3673129032717287,Diff-Means(burn-in=2.0),DM,,,10,20,169,10000,2.0,yes,0.035,0.9111475905555232
11656,0.5606560343518489,0.9295445756949373,0.36888854134308846,Diff-Means(burn-in=2.0),DM,,,10,20,169,10000,2.0,yes,0.035,0.9111475905555232
11657,0.5604447264932477,0.9305194608685272,0.3700747343752795,Diff-Means(burn-in=2.0),DM,,,10,20,169,10000,2.0,yes,0.035,0.9111475905555232
11658,0.5607820110800285,0.9378869086020895,0.377104897522061,Diff-Means(burn-in=2.0),DM,,,10,20,169,10000,2.0,yes,0.035,0.9111475905555232
11659,0.5567765064173035,0.9284382902021124,0.37166178378480896,Diff-Means(burn-in=2.0),DM,,,10,20,169,10000,2.0,yes,0.035,0.9111475905555232
11660,0.5588661901359039,0.9342503150778377,0.37538412494193385,Diff-Means(burn-in=2.0),DM,,,10,20,169,10000,2.0,yes,0.035,0.9111475905555232
11661,0.5557296316992503,0.9254841484708981,0.36975451677164783,Diff-Means(burn-in=2.0),DM,,,10,20,169,10000,2.0,yes,0.035,0.9111475905555232
11662,0.5570252372352699,0.9252168874823959,0.3681916502471261,Diff-Means(burn-in=2.0),DM,,,10,20,169,10000,2.0,yes,0.035,0.9111475905555232
11663,0.5567814640795603,0.9250257471152153,0.36824428303565504,Diff-Means(burn-in=2.0),DM,,,10,20,169,10000,2.0,yes,0.035,0.9111475905555232
11664,0.5551615959010099,0.9244826079438424,0.3693210120428325,Diff-Means(burn-in=2.0),DM,,,10,20,169,10000,2.0,yes,0.035,0.9111475905555232
11665,0.5579506399868951,0.9313959800070326,0.3734453400201375,Diff-Means(burn-in=2.0),DM,,,10,20,169,10000,2.0,yes,0.035,0.9111475905555232
11666,0.5572617349497975,0.9253482216983762,0.3680864867485787,Diff-Means(burn-in=2.0),DM,,,10,20,169,10000,2.0,yes,0.035,0.9111475905555232
11667,0.5612467350431879,0.9260272491035244,0.3647805140603365,Diff-Means(burn-in=2.0),DM,,,10,20,169,10000,2.0,yes,0.035,0.9111475905555232
11668,0.5587094072922358,0.9226191918437757,0.3639097845515399,Diff-Means(burn-in=2.0),DM,,,10,20,169,10000,2.0,yes,0.035,0.9111475905555232
11669,0.5591558700370111,0.9313824902172647,0.37222662018025365,Diff-Means(burn-in=2.0),DM,,,10,20,169,10000,2.0,yes,0.035,0.9111475905555232
11670,0.561019332626104,0.9320227021073857,0.37100336948128165,Diff-Means(burn-in=2.0),DM,,,10,20,169,10000,2.0,yes,0.035,0.9111475905555232
11671,0.5572121821255166,0.922807121419465,0.3655949392939484,Diff-Means(burn-in=2.0),DM,,,10,20,169,10000,2.0,yes,0.035,0.9111475905555232
11672,0.5613262508214799,0.9428833776299083,0.38155712680842835,Diff-Means(burn-in=2.0),DM,,,10,20,169,10000,2.0,yes,0.035,0.9111475905555232
11673,0.5587290461053613,0.9336065659493415,0.3748775198439802,Diff-Means(burn-in=2.0),DM,,,10,20,169,10000,2.0,yes,0.035,0.9111475905555232
11674,0.5547546170577581,0.9249474744956446,0.37019285743788655,Diff-Means(burn-in=2.0),DM,,,10,20,169,10000,2.0,yes,0.035,0.9111475905555232
11675,0.5575603218034364,0.939800655629373,0.3822403338259366,Diff-Means(burn-in=2.0),DM,,,10,20,169,10000,2.0,yes,0.035,0.9111475905555232
11676,0.5604507596616206,0.9242059091638011,0.36375514950218046,Diff-Means(burn-in=2.0),DM,,,10,20,169,10000,2.0,yes,0.035,0.9111475905555232
11677,0.5585389321282819,0.9304156818196423,0.3718767496913604,Diff-Means(burn-in=2.0),DM,,,10,20,169,10000,2.0,yes,0.035,0.9111475905555232
11678,0.554475817305991,0.9212955280236916,0.3668197107177006,Diff-Means(burn-in=2.0),DM,,,10,20,169,10000,2.0,yes,0.035,0.9111475905555232
11679,0.5588619457076371,0.9280055790289546,0.3691436333213175,Diff-Means(burn-in=2.0),DM,,,10,20,169,10000,2.0,yes,0.035,0.9111475905555232
11680,0.5589576994905578,0.9242702491032943,0.3653125496127364,Diff-Means(burn-in=2.0),DM,,,10,20,169,10000,2.0,yes,0.035,0.9111475905555232
11681,0.5555679104469018,0.9311829896219129,0.37561507917501114,Diff-Means(burn-in=2.0),DM,,,10,20,169,10000,2.0,yes,0.035,0.9111475905555232
11682,0.5563247395619065,0.9274473029664888,0.3711225634045823,Diff-Means(burn-in=2.0),DM,,,10,20,169,10000,2.0,yes,0.035,0.9111475905555232
11683,0.5581707925441213,0.9239879758235194,0.36581718327939816,Diff-Means(burn-in=2.0),DM,,,10,20,169,10000,2.0,yes,0.035,0.9111475905555232
11684,0.5598390071320161,0.9341607011783299,0.3743216940463139,Diff-Means(burn-in=2.0),DM,,,10,20,169,10000,2.0,yes,0.035,0.9111475905555232
11685,0.5593143665052887,0.9262419789641645,0.36692761245887584,Diff-Means(burn-in=2.0),DM,,,10,20,169,10000,2.0,yes,0.035,0.9111475905555232
11686,0.5609653716995255,0.930180616196617,0.3692152444970914,Diff-Means(burn-in=2.0),DM,,,10,20,169,10000,2.0,yes,0.035,0.9111475905555232
11687,0.5606881670968524,0.9382511521963032,0.37756298509945074,Diff-Means(burn-in=2.0),DM,,,10,20,169,10000,2.0,yes,0.035,0.9111475905555232
11688,0.5589457454780886,0.9347111205547635,0.37576537507667485,Diff-Means(burn-in=2.0),DM,,,10,20,169,10000,2.0,yes,0.035,0.9111475905555232
11689,0.5612355889904325,0.9333443159390076,0.3721087269485751,Diff-Means(burn-in=2.0),DM,,,10,20,169,10000,2.0,yes,0.035,0.9111475905555232
11690,0.5588928926088705,0.937162206593087,0.3782693139842165,Diff-Means(burn-in=2.0),DM,,,10,20,169,10000,2.0,yes,0.035,0.9111475905555232
11691,0.5572054400739669,0.9231496638358869,0.36594422376192004,Diff-Means(burn-in=2.0),DM,,,10,20,169,10000,2.0,yes,0.035,0.9111475905555232
11692,0.5567325620380875,0.9276326790844052,0.37090011704631765,Diff-Means(burn-in=2.0),DM,,,10,20,169,10000,2.0,yes,0.035,0.9111475905555232
11693,0.559152749545055,0.9354207764055839,0.37626802686052885,Diff-Means(burn-in=2.0),DM,,,10,20,169,10000,2.0,yes,0.035,0.9111475905555232
11694,0.5624926918965851,0.935519507545718,0.37302681564913287,Diff-Means(burn-in=2.0),DM,,,10,20,169,10000,2.0,yes,0.035,0.9111475905555232
11695,0.5578164730909253,0.9216110105263569,0.36379453743543155,Diff-Means(burn-in=2.0),DM,,,10,20,169,10000,2.0,yes,0.035,0.9111475905555232
11696,0.5576677099481212,0.9280949134127238,0.37042720346460256,Diff-Means(burn-in=2.0),DM,,,10,20,169,10000,2.0,yes,0.035,0.9111475905555232
11697,0.5564229659851231,0.931058323445471,0.37463535746034793,Diff-Means(burn-in=2.0),DM,,,10,20,169,10000,2.0,yes,0.035,0.9111475905555232
11698,0.5572260932344385,0.9292895573993266,0.3720634641648881,Diff-Means(burn-in=2.0),DM,,,10,20,169,10000,2.0,yes,0.035,0.9111475905555232
11699,0.5579291038167685,0.9342391252796802,0.3763100214629117,Diff-Means(burn-in=2.0),DM,,,10,20,169,10000,2.0,yes,0.035,0.9111475905555232
11700,0.5546650705179003,0.9297737288411101,0.37510865832320983,Diff-Means(burn-in=2.0),DM,,,10,20,169,10000,2.0,yes,0.035,0.9111475905555232
11701,0.5565216102315995,0.9226607533507641,0.3661391431191646,Diff-Means(burn-in=2.0),DM,,,10,20,169,10000,2.0,yes,0.035,0.9111475905555232
11702,0.5532546763159684,0.9197472258488059,0.3664925495328375,Diff-Means(burn-in=2.0),DM,,,10,20,169,10000,2.0,yes,0.035,0.9111475905555232
11703,0.5568226843687099,0.9300447972716199,0.3732221129029101,Diff-Means(burn-in=2.0),DM,,,10,20,169,10000,2.0,yes,0.035,0.9111475905555232
11704,0.5586263524670189,0.9334860752184138,0.3748597227513949,Diff-Means(burn-in=2.0),DM,,,10,20,169,10000,2.0,yes,0.035,0.9111475905555232
11705,0.5604705462433844,0.9302805009298267,0.3698099546864423,Diff-Means(burn-in=2.0),DM,,,10,20,169,10000,2.0,yes,0.035,0.9111475905555232
11706,0.5559709094341216,0.9261883566565549,0.3702174472224332,Diff-Means(burn-in=2.0),DM,,,10,20,169,10000,2.0,yes,0.035,0.9111475905555232
11707,0.5594830830328623,0.9265189115277491,0.3670358284948868,Diff-Means(burn-in=2.0),DM,,,10,20,169,10000,2.0,yes,0.035,0.9111475905555232
11708,0.5556295290216194,0.9249841842668771,0.3693546552452577,Diff-Means(burn-in=2.0),DM,,,10,20,169,10000,2.0,yes,0.035,0.9111475905555232
11709,0.5590657363610297,0.9377476194867004,0.37868188312567064,Diff-Means(burn-in=2.0),DM,,,10,20,169,10000,2.0,yes,0.035,0.9111475905555232
11710,0.5577031404575397,0.9278825436444255,0.3701794031868858,Diff-Means(burn-in=2.0),DM,,,10,20,169,10000,2.0,yes,0.035,0.9111475905555232
11711,0.5563324128752419,0.9226397390888708,0.3663073262136288,Diff-Means(burn-in=2.0),DM,,,10,20,169,10000,2.0,yes,0.035,0.9111475905555232
11712,0.5614051230291565,0.9298423618666025,0.36843723883744606,Diff-Means(burn-in=2.0),DM,,,10,20,169,10000,2.0,yes,0.035,0.9111475905555232
11713,0.5615696523195094,0.9322834608974031,0.3707138085778937,Diff-Means(burn-in=2.0),DM,,,10,20,169,10000,2.0,yes,0.035,0.9111475905555232
11714,0.5566644787570817,0.9303904439978784,0.3737259652407967,Diff-Means(burn-in=2.0),DM,,,10,20,169,10000,2.0,yes,0.035,0.9111475905555232
11715,0.5594400842273209,0.9277378928563899,0.3682978086290689,Diff-Means(burn-in=2.0),DM,,,10,20,169,10000,2.0,yes,0.035,0.9111475905555232
11716,0.5602516437023012,0.9330209262341086,0.3727692825318074,Diff-Means(burn-in=2.0),DM,,,10,20,169,10000,2.0,yes,0.035,0.9111475905555232
11717,0.5582882079543338,0.9239813015704137,0.36569309361607993,Diff-Means(burn-in=2.0),DM,,,10,20,169,10000,2.0,yes,0.035,0.9111475905555232
11718,0.5592805875698239,0.9234958086033644,0.36421522103354054,Diff-Means(burn-in=2.0),DM,,,10,20,169,10000,2.0,yes,0.035,0.9111475905555232
11719,0.5604427218791923,0.9282143147691102,0.3677715928899179,Diff-Means(burn-in=2.0),DM,,,10,20,169,10000,2.0,yes,0.035,0.9111475905555232
11720,0.5572705064026179,0.9446947921444193,0.38742428574180143,Diff-Means(burn-in=2.0),DM,,,10,20,169,10000,2.0,yes,0.035,0.9111475905555232
11721,0.5550073935282187,0.928601090846515,0.3735936973182963,Diff-Means(burn-in=2.0),DM,,,10,20,169,10000,2.0,yes,0.035,0.9111475905555232
11722,0.558977731462376,0.9320960736603191,0.37311834219794315,Diff-Means(burn-in=2.0),DM,,,10,20,169,10000,2.0,yes,0.035,0.9111475905555232
11723,0.5615707310761334,0.9334906421701459,0.37191991109401246,Diff-Means(burn-in=2.0),DM,,,10,20,169,10000,2.0,yes,0.035,0.9111475905555232
11724,0.5571802514480928,0.9304407011385385,0.3732604496904457,Diff-Means(burn-in=2.0),DM,,,10,20,169,10000,2.0,yes,0.035,0.9111475905555232
11725,0.5578827323860175,0.9320092231715937,0.37412649078557625,Diff-Means(burn-in=2.0),DM,,,10,20,169,10000,2.0,yes,0.035,0.9111475905555232
11726,0.5562907821632007,0.9322789172962227,0.375988135133022,Diff-Means(burn-in=2.0),DM,,,10,20,169,10000,2.0,yes,0.035,0.9111475905555232
11727,0.5566839898761141,0.9350287564194555,0.37834476654334137,Diff-Means(burn-in=2.0),DM,,,10,20,169,10000,2.0,yes,0.035,0.9111475905555232
11728,0.5601366865312359,0.9342547695847975,0.37411808305356153,Diff-Means(burn-in=2.0),DM,,,10,20,169,10000,2.0,yes,0.035,0.9111475905555232
11729,0.5545548172330427,0.9179677055162722,0.3634128882832295,Diff-Means(burn-in=2.0),DM,,,10,20,169,10000,2.0,yes,0.035,0.9111475905555232
11730,0.5589285636757323,0.9217528208102537,0.3628242571345214,Diff-Means(burn-in=2.0),DM,,,10,20,169,10000,2.0,yes,0.035,0.9111475905555232
11731,0.5560359985522018,0.9187571080904339,0.3627211095382321,Diff-Means(burn-in=2.0),DM,,,10,20,169,10000,2.0,yes,0.035,0.9111475905555232
11732,0.5588758089128999,0.9269035363482792,0.36802772743537926,Diff-Means(burn-in=2.0),DM,,,10,20,169,10000,2.0,yes,0.035,0.9111475905555232
11733,0.5566695712490656,0.9257068944368765,0.3690373231878109,Diff-Means(burn-in=2.0),DM,,,10,20,169,10000,2.0,yes,0.035,0.9111475905555232
11734,0.5570685357463973,0.9284996489809536,0.37143111323455635,Diff-Means(burn-in=2.0),DM,,,10,20,169,10000,2.0,yes,0.035,0.9111475905555232
11735,0.5567154559641596,0.9301372640128308,0.3734218080486712,Diff-Means(burn-in=2.0),DM,,,10,20,169,10000,2.0,yes,0.035,0.9111475905555232
11736,0.5576914300644975,0.9209789465687969,0.36328751650429936,Diff-Means(burn-in=2.0),DM,,,10,20,169,10000,2.0,yes,0.035,0.9111475905555232
11737,0.5562051301111163,0.9209575466930976,0.3647524165819813,Diff-Means(burn-in=2.0),DM,,,10,20,169,10000,2.0,yes,0.035,0.9111475905555232
11738,0.55654759668762,0.9241232780023303,0.3675756813147103,Diff-Means(burn-in=2.0),DM,,,10,20,169,10000,2.0,yes,0.035,0.9111475905555232
11739,0.5558933672515607,0.9271239276923927,0.371230560440832,Diff-Means(burn-in=2.0),DM,,,10,20,169,10000,2.0,yes,0.035,0.9111475905555232
11740,0.5587463822596556,0.935326268917439,0.3765798866577834,Diff-Means(burn-in=2.0),DM,,,10,20,169,10000,2.0,yes,0.035,0.9111475905555232
11741,0.5571007968979611,0.9252686712139719,0.36816787431601083,Diff-Means(burn-in=2.0),DM,,,10,20,169,10000,2.0,yes,0.035,0.9111475905555232
11742,0.556875741989278,0.9180580291982366,0.3611822872089586,Diff-Means(burn-in=2.0),DM,,,10,20,169,10000,2.0,yes,0.035,0.9111475905555232
11743,0.5589470170255505,0.9287604513644991,0.36981343433894864,Diff-Means(burn-in=2.0),DM,,,10,20,169,10000,2.0,yes,0.035,0.9111475905555232
11744,0.5570750190747631,0.9311014073125392,0.3740263882377761,Diff-Means(burn-in=2.0),DM,,,10,20,169,10000,2.0,yes,0.035,0.9111475905555232
11745,0.5572753787144316,0.9298653408972234,0.37258996218279183,Diff-Means(burn-in=2.0),DM,,,10,20,169,10000,2.0,yes,0.035,0.9111475905555232
11746,0.5561297788125569,0.9300129521887882,0.37388317337623134,Diff-Means(burn-in=2.0),DM,,,10,20,169,10000,2.0,yes,0.035,0.9111475905555232
11747,0.5574886299242211,0.9332510701643331,0.37576244024011196,Diff-Means(burn-in=2.0),DM,,,10,20,169,10000,2.0,yes,0.035,0.9111475905555232
11748,0.5588665229549443,0.9292363165953612,0.3703697936404169,Diff-Means(burn-in=2.0),DM,,,10,20,169,10000,2.0,yes,0.035,0.9111475905555232
11749,0.5565331363268448,0.9292747469067543,0.3727416105799095,Diff-Means(burn-in=2.0),DM,,,10,20,169,10000,2.0,yes,0.035,0.9111475905555232
11750,0.558351199494595,0.9322199606498924,0.37386876115529744,Diff-Means(burn-in=2.0),DM,,,10,20,169,10000,2.0,yes,0.035,0.9111475905555232
11751,0.5591497486874766,0.9217767331870895,0.36262698449961295,Diff-Means(burn-in=2.0),DM,,,10,20,169,10000,2.0,yes,0.035,0.9111475905555232
11752,0.5566252722800613,0.9309932826179201,0.3743680103378588,Diff-Means(burn-in=2.0),DM,,,10,20,169,10000,2.0,yes,0.035,0.9111475905555232
11753,0.5597978945340875,0.9357356180804428,0.37593772354635535,Diff-Means(burn-in=2.0),DM,,,10,20,169,10000,2.0,yes,0.035,0.9111475905555232
11754,0.5591958216536905,0.9338503366933553,0.37465451503966474,Diff-Means(burn-in=2.0),DM,,,10,20,169,10000,2.0,yes,0.035,0.9111475905555232
11755,0.5564952439164159,0.9260836398068041,0.36958839589038817,Diff-Means(burn-in=2.0),DM,,,10,20,169,10000,2.0,yes,0.035,0.9111475905555232
11756,0.5569359328240525,0.9272352858212078,0.37029935299715533,Diff-Means(burn-in=2.0),DM,,,10,20,169,10000,2.0,yes,0.035,0.9111475905555232
11757,0.559175272555529,0.9296257509698268,0.3704504784142978,Diff-Means(burn-in=2.0),DM,,,10,20,169,10000,2.0,yes,0.035,0.9111475905555232
11758,0.5603402715718565,0.9380660525841341,0.3777257810122776,Diff-Means(burn-in=2.0),DM,,,10,20,169,10000,2.0,yes,0.035,0.9111475905555232
11759,0.5588299697371377,0.9340499937851077,0.37522002404796995,Diff-Means(burn-in=2.0),DM,,,10,20,169,10000,2.0,yes,0.035,0.9111475905555232
11760,0.5599619410785185,0.9313116205153761,0.3713496794368576,Diff-Means(burn-in=2.0),DM,,,10,20,169,10000,2.0,yes,0.035,0.9111475905555232
11761,0.5560994395093074,0.9211740788565361,0.3650746393472287,Diff-Means(burn-in=2.0),DM,,,10,20,169,10000,2.0,yes,0.035,0.9111475905555232
11762,0.5594294894818217,0.9259120626739232,0.36648257319210154,Diff-Means(burn-in=2.0),DM,,,10,20,169,10000,2.0,yes,0.035,0.9111475905555232
11763,0.5550812070214063,0.9238987379324193,0.368817530911013,Diff-Means(burn-in=2.0),DM,,,10,20,169,10000,2.0,yes,0.035,0.9111475905555232
11764,0.5564202819660427,0.9225218316270347,0.36610154966099206,Diff-Means(burn-in=2.0),DM,,,10,20,169,10000,2.0,yes,0.035,0.9111475905555232
11765,0.5590922684387722,0.9232663891744255,0.36417412073565325,Diff-Means(burn-in=2.0),DM,,,10,20,169,10000,2.0,yes,0.035,0.9111475905555232
11766,0.5560637600568897,0.9307117399200955,0.37464797986320575,Diff-Means(burn-in=2.0),DM,,,10,20,169,10000,2.0,yes,0.035,0.9111475905555232
11767,0.5573824155773701,0.9273158201963294,0.3699334046189593,Diff-Means(burn-in=2.0),DM,,,10,20,169,10000,2.0,yes,0.035,0.9111475905555232
11768,0.5589718498134829,0.922265315334059,0.36329346552057606,Diff-Means(burn-in=2.0),DM,,,10,20,169,10000,2.0,yes,0.035,0.9111475905555232
11769,0.5580061402815227,0.9295642065757792,0.3715580662942565,Diff-Means(burn-in=2.0),DM,,,10,20,169,10000,2.0,yes,0.035,0.9111475905555232
11770,0.559083438449738,0.9303398119071984,0.37125637345746043,Diff-Means(burn-in=2.0),DM,,,10,20,169,10000,2.0,yes,0.035,0.9111475905555232
11771,0.5586322031629778,0.9255140158998001,0.3668818127368223,Diff-Means(burn-in=2.0),DM,,,10,20,169,10000,2.0,yes,0.035,0.9111475905555232
11772,0.5551040458813489,0.9275891461260575,0.3724851002447086,Diff-Means(burn-in=2.0),DM,,,10,20,169,10000,2.0,yes,0.035,0.9111475905555232
11773,0.5603410212386616,0.9307299865410459,0.3703889653023843,Diff-Means(burn-in=2.0),DM,,,10,20,169,10000,2.0,yes,0.035,0.9111475905555232
11774,0.5580408708580911,0.9232163256143683,0.3651754547562772,Diff-Means(burn-in=2.0),DM,,,10,20,169,10000,2.0,yes,0.035,0.9111475905555232
11775,0.5585313290566549,0.9296677192931813,0.37113639023652634,Diff-Means(burn-in=2.0),DM,,,10,20,169,10000,2.0,yes,0.035,0.9111475905555232
11776,0.5581723407809677,0.9289113619325823,0.3707390211516146,Diff-Means(burn-in=2.0),DM,,,10,20,169,10000,2.0,yes,0.035,0.9111475905555232
11777,0.5590790680191409,0.9416803956446989,0.382601327625558,Diff-Means(burn-in=2.0),DM,,,10,20,169,10000,2.0,yes,0.035,0.9111475905555232
11778,0.5551607151251291,0.931572262703222,0.3764115475780929,Diff-Means(burn-in=2.0),DM,,,10,20,169,10000,2.0,yes,0.035,0.9111475905555232
11779,0.555892848196233,0.9236945052857923,0.36780165708955936,Diff-Means(burn-in=2.0),DM,,,10,20,169,10000,2.0,yes,0.035,0.9111475905555232
11780,0.5567353048091729,0.934808223203905,0.3780729183947321,Diff-Means(burn-in=2.0),DM,,,10,20,169,10000,2.0,yes,0.035,0.9111475905555232
11781,0.5586369105526433,0.9260060111913486,0.3673691006387053,Diff-Means(burn-in=2.0),DM,,,10,20,169,10000,2.0,yes,0.035,0.9111475905555232
11782,0.5601149275821329,0.9245322888897537,0.3644173613076208,Diff-Means(burn-in=2.0),DM,,,10,20,169,10000,2.0,yes,0.035,0.9111475905555232
11783,0.5584119825959348,0.9331671653717563,0.3747551827758214,Diff-Means(burn-in=2.0),DM,,,10,20,169,10000,2.0,yes,0.035,0.9111475905555232
11784,0.5590764176134347,0.9321604473872545,0.3730840297738197,Diff-Means(burn-in=2.0),DM,,,10,20,169,10000,2.0,yes,0.035,0.9111475905555232
11785,0.556561162492927,0.9288784624256587,0.37231729993273177,Diff-Means(burn-in=2.0),DM,,,10,20,169,10000,2.0,yes,0.035,0.9111475905555232
11786,0.5616515735644336,0.9285580116999715,0.3669064381355379,Diff-Means(burn-in=2.0),DM,,,10,20,169,10000,2.0,yes,0.035,0.9111475905555232
11787,0.5573270931694406,0.9370540886003027,0.3797269954308621,Diff-Means(burn-in=2.0),DM,,,10,20,169,10000,2.0,yes,0.035,0.9111475905555232
11788,0.5552198151604287,0.9315088518001413,0.3762890366397126,Diff-Means(burn-in=2.0),DM,,,10,20,169,10000,2.0,yes,0.035,0.9111475905555232
11789,0.5579873321313725,0.9324068221705812,0.3744194900392087,Diff-Means(burn-in=2.0),DM,,,10,20,169,10000,2.0,yes,0.035,0.9111475905555232
11790,0.5577432258100565,0.931276898390337,0.3735336725802805,Diff-Means(burn-in=2.0),DM,,,10,20,169,10000,2.0,yes,0.035,0.9111475905555232
11791,0.5598422659926874,0.9306401484403615,0.3707978824476741,Diff-Means(burn-in=2.0),DM,,,10,20,169,10000,2.0,yes,0.035,0.9111475905555232
11792,0.5589269660949491,0.9367753874027209,0.37784842130777185,Diff-Means(burn-in=2.0),DM,,,10,20,169,10000,2.0,yes,0.035,0.9111475905555232
11793,0.5602271535515203,0.9376704890899134,0.37744333553839304,Diff-Means(burn-in=2.0),DM,,,10,20,169,10000,2.0,yes,0.035,0.9111475905555232
11794,0.5594223823826722,0.9260187373583534,0.3665963549756812,Diff-Means(burn-in=2.0),DM,,,10,20,169,10000,2.0,yes,0.035,0.9111475905555232
11795,0.5589555869961386,0.9237622506933745,0.3648066636972359,Diff-Means(burn-in=2.0),DM,,,10,20,169,10000,2.0,yes,0.035,0.9111475905555232
11796,0.5577312536556187,0.9287743707033117,0.371043117047693,Diff-Means(burn-in=2.0),DM,,,10,20,169,10000,2.0,yes,0.035,0.9111475905555232
11797,0.5604817417761172,0.9272194006514429,0.3667376588753257,Diff-Means(burn-in=2.0),DM,,,10,20,169,10000,2.0,yes,0.035,0.9111475905555232
11798,0.5584253353315753,0.9243185420058441,0.3658932066742687,Diff-Means(burn-in=2.0),DM,,,10,20,169,10000,2.0,yes,0.035,0.9111475905555232
11799,0.5585132347592465,0.9397904399207831,0.3812772051615366,Diff-Means(burn-in=2.0),DM,,,10,20,169,10000,2.0,yes,0.035,0.9111475905555232
11800,0.5564247898252432,0.9295882466132732,0.37316345678803,Diff-Means(burn-in=2.0),DM,,,10,20,169,10000,2.0,yes,0.035,0.9111475905555232
11801,0.5582317108089915,0.9241960700940092,0.3659643592850177,Diff-Means(burn-in=2.0),DM,,,10,20,169,10000,2.0,yes,0.035,0.9111475905555232
11802,0.5569593251601168,0.9299981280115155,0.3730388028513987,Diff-Means(burn-in=2.0),DM,,,10,20,169,10000,2.0,yes,0.035,0.9111475905555232
11803,0.5562198120109708,0.935095134697912,0.37887532268694113,Diff-Means(burn-in=2.0),DM,,,10,20,169,10000,2.0,yes,0.035,0.9111475905555232
11804,0.5585393311245485,0.9296160966325638,0.3710767655080154,Diff-Means(burn-in=2.0),DM,,,10,20,169,10000,2.0,yes,0.035,0.9111475905555232
11805,0.5582400928109124,0.9299719219390126,0.3717318291281002,Diff-Means(burn-in=2.0),DM,,,10,20,169,10000,2.0,yes,0.035,0.9111475905555232
11806,0.5578411683677577,0.9291146544213195,0.3712734860535618,Diff-Means(burn-in=2.0),DM,,,10,20,169,10000,2.0,yes,0.035,0.9111475905555232
11807,0.5616300427291746,0.93338131843123,0.37175127570205535,Diff-Means(burn-in=2.0),DM,,,10,20,169,10000,2.0,yes,0.035,0.9111475905555232
11808,0.5579996526737533,0.9308163653492781,0.37281671267552485,Diff-Means(burn-in=2.0),DM,,,10,20,169,10000,2.0,yes,0.035,0.9111475905555232
11809,0.5568760726533868,0.9295275768465984,0.3726515041932116,Diff-Means(burn-in=2.0),DM,,,10,20,169,10000,2.0,yes,0.035,0.9111475905555232
11810,0.5575459097574349,0.9264598480483822,0.3689139382909473,Diff-Means(burn-in=2.0),DM,,,10,20,169,10000,2.0,yes,0.035,0.9111475905555232
11811,0.5568546767636811,0.9196313199940235,0.3627766432303424,Diff-Means(burn-in=2.0),DM,,,10,20,169,10000,2.0,yes,0.035,0.9111475905555232
11812,0.5588739367909089,0.9306269128308249,0.37175297603991597,Diff-Means(burn-in=2.0),DM,,,10,20,169,10000,2.0,yes,0.035,0.9111475905555232
11813,0.5591711994763634,0.9282780454476287,0.3691068459712653,Diff-Means(burn-in=2.0),DM,,,10,20,169,10000,2.0,yes,0.035,0.9111475905555232
11814,0.5551142152502331,0.9319036420105641,0.376789426760331,Diff-Means(burn-in=2.0),DM,,,10,20,169,10000,2.0,yes,0.035,0.9111475905555232
11815,0.557484572684087,0.9289384584537231,0.3714538857696361,Diff-Means(burn-in=2.0),DM,,,10,20,169,10000,2.0,yes,0.035,0.9111475905555232
11816,0.5557276162234186,0.9200319168526111,0.3643043006291925,Diff-Means(burn-in=2.0),DM,,,10,20,169,10000,2.0,yes,0.035,0.9111475905555232
11817,0.5559725290919422,0.9201471202774493,0.3641745911855071,Diff-Means(burn-in=2.0),DM,,,10,20,169,10000,2.0,yes,0.035,0.9111475905555232
11818,0.5568707102144967,0.9241303129139996,0.36725960269950286,Diff-Means(burn-in=2.0),DM,,,10,20,169,10000,2.0,yes,0.035,0.9111475905555232
11819,0.5587002259227378,0.9266953042205659,0.36799507829782807,Diff-Means(burn-in=2.0),DM,,,10,20,169,10000,2.0,yes,0.035,0.9111475905555232
11820,0.5553659772783562,0.9283155818385532,0.372949604560197,Diff-Means(burn-in=2.0),DM,,,10,20,169,10000,2.0,yes,0.035,0.9111475905555232
11821,0.5608125399158503,0.929326752608553,0.3685142126927027,Diff-Means(burn-in=2.0),DM,,,10,20,169,10000,2.0,yes,0.035,0.9111475905555232
11822,0.5615172469623673,0.9352862375134555,0.37376899055108825,Diff-Means(burn-in=2.0),DM,,,10,20,169,10000,2.0,yes,0.035,0.9111475905555232
11823,0.5583612351052287,0.9440112733937293,0.38565003828850053,Diff-Means(burn-in=2.0),DM,,,10,20,169,10000,2.0,yes,0.035,0.9111475905555232
11824,0.5565696442871787,0.9227599143278653,0.3661902700406866,Diff-Means(burn-in=2.0),DM,,,10,20,169,10000,2.0,yes,0.035,0.9111475905555232
11825,0.5609397756212926,0.9184280047190112,0.3574882290977186,Diff-Means(burn-in=2.0),DM,,,10,20,169,10000,2.0,yes,0.035,0.9111475905555232
11826,0.5552533143627828,0.9147278455084639,0.35947453114568106,Diff-Means(burn-in=2.0),DM,,,10,20,169,10000,2.0,yes,0.035,0.9111475905555232
11827,0.5606790848815438,0.9253430810605733,0.36466399617902945,Diff-Means(burn-in=2.0),DM,,,10,20,169,10000,2.0,yes,0.035,0.9111475905555232
11828,0.5555946360194485,0.9319724335283731,0.37637779750892464,Diff-Means(burn-in=2.0),DM,,,10,20,169,10000,2.0,yes,0.035,0.9111475905555232
11829,0.5559074895895433,0.9301269980410469,0.37421950845150365,Diff-Means(burn-in=2.0),DM,,,10,20,169,10000,2.0,yes,0.035,0.9111475905555232
11830,0.5552949209482142,0.9233941217931536,0.3680992008449394,Diff-Means(burn-in=2.0),DM,,,10,20,169,10000,2.0,yes,0.035,0.9111475905555232
11831,0.557161210315557,0.9194477808172956,0.3622865705017386,Diff-Means(burn-in=2.0),DM,,,10,20,169,10000,2.0,yes,0.035,0.9111475905555232
11832,0.5567745348979439,0.929907000895483,0.373132465997539,Diff-Means(burn-in=2.0),DM,,,10,20,169,10000,2.0,yes,0.035,0.9111475905555232
11833,0.5625273529954838,0.9358424686460047,0.3733151156505209,Diff-Means(burn-in=2.0),DM,,,10,20,169,10000,2.0,yes,0.035,0.9111475905555232
11834,0.5577452875465759,0.9317107195783121,0.37396543203173616,Diff-Means(burn-in=2.0),DM,,,10,20,169,10000,2.0,yes,0.035,0.9111475905555232
11835,0.557413319563987,0.9309538623037089,0.3735405427397219,Diff-Means(burn-in=2.0),DM,,,10,20,169,10000,2.0,yes,0.035,0.9111475905555232
11836,0.5552942413843234,0.921157531210722,0.3658632898263986,Diff-Means(burn-in=2.0),DM,,,10,20,169,10000,2.0,yes,0.035,0.9111475905555232
11837,0.5582833776838825,0.92791031723929,0.3696269395554075,Diff-Means(burn-in=2.0),DM,,,10,20,169,10000,2.0,yes,0.035,0.9111475905555232
11838,0.557100354045601,0.9263189157378556,0.36921856169225464,Diff-Means(burn-in=2.0),DM,,,10,20,169,10000,2.0,yes,0.035,0.9111475905555232
11839,0.5573048116823681,0.922128538653757,0.3648237269713889,Diff-Means(burn-in=2.0),DM,,,10,20,169,10000,2.0,yes,0.035,0.9111475905555232
11840,0.554532087660727,0.92519748502121,0.370665397360483,Diff-Means(burn-in=2.0),DM,,,10,20,169,10000,2.0,yes,0.035,0.9111475905555232
11841,0.5568870310285644,0.9277188036745337,0.37083177264596934,Diff-Means(burn-in=2.0),DM,,,10,20,169,10000,2.0,yes,0.035,0.9111475905555232
11842,0.5607736907747453,0.9295769835014265,0.3688032927266812,Diff-Means(burn-in=2.0),DM,,,10,20,169,10000,2.0,yes,0.035,0.9111475905555232
11843,0.5578652630088107,0.919539635252681,0.36167437224387033,Diff-Means(burn-in=2.0),DM,,,10,20,169,10000,2.0,yes,0.035,0.9111475905555232
11844,0.5562419536692867,0.9372434494478987,0.381001495778612,Diff-Means(burn-in=2.0),DM,,,10,20,169,10000,2.0,yes,0.035,0.9111475905555232
11845,0.558993126272788,0.9242601975322233,0.36526707125943536,Diff-Means(burn-in=2.0),DM,,,10,20,169,10000,2.0,yes,0.035,0.9111475905555232
11846,0.5569140575000879,0.9184254911484887,0.36151143364840077,Diff-Means(burn-in=2.0),DM,,,10,20,169,10000,2.0,yes,0.035,0.9111475905555232
11847,0.5577152640049137,0.9333003390268798,0.37558507502196614,Diff-Means(burn-in=2.0),DM,,,10,20,169,10000,2.0,yes,0.035,0.9111475905555232
11848,0.5556653549929319,0.9214052210155035,0.3657398660225716,Diff-Means(burn-in=2.0),DM,,,10,20,169,10000,2.0,yes,0.035,0.9111475905555232
11849,0.5581123422509997,0.9267890724547889,0.3686767302037892,Diff-Means(burn-in=2.0),DM,,,10,20,169,10000,2.0,yes,0.035,0.9111475905555232
11850,0.5602283931995111,0.9327168489120249,0.37248845571251377,Diff-Means(burn-in=2.0),DM,,,10,20,169,10000,2.0,yes,0.035,0.9111475905555232
11851,0.5576397143661692,0.9260736015146553,0.3684338871484861,Diff-Means(burn-in=2.0),DM,,,10,20,169,10000,2.0,yes,0.035,0.9111475905555232
11852,0.5585353771361361,0.9318763161211966,0.3733409389850605,Diff-Means(burn-in=2.0),DM,,,10,20,169,10000,2.0,yes,0.035,0.9111475905555232
11853,0.5572330521661519,0.9291184919417192,0.3718854397755673,Diff-Means(burn-in=2.0),DM,,,10,20,169,10000,2.0,yes,0.035,0.9111475905555232
11854,0.554599551001697,0.9133763870571954,0.35877683605549837,Diff-Means(burn-in=2.0),DM,,,10,20,169,10000,2.0,yes,0.035,0.9111475905555232
11855,0.5571125824375033,0.9232839919221821,0.36617140948467886,Diff-Means(burn-in=2.0),DM,,,10,20,169,10000,2.0,yes,0.035,0.9111475905555232
11856,0.5589092702084413,0.941683243538651,0.3827739733302097,Diff-Means(burn-in=2.0),DM,,,10,20,169,10000,2.0,yes,0.035,0.9111475905555232
11857,0.5609562589937919,0.9378614784608365,0.3769052194670446,Diff-Means(burn-in=2.0),DM,,,10,20,169,10000,2.0,yes,0.035,0.9111475905555232
11858,0.559907019470815,0.930936813151432,0.37102979368061695,Diff-Means(burn-in=2.0),DM,,,10,20,169,10000,2.0,yes,0.035,0.9111475905555232
11859,0.5571659528028347,0.9289023736795889,0.3717364208767543,Diff-Means(burn-in=2.0),DM,,,10,20,169,10000,2.0,yes,0.035,0.9111475905555232
11860,0.5574872194648199,0.9223944403253577,0.36490722086053773,Diff-Means(burn-in=2.0),DM,,,10,20,169,10000,2.0,yes,0.035,0.9111475905555232
11861,0.5579042417740332,0.937747468479204,0.3798432267051708,Diff-Means(burn-in=2.0),DM,,,10,20,169,10000,2.0,yes,0.035,0.9111475905555232
11862,0.5592620221585654,0.9349020887651689,0.37564006660660354,Diff-Means(burn-in=2.0),DM,,,10,20,169,10000,2.0,yes,0.035,0.9111475905555232
11863,0.5551167420326842,0.9178432006474964,0.3627264586148121,Diff-Means(burn-in=2.0),DM,,,10,20,169,10000,2.0,yes,0.035,0.9111475905555232
11864,0.5578208003954402,0.9294359940392206,0.3716151936437804,Diff-Means(burn-in=2.0),DM,,,10,20,169,10000,2.0,yes,0.035,0.9111475905555232
11865,0.5602293943436216,0.9311258698110603,0.37089647546743865,Diff-Means(burn-in=2.0),DM,,,10,20,169,10000,2.0,yes,0.035,0.9111475905555232
11866,0.5631172053376783,0.93185380567541,0.3687366003377317,Diff-Means(burn-in=2.0),DM,,,10,20,169,10000,2.0,yes,0.035,0.9111475905555232
11867,0.5606835691563588,0.9246763393215849,0.36399277016522613,Diff-Means(burn-in=2.0),DM,,,10,20,169,10000,2.0,yes,0.035,0.9111475905555232
11868,0.5603668353929265,0.9380187829848434,0.3776519475919169,Diff-Means(burn-in=2.0),DM,,,10,20,169,10000,2.0,yes,0.035,0.9111475905555232
11869,0.5583431522578074,0.9240829779133455,0.3657398256555381,Diff-Means(burn-in=2.0),DM,,,10,20,169,10000,2.0,yes,0.035,0.9111475905555232
11870,0.5567099376504001,0.9259081081179759,0.36919817046757575,Diff-Means(burn-in=2.0),DM,,,10,20,169,10000,2.0,yes,0.035,0.9111475905555232
11871,0.5572299172174444,0.9270463991909674,0.369816481973523,Diff-Means(burn-in=2.0),DM,,,10,20,169,10000,2.0,yes,0.035,0.9111475905555232
11872,0.5566864108707599,0.9327138761184031,0.3760274652476432,Diff-Means(burn-in=2.0),DM,,,10,20,169,10000,2.0,yes,0.035,0.9111475905555232
11873,0.5582137775195797,0.9257750694847305,0.36756129196515086,Diff-Means(burn-in=2.0),DM,,,10,20,169,10000,2.0,yes,0.035,0.9111475905555232
11874,0.5576743380123331,0.933892705669767,0.3762183676574339,Diff-Means(burn-in=2.0),DM,,,10,20,169,10000,2.0,yes,0.035,0.9111475905555232
11875,0.5574797383981382,0.9258443504894137,0.36836461209127547,Diff-Means(burn-in=2.0),DM,,,10,20,169,10000,2.0,yes,0.035,0.9111475905555232
11876,0.5547444085769571,0.9172540706867269,0.36250966210976987,Diff-Means(burn-in=2.0),DM,,,10,20,169,10000,2.0,yes,0.035,0.9111475905555232
11877,0.5574320631095816,0.9362247166896697,0.37879265358008807,Diff-Means(burn-in=2.0),DM,,,10,20,169,10000,2.0,yes,0.035,0.9111475905555232
11878,0.5556658791468078,0.9176427289699887,0.3619768498231809,Diff-Means(burn-in=2.0),DM,,,10,20,169,10000,2.0,yes,0.035,0.9111475905555232
11879,0.5573017139600692,0.9222988562192684,0.3649971422591992,Diff-Means(burn-in=2.0),DM,,,10,20,169,10000,2.0,yes,0.035,0.9111475905555232
11880,0.5620598178482501,0.9266871417471542,0.36462732389890407,Diff-Means(burn-in=2.0),DM,,,10,20,169,10000,2.0,yes,0.035,0.9111475905555232
11881,0.555467716399791,0.921205268281776,0.365737551881985,Diff-Means(burn-in=2.0),DM,,,10,20,169,10000,2.0,yes,0.035,0.9111475905555232
11882,0.5592522213169079,0.9304640871365013,0.3712118658195934,Diff-Means(burn-in=2.0),DM,,,10,20,169,10000,2.0,yes,0.035,0.9111475905555232
11883,0.5603496666917908,0.92717359229329,0.36682392560149923,Diff-Means(burn-in=2.0),DM,,,10,20,169,10000,2.0,yes,0.035,0.9111475905555232
11884,0.5551831992454017,0.9301737983300459,0.37499059908464416,Diff-Means(burn-in=2.0),DM,,,10,20,169,10000,2.0,yes,0.035,0.9111475905555232
11885,0.5577894923280906,0.9273120096755241,0.36952251734743347,Diff-Means(burn-in=2.0),DM,,,10,20,169,10000,2.0,yes,0.035,0.9111475905555232
11886,0.5566597929729353,0.9301021504795624,0.373442357506627,Diff-Means(burn-in=2.0),DM,,,10,20,169,10000,2.0,yes,0.035,0.9111475905555232
11887,0.5574883944801396,0.9254237139382405,0.3679353194581009,Diff-Means(burn-in=2.0),DM,,,10,20,169,10000,2.0,yes,0.035,0.9111475905555232
11888,0.5594144626615621,0.938868247542851,0.3794537848812889,Diff-Means(burn-in=2.0),DM,,,10,20,169,10000,2.0,yes,0.035,0.9111475905555232
11889,0.5582419667523776,0.9217378128317053,0.3634958460793277,Diff-Means(burn-in=2.0),DM,,,10,20,169,10000,2.0,yes,0.035,0.9111475905555232
11890,0.55703538795751,0.9195281041461203,0.36249271618861034,Diff-Means(burn-in=2.0),DM,,,10,20,169,10000,2.0,yes,0.035,0.9111475905555232
11891,0.5582498441984294,0.9331227371213934,0.374872892922964,Diff-Means(burn-in=2.0),DM,,,10,20,169,10000,2.0,yes,0.035,0.9111475905555232
11892,0.5586525708793989,0.9358840578705662,0.37723148699116726,Diff-Means(burn-in=2.0),DM,,,10,20,169,10000,2.0,yes,0.035,0.9111475905555232
11893,0.5596378298668627,0.9284931949031074,0.3688553650362447,Diff-Means(burn-in=2.0),DM,,,10,20,169,10000,2.0,yes,0.035,0.9111475905555232
11894,0.5592490576594585,0.9339754403887397,0.37472638272928116,Diff-Means(burn-in=2.0),DM,,,10,20,169,10000,2.0,yes,0.035,0.9111475905555232
11895,0.5584195468279709,0.9290059617522609,0.37058641492429,Diff-Means(burn-in=2.0),DM,,,10,20,169,10000,2.0,yes,0.035,0.9111475905555232
11896,0.5576430017077033,0.9284336635634567,0.3707906618557534,Diff-Means(burn-in=2.0),DM,,,10,20,169,10000,2.0,yes,0.035,0.9111475905555232
11897,0.5580148784157577,0.9244407994970832,0.36642592108132555,Diff-Means(burn-in=2.0),DM,,,10,20,169,10000,2.0,yes,0.035,0.9111475905555232
11898,0.5575447582727268,0.9260957165017115,0.36855095822898476,Diff-Means(burn-in=2.0),DM,,,10,20,169,10000,2.0,yes,0.035,0.9111475905555232
11899,0.5587738591697315,0.9326704485721902,0.3738965894024586,Diff-Means(burn-in=2.0),DM,,,10,20,169,10000,2.0,yes,0.035,0.9111475905555232
11900,0.5581352093239664,0.939580705868757,0.38144549654479054,Diff-Means(burn-in=2.0),DM,,,10,20,169,10000,2.0,yes,0.035,0.9111475905555232
11901,0.5584019767144207,0.9231819014207225,0.36477992470630183,Diff-Means(burn-in=2.0),DM,,,10,20,169,10000,2.0,yes,0.035,0.9111475905555232
11902,0.5599473075772756,0.9301559893282791,0.3702086817510035,Diff-Means(burn-in=2.0),DM,,,10,20,169,10000,2.0,yes,0.035,0.9111475905555232
11903,0.5574833441406911,0.9314497445693188,0.3739664004286277,Diff-Means(burn-in=2.0),DM,,,10,20,169,10000,2.0,yes,0.035,0.9111475905555232
11904,0.558612151435335,0.9258651598194997,0.36725300838416464,Diff-Means(burn-in=2.0),DM,,,10,20,169,10000,2.0,yes,0.035,0.9111475905555232
11905,0.5584334393440605,0.9364759442001865,0.378042504856126,Diff-Means(burn-in=2.0),DM,,,10,20,169,10000,2.0,yes,0.035,0.9111475905555232
11906,0.5591358175342395,0.9288070300484652,0.36967121251422574,Diff-Means(burn-in=2.0),DM,,,10,20,169,10000,2.0,yes,0.035,0.9111475905555232
11907,0.5601680232098394,0.9259671189116713,0.3657990957018319,Diff-Means(burn-in=2.0),DM,,,10,20,169,10000,2.0,yes,0.035,0.9111475905555232
11908,0.557462449104686,0.9248398262986806,0.36737737719399455,Diff-Means(burn-in=2.0),DM,,,10,20,169,10000,2.0,yes,0.035,0.9111475905555232
11909,0.5581513823397898,0.9246383356536372,0.3664869533138474,Diff-Means(burn-in=2.0),DM,,,10,20,169,10000,2.0,yes,0.035,0.9111475905555232
11910,0.5587445355759938,0.9196094186171522,0.3608648830411584,Diff-Means(burn-in=2.0),DM,,,10,20,169,10000,2.0,yes,0.035,0.9111475905555232
11911,0.5596055393463807,0.9254579364365085,0.36585239709012785,Diff-Means(burn-in=2.0),DM,,,10,20,169,10000,2.0,yes,0.035,0.9111475905555232
11912,0.557460224162777,0.9300437230228821,0.3725834988601051,Diff-Means(burn-in=2.0),DM,,,10,20,169,10000,2.0,yes,0.035,0.9111475905555232
11913,0.555828975647124,0.9264272856812505,0.3705983100341266,Diff-Means(burn-in=2.0),DM,,,10,20,169,10000,2.0,yes,0.035,0.9111475905555232
11914,0.5577014607805125,0.9308861146296588,0.37318465384914623,Diff-Means(burn-in=2.0),DM,,,10,20,169,10000,2.0,yes,0.035,0.9111475905555232
11915,0.5592725931459211,0.9344276692334484,0.3751550760875273,Diff-Means(burn-in=2.0),DM,,,10,20,169,10000,2.0,yes,0.035,0.9111475905555232
11916,0.5570398680898839,0.9295021587143089,0.37246229062442493,Diff-Means(burn-in=2.0),DM,,,10,20,169,10000,2.0,yes,0.035,0.9111475905555232
11917,0.5605925373820687,0.9286146105143208,0.3680220731322521,Diff-Means(burn-in=2.0),DM,,,10,20,169,10000,2.0,yes,0.035,0.9111475905555232
11918,0.5582864801016779,0.9326912529035485,0.37440477280187057,Diff-Means(burn-in=2.0),DM,,,10,20,169,10000,2.0,yes,0.035,0.9111475905555232
11919,0.5574804352402081,0.9250092396186256,0.3675288043784175,Diff-Means(burn-in=2.0),DM,,,10,20,169,10000,2.0,yes,0.035,0.9111475905555232
11920,0.5636820405691053,0.9410541113128574,0.3773720707437521,Diff-Means(burn-in=2.0),DM,,,10,20,169,10000,2.0,yes,0.035,0.9111475905555232
11921,0.5602219562046176,0.9306305100639843,0.3704085538593668,Diff-Means(burn-in=2.0),DM,,,10,20,169,10000,2.0,yes,0.035,0.9111475905555232
11922,0.5619653160035143,0.9303827098249942,0.36841739382147987,Diff-Means(burn-in=2.0),DM,,,10,20,169,10000,2.0,yes,0.035,0.9111475905555232
11923,0.5570169579226275,0.9293573479237064,0.3723403900010789,Diff-Means(burn-in=2.0),DM,,,10,20,169,10000,2.0,yes,0.035,0.9111475905555232
11924,0.561076220195697,0.9337181273349424,0.3726419071392454,Diff-Means(burn-in=2.0),DM,,,10,20,169,10000,2.0,yes,0.035,0.9111475905555232
11925,0.5595046643301285,0.9320811235979065,0.37257645926777805,Diff-Means(burn-in=2.0),DM,,,10,20,169,10000,2.0,yes,0.035,0.9111475905555232
11926,0.5562340244513597,0.9281945209910939,0.3719604965397342,Diff-Means(burn-in=2.0),DM,,,10,20,169,10000,2.0,yes,0.035,0.9111475905555232
11927,0.553869813812124,0.9170785938926796,0.3632087800805557,Diff-Means(burn-in=2.0),DM,,,10,20,169,10000,2.0,yes,0.035,0.9111475905555232
11928,0.5565889672514961,0.9220268128854691,0.36543784563397297,Diff-Means(burn-in=2.0),DM,,,10,20,169,10000,2.0,yes,0.035,0.9111475905555232
11929,0.558588381280562,0.929562758421899,0.37097437714133696,Diff-Means(burn-in=2.0),DM,,,10,20,169,10000,2.0,yes,0.035,0.9111475905555232
11930,0.5558918539372206,0.9316258557778309,0.37573400184061023,Diff-Means(burn-in=2.0),DM,,,10,20,169,10000,2.0,yes,0.035,0.9111475905555232
11931,0.5586848143083777,0.9237751737687695,0.3650903594603918,Diff-Means(burn-in=2.0),DM,,,10,20,169,10000,2.0,yes,0.035,0.9111475905555232
11932,0.5593886217964064,0.9291117032748263,0.3697230814784199,Diff-Means(burn-in=2.0),DM,,,10,20,169,10000,2.0,yes,0.035,0.9111475905555232
11933,0.5574547781914574,0.9274247056223445,0.3699699274308871,Diff-Means(burn-in=2.0),DM,,,10,20,169,10000,2.0,yes,0.035,0.9111475905555232
11934,0.5596970657771367,0.9347369984647393,0.3750399326876026,Diff-Means(burn-in=2.0),DM,,,10,20,169,10000,2.0,yes,0.035,0.9111475905555232
11935,0.5554028744352413,0.9275488255467497,0.3721459511115084,Diff-Means(burn-in=2.0),DM,,,10,20,169,10000,2.0,yes,0.035,0.9111475905555232
11936,0.5585055178041711,0.9225733998639366,0.3640678820597655,Diff-Means(burn-in=2.0),DM,,,10,20,169,10000,2.0,yes,0.035,0.9111475905555232
11937,0.5569706171398733,0.921647442786894,0.36467682564702075,Diff-Means(burn-in=2.0),DM,,,10,20,169,10000,2.0,yes,0.035,0.9111475905555232
11938,0.5553359192776173,0.9315761877411995,0.3762402684635823,Diff-Means(burn-in=2.0),DM,,,10,20,169,10000,2.0,yes,0.035,0.9111475905555232
11939,0.5614278408683319,0.932127185892261,0.3706993450239291,Diff-Means(burn-in=2.0),DM,,,10,20,169,10000,2.0,yes,0.035,0.9111475905555232
11940,0.5568941834145167,0.9281381004577023,0.3712439170431856,Diff-Means(burn-in=2.0),DM,,,10,20,169,10000,2.0,yes,0.035,0.9111475905555232
11941,0.5566428699213174,0.9204097924928849,0.3637669225715675,Diff-Means(burn-in=2.0),DM,,,10,20,169,10000,2.0,yes,0.035,0.9111475905555232
11942,0.5578337397516213,0.9313107407335601,0.3734770009819388,Diff-Means(burn-in=2.0),DM,,,10,20,169,10000,2.0,yes,0.035,0.9111475905555232
11943,0.558248015887175,0.9238685053510538,0.3656204894638788,Diff-Means(burn-in=2.0),DM,,,10,20,169,10000,2.0,yes,0.035,0.9111475905555232
11944,0.5551922729875017,0.9292275566008495,0.3740352836133478,Diff-Means(burn-in=2.0),DM,,,10,20,169,10000,2.0,yes,0.035,0.9111475905555232
11945,0.5563634878256974,0.9169289845392072,0.3605654967135098,Diff-Means(burn-in=2.0),DM,,,10,20,169,10000,2.0,yes,0.035,0.9111475905555232
11946,0.5571187721676922,0.9290062892596547,0.37188751709196244,Diff-Means(burn-in=2.0),DM,,,10,20,169,10000,2.0,yes,0.035,0.9111475905555232
11947,0.557323066419095,0.9214754790708287,0.3641524126517337,Diff-Means(burn-in=2.0),DM,,,10,20,169,10000,2.0,yes,0.035,0.9111475905555232
11948,0.5559997444164819,0.9331690949268338,0.37716935051035183,Diff-Means(burn-in=2.0),DM,,,10,20,169,10000,2.0,yes,0.035,0.9111475905555232
11949,0.5567311183763755,0.9287930950174985,0.37206197664112306,Diff-Means(burn-in=2.0),DM,,,10,20,169,10000,2.0,yes,0.035,0.9111475905555232
11950,0.5586448621043575,0.9330064974882243,0.3743616353838668,Diff-Means(burn-in=2.0),DM,,,10,20,169,10000,2.0,yes,0.035,0.9111475905555232
11951,0.5593386246442703,0.9340571144728046,0.3747184898285343,Diff-Means(burn-in=2.0),DM,,,10,20,169,10000,2.0,yes,0.035,0.9111475905555232
11952,0.5567779411663313,0.9304592373982535,0.37368129623192226,Diff-Means(burn-in=2.0),DM,,,10,20,169,10000,2.0,yes,0.035,0.9111475905555232
11953,0.5595017937262909,0.9246455714189117,0.36514377769262074,Diff-Means(burn-in=2.0),DM,,,10,20,169,10000,2.0,yes,0.035,0.9111475905555232
11954,0.554724793227111,0.9232406018258489,0.3685158085987379,Diff-Means(burn-in=2.0),DM,,,10,20,169,10000,2.0,yes,0.035,0.9111475905555232
11955,0.5586991974631089,0.9254044924047096,0.36670529494160065,Diff-Means(burn-in=2.0),DM,,,10,20,169,10000,2.0,yes,0.035,0.9111475905555232
11956,0.5561303500834799,0.9326044002086998,0.37647405012521995,Diff-Means(burn-in=2.0),DM,,,10,20,169,10000,2.0,yes,0.035,0.9111475905555232
11957,0.5570177362723188,0.9231825698650885,0.36616483359276975,Diff-Means(burn-in=2.0),DM,,,10,20,169,10000,2.0,yes,0.035,0.9111475905555232
11958,0.5584087243383318,0.931119861779569,0.3727111374412372,Diff-Means(burn-in=2.0),DM,,,10,20,169,10000,2.0,yes,0.035,0.9111475905555232
11959,0.5610358030920549,0.9328956649216676,0.3718598618296127,Diff-Means(burn-in=2.0),DM,,,10,20,169,10000,2.0,yes,0.035,0.9111475905555232
11960,0.5588477150221514,0.9313501392738125,0.37250242425166114,Diff-Means(burn-in=2.0),DM,,,10,20,169,10000,2.0,yes,0.035,0.9111475905555232
11961,0.5570493833389131,0.931479078852896,0.374429695513983,Diff-Means(burn-in=2.0),DM,,,10,20,169,10000,2.0,yes,0.035,0.9111475905555232
11962,0.5599967963868006,0.9286087695715365,0.36861197318473593,Diff-Means(burn-in=2.0),DM,,,10,20,169,10000,2.0,yes,0.035,0.9111475905555232
11963,0.5568670997665748,0.9185231558681479,0.36165605610157314,Diff-Means(burn-in=2.0),DM,,,10,20,169,10000,2.0,yes,0.035,0.9111475905555232
11964,0.5569537597579884,0.9196168535591833,0.3626630938011949,Diff-Means(burn-in=2.0),DM,,,10,20,169,10000,2.0,yes,0.035,0.9111475905555232
11965,0.5572299094088206,0.9245110048939956,0.36728109548517507,Diff-Means(burn-in=2.0),DM,,,10,20,169,10000,2.0,yes,0.035,0.9111475905555232
11966,0.5551003710284399,0.9283240575718172,0.37322368654337734,Diff-Means(burn-in=2.0),DM,,,10,20,169,10000,2.0,yes,0.035,0.9111475905555232
11967,0.5617270926800526,0.9353376364988548,0.3736105438188022,Diff-Means(burn-in=2.0),DM,,,10,20,169,10000,2.0,yes,0.035,0.9111475905555232
11968,0.5576053408932149,0.9295599711894861,0.3719546302962712,Diff-Means(burn-in=2.0),DM,,,10,20,169,10000,2.0,yes,0.035,0.9111475905555232
11969,0.5590672209203073,0.9368264406564264,0.37775921973611915,Diff-Means(burn-in=2.0),DM,,,10,20,169,10000,2.0,yes,0.035,0.9111475905555232
11970,0.556947490166552,0.9223274790404848,0.36537998887393286,Diff-Means(burn-in=2.0),DM,,,10,20,169,10000,2.0,yes,0.035,0.9111475905555232
11971,0.556873609216582,0.9240233782799102,0.3671497690633282,Diff-Means(burn-in=2.0),DM,,,10,20,169,10000,2.0,yes,0.035,0.9111475905555232
11972,0.5568056095427835,0.9306750330631234,0.3738694235203399,Diff-Means(burn-in=2.0),DM,,,10,20,169,10000,2.0,yes,0.035,0.9111475905555232
11973,0.559358356021279,0.9383440505829832,0.37898569456170417,Diff-Means(burn-in=2.0),DM,,,10,20,169,10000,2.0,yes,0.035,0.9111475905555232
11974,0.56104412722974,0.930994922111706,0.369950794881966,Diff-Means(burn-in=2.0),DM,,,10,20,169,10000,2.0,yes,0.035,0.9111475905555232
11975,0.5591315028971294,0.9328954816492369,0.37376397875210743,Diff-Means(burn-in=2.0),DM,,,10,20,169,10000,2.0,yes,0.035,0.9111475905555232
11976,0.5595686201275225,0.9299146944827139,0.3703460743551914,Diff-Means(burn-in=2.0),DM,,,10,20,169,10000,2.0,yes,0.035,0.9111475905555232
11977,0.5557032351285409,0.9239828133321994,0.36827957820365853,Diff-Means(burn-in=2.0),DM,,,10,20,169,10000,2.0,yes,0.035,0.9111475905555232
11978,0.5592352317133606,0.9288710772571795,0.3696358455438189,Diff-Means(burn-in=2.0),DM,,,10,20,169,10000,2.0,yes,0.035,0.9111475905555232
11979,0.559149936923414,0.9212625724251028,0.3621126355016888,Diff-Means(burn-in=2.0),DM,,,10,20,169,10000,2.0,yes,0.035,0.9111475905555232
11980,0.5567977199177911,0.9221083301896815,0.3653106102718904,Diff-Means(burn-in=2.0),DM,,,10,20,169,10000,2.0,yes,0.035,0.9111475905555232
11981,0.5586586296201177,0.9315082224938949,0.37284959287377717,Diff-Means(burn-in=2.0),DM,,,10,20,169,10000,2.0,yes,0.035,0.9111475905555232
11982,0.5602929012626869,0.9279504002630193,0.3676574990003324,Diff-Means(burn-in=2.0),DM,,,10,20,169,10000,2.0,yes,0.035,0.9111475905555232
11983,0.5548609026523287,0.9194624724269703,0.36460156977464164,Diff-Means(burn-in=2.0),DM,,,10,20,169,10000,2.0,yes,0.035,0.9111475905555232
11984,0.558720060659942,0.9248432979427621,0.36612323728282015,Diff-Means(burn-in=2.0),DM,,,10,20,169,10000,2.0,yes,0.035,0.9111475905555232
11985,0.5570257567294429,0.9266915573097393,0.3696658005802964,Diff-Means(burn-in=2.0),DM,,,10,20,169,10000,2.0,yes,0.035,0.9111475905555232
11986,0.5577987644532725,0.9263859814394764,0.3685872169862039,Diff-Means(burn-in=2.0),DM,,,10,20,169,10000,2.0,yes,0.035,0.9111475905555232
11987,0.5560565798481486,0.9297839455887764,0.3737273657406278,Diff-Means(burn-in=2.0),DM,,,10,20,169,10000,2.0,yes,0.035,0.9111475905555232
11988,0.5600274507325265,0.9292341730805637,0.3692067223480372,Diff-Means(burn-in=2.0),DM,,,10,20,169,10000,2.0,yes,0.035,0.9111475905555232
11989,0.556966297194837,0.9236268929791914,0.3666605957843544,Diff-Means(burn-in=2.0),DM,,,10,20,169,10000,2.0,yes,0.035,0.9111475905555232
11990,0.5586704310963051,0.9237963759002653,0.3651259448039602,Diff-Means(burn-in=2.0),DM,,,10,20,169,10000,2.0,yes,0.035,0.9111475905555232
11991,0.5576430764500483,0.9308025027322309,0.37315942628218257,Diff-Means(burn-in=2.0),DM,,,10,20,169,10000,2.0,yes,0.035,0.9111475905555232
11992,0.5541864605670794,0.9261066161819241,0.3719201556148447,Diff-Means(burn-in=2.0),DM,,,10,20,169,10000,2.0,yes,0.035,0.9111475905555232
11993,0.5563232586532985,0.9317199568090989,0.37539669815580046,Diff-Means(burn-in=2.0),DM,,,10,20,169,10000,2.0,yes,0.035,0.9111475905555232
11994,0.5552852769724597,0.9141806592614383,0.35889538228897866,Diff-Means(burn-in=2.0),DM,,,10,20,169,10000,2.0,yes,0.035,0.9111475905555232
11995,0.5589324221219112,0.9229449837675949,0.36401256164568374,Diff-Means(burn-in=2.0),DM,,,10,20,169,10000,2.0,yes,0.035,0.9111475905555232
11996,0.5582931074720974,0.9290396832603603,0.370746575788263,Diff-Means(burn-in=2.0),DM,,,10,20,169,10000,2.0,yes,0.035,0.9111475905555232
11997,0.5585392197666061,0.9330935629456137,0.3745543431790076,Diff-Means(burn-in=2.0),DM,,,10,20,169,10000,2.0,yes,0.035,0.9111475905555232
11998,0.55643348919274,0.9266702843670095,0.37023679517426944,Diff-Means(burn-in=2.0),DM,,,10,20,169,10000,2.0,yes,0.035,0.9111475905555232
11999,0.5572213020115945,0.9205832412108989,0.3633619391993044,Diff-Means(burn-in=2.0),DM,,,10,20,169,10000,2.0,yes,0.035,0.9111475905555232
12000,0.5364744778493699,0.9412126995636683,0.4047382217142984,Diff-Means(burn-in=6.0),DM,,,10,20,169,10000,6.0,yes,0.035,0.9111475905555232
12001,0.5410865777640927,0.9533470564086118,0.4122604786445191,Diff-Means(burn-in=6.0),DM,,,10,20,169,10000,6.0,yes,0.035,0.9111475905555232
12002,0.5391417012334624,0.9492000457738706,0.41005834454040824,Diff-Means(burn-in=6.0),DM,,,10,20,169,10000,6.0,yes,0.035,0.9111475905555232
12003,0.5398391408238921,0.9504583930861388,0.4106192522622467,Diff-Means(burn-in=6.0),DM,,,10,20,169,10000,6.0,yes,0.035,0.9111475905555232
12004,0.5433802515361238,0.9571592954794236,0.4137790439432998,Diff-Means(burn-in=6.0),DM,,,10,20,169,10000,6.0,yes,0.035,0.9111475905555232
12005,0.5425399235604119,0.960312193418316,0.41777226985790406,Diff-Means(burn-in=6.0),DM,,,10,20,169,10000,6.0,yes,0.035,0.9111475905555232
12006,0.5398320608669114,0.9440281876872237,0.40419612682031236,Diff-Means(burn-in=6.0),DM,,,10,20,169,10000,6.0,yes,0.035,0.9111475905555232
12007,0.541335674383029,0.9540332413210584,0.4126975669380294,Diff-Means(burn-in=6.0),DM,,,10,20,169,10000,6.0,yes,0.035,0.9111475905555232
12008,0.5400951251634731,0.949491729803435,0.40939660463996186,Diff-Means(burn-in=6.0),DM,,,10,20,169,10000,6.0,yes,0.035,0.9111475905555232
12009,0.5387514815896097,0.9525609064327719,0.4138094248431622,Diff-Means(burn-in=6.0),DM,,,10,20,169,10000,6.0,yes,0.035,0.9111475905555232
12010,0.5424667067871807,0.9415146375952136,0.3990479308080329,Diff-Means(burn-in=6.0),DM,,,10,20,169,10000,6.0,yes,0.035,0.9111475905555232
12011,0.5405445356816284,0.9527188433614795,0.4121743076798511,Diff-Means(burn-in=6.0),DM,,,10,20,169,10000,6.0,yes,0.035,0.9111475905555232
12012,0.5405883565330311,0.9411552798855171,0.400566923352486,Diff-Means(burn-in=6.0),DM,,,10,20,169,10000,6.0,yes,0.035,0.9111475905555232
12013,0.5397536460630444,0.947319038110935,0.40756539204789055,Diff-Means(burn-in=6.0),DM,,,10,20,169,10000,6.0,yes,0.035,0.9111475905555232
12014,0.5412802979789616,0.9481030740137246,0.406822776034763,Diff-Means(burn-in=6.0),DM,,,10,20,169,10000,6.0,yes,0.035,0.9111475905555232
12015,0.5394432609905853,0.9529901750818512,0.413546914091266,Diff-Means(burn-in=6.0),DM,,,10,20,169,10000,6.0,yes,0.035,0.9111475905555232
12016,0.53670342855767,0.941388013975734,0.40468458541806407,Diff-Means(burn-in=6.0),DM,,,10,20,169,10000,6.0,yes,0.035,0.9111475905555232
12017,0.5414458363223897,0.944811337888869,0.4033655015664792,Diff-Means(burn-in=6.0),DM,,,10,20,169,10000,6.0,yes,0.035,0.9111475905555232
12018,0.5402923349465412,0.9506932735325074,0.41040093858596627,Diff-Means(burn-in=6.0),DM,,,10,20,169,10000,6.0,yes,0.035,0.9111475905555232
12019,0.5395840715995045,0.9484623967382967,0.4088783251387922,Diff-Means(burn-in=6.0),DM,,,10,20,169,10000,6.0,yes,0.035,0.9111475905555232
12020,0.5404802404576846,0.9483178705905564,0.4078376301328718,Diff-Means(burn-in=6.0),DM,,,10,20,169,10000,6.0,yes,0.035,0.9111475905555232
12021,0.5371632443361971,0.952208936286998,0.4150456919508009,Diff-Means(burn-in=6.0),DM,,,10,20,169,10000,6.0,yes,0.035,0.9111475905555232
12022,0.5380932334697078,0.9438588527618209,0.4057656192921131,Diff-Means(burn-in=6.0),DM,,,10,20,169,10000,6.0,yes,0.035,0.9111475905555232
12023,0.5421578429307703,0.9509447012549513,0.40878685832418105,Diff-Means(burn-in=6.0),DM,,,10,20,169,10000,6.0,yes,0.035,0.9111475905555232
12024,0.5425552427764097,0.9399535915610919,0.3973983487846823,Diff-Means(burn-in=6.0),DM,,,10,20,169,10000,6.0,yes,0.035,0.9111475905555232
12025,0.540969546212015,0.9450700552994552,0.4041005090874402,Diff-Means(burn-in=6.0),DM,,,10,20,169,10000,6.0,yes,0.035,0.9111475905555232
12026,0.5399516101344921,0.9467411472941728,0.4067895371596807,Diff-Means(burn-in=6.0),DM,,,10,20,169,10000,6.0,yes,0.035,0.9111475905555232
12027,0.5379967708525936,0.9439867481920433,0.40598997733944975,Diff-Means(burn-in=6.0),DM,,,10,20,169,10000,6.0,yes,0.035,0.9111475905555232
12028,0.5403950027629861,0.940297258262128,0.3999022554991418,Diff-Means(burn-in=6.0),DM,,,10,20,169,10000,6.0,yes,0.035,0.9111475905555232
12029,0.5415445502519509,0.9493905477975332,0.40784599754558226,Diff-Means(burn-in=6.0),DM,,,10,20,169,10000,6.0,yes,0.035,0.9111475905555232
12030,0.5410378545715543,0.930431897349916,0.38939404277836176,Diff-Means(burn-in=6.0),DM,,,10,20,169,10000,6.0,yes,0.035,0.9111475905555232
12031,0.5406351754544435,0.9466273617082067,0.4059921862537632,Diff-Means(burn-in=6.0),DM,,,10,20,169,10000,6.0,yes,0.035,0.9111475905555232
12032,0.5399137281969197,0.9524483346186606,0.4125346064217409,Diff-Means(burn-in=6.0),DM,,,10,20,169,10000,6.0,yes,0.035,0.9111475905555232
12033,0.5417021589611368,0.9429624083527128,0.401260249391576,Diff-Means(burn-in=6.0),DM,,,10,20,169,10000,6.0,yes,0.035,0.9111475905555232
12034,0.5407168601164875,0.9544638546929491,0.4137469945764617,Diff-Means(burn-in=6.0),DM,,,10,20,169,10000,6.0,yes,0.035,0.9111475905555232
12035,0.5385467851837621,0.9473702983825824,0.40882351319882027,Diff-Means(burn-in=6.0),DM,,,10,20,169,10000,6.0,yes,0.035,0.9111475905555232
12036,0.5403823422192923,0.9532073439036481,0.4128250016843559,Diff-Means(burn-in=6.0),DM,,,10,20,169,10000,6.0,yes,0.035,0.9111475905555232
12037,0.540077127730118,0.9533519415324101,0.41327481380229214,Diff-Means(burn-in=6.0),DM,,,10,20,169,10000,6.0,yes,0.035,0.9111475905555232
12038,0.5394919443274913,0.9522871842718943,0.41279523994440304,Diff-Means(burn-in=6.0),DM,,,10,20,169,10000,6.0,yes,0.035,0.9111475905555232
12039,0.5394486076693314,0.9473971186433103,0.4079485109739789,Diff-Means(burn-in=6.0),DM,,,10,20,169,10000,6.0,yes,0.035,0.9111475905555232
12040,0.5403536931634421,0.9438038471032244,0.40345015393978234,Diff-Means(burn-in=6.0),DM,,,10,20,169,10000,6.0,yes,0.035,0.9111475905555232
12041,0.5404476595360391,0.9480666158974116,0.40761895636137246,Diff-Means(burn-in=6.0),DM,,,10,20,169,10000,6.0,yes,0.035,0.9111475905555232
12042,0.5410480833798624,0.9559293821241697,0.41488129874430724,Diff-Means(burn-in=6.0),DM,,,10,20,169,10000,6.0,yes,0.035,0.9111475905555232
12043,0.5424617957184493,0.9537081122117785,0.4112463164933292,Diff-Means(burn-in=6.0),DM,,,10,20,169,10000,6.0,yes,0.035,0.9111475905555232
12044,0.5409396609405347,0.9464549176749518,0.40551525673441713,Diff-Means(burn-in=6.0),DM,,,10,20,169,10000,6.0,yes,0.035,0.9111475905555232
12045,0.5397371748001366,0.9579098030457325,0.41817262824559587,Diff-Means(burn-in=6.0),DM,,,10,20,169,10000,6.0,yes,0.035,0.9111475905555232
12046,0.5416446397249962,0.947935421418615,0.40629078169361876,Diff-Means(burn-in=6.0),DM,,,10,20,169,10000,6.0,yes,0.035,0.9111475905555232
12047,0.5389947297063296,0.946802704517559,0.40780797481122943,Diff-Means(burn-in=6.0),DM,,,10,20,169,10000,6.0,yes,0.035,0.9111475905555232
12048,0.5431420846735721,0.9554836705651912,0.4123415858916192,Diff-Means(burn-in=6.0),DM,,,10,20,169,10000,6.0,yes,0.035,0.9111475905555232
12049,0.5400019842092282,0.9437193425174599,0.40371735830823174,Diff-Means(burn-in=6.0),DM,,,10,20,169,10000,6.0,yes,0.035,0.9111475905555232
12050,0.5413462259541763,0.9555841292125343,0.4142379032583581,Diff-Means(burn-in=6.0),DM,,,10,20,169,10000,6.0,yes,0.035,0.9111475905555232
12051,0.5424028332897182,0.9582843001958429,0.4158814669061247,Diff-Means(burn-in=6.0),DM,,,10,20,169,10000,6.0,yes,0.035,0.9111475905555232
12052,0.5394238325158012,0.9483548852062973,0.4089310526904961,Diff-Means(burn-in=6.0),DM,,,10,20,169,10000,6.0,yes,0.035,0.9111475905555232
12053,0.5375250547499635,0.9433770118761138,0.4058519571261503,Diff-Means(burn-in=6.0),DM,,,10,20,169,10000,6.0,yes,0.035,0.9111475905555232
12054,0.5423573329012863,0.9484661684530153,0.40610883555172905,Diff-Means(burn-in=6.0),DM,,,10,20,169,10000,6.0,yes,0.035,0.9111475905555232
12055,0.5409676901000211,0.9423422664057122,0.40137457630569107,Diff-Means(burn-in=6.0),DM,,,10,20,169,10000,6.0,yes,0.035,0.9111475905555232
12056,0.5395777220806129,0.9393410337861922,0.3997633117055792,Diff-Means(burn-in=6.0),DM,,,10,20,169,10000,6.0,yes,0.035,0.9111475905555232
12057,0.5394562221862091,0.9450472442568334,0.40559102207062425,Diff-Means(burn-in=6.0),DM,,,10,20,169,10000,6.0,yes,0.035,0.9111475905555232
12058,0.5400865684116918,0.948038020427092,0.4079514520154002,Diff-Means(burn-in=6.0),DM,,,10,20,169,10000,6.0,yes,0.035,0.9111475905555232
12059,0.5395529819570116,0.9397051044530336,0.40015212249602194,Diff-Means(burn-in=6.0),DM,,,10,20,169,10000,6.0,yes,0.035,0.9111475905555232
12060,0.5387052051531329,0.9606153141780861,0.4219101090249532,Diff-Means(burn-in=6.0),DM,,,10,20,169,10000,6.0,yes,0.035,0.9111475905555232
12061,0.5395919629866543,0.9391097840066709,0.39951782102001654,Diff-Means(burn-in=6.0),DM,,,10,20,169,10000,6.0,yes,0.035,0.9111475905555232
12062,0.5383733491922522,0.9451449900302755,0.4067716408380233,Diff-Means(burn-in=6.0),DM,,,10,20,169,10000,6.0,yes,0.035,0.9111475905555232
12063,0.5405986780324282,0.9445635684190075,0.40396489038657923,Diff-Means(burn-in=6.0),DM,,,10,20,169,10000,6.0,yes,0.035,0.9111475905555232
12064,0.5393878725179413,0.9580344983038512,0.41864662578590994,Diff-Means(burn-in=6.0),DM,,,10,20,169,10000,6.0,yes,0.035,0.9111475905555232
12065,0.5401293008555178,0.9464081060034623,0.40627880514794446,Diff-Means(burn-in=6.0),DM,,,10,20,169,10000,6.0,yes,0.035,0.9111475905555232
12066,0.5424796741696918,0.9569969811354707,0.41451730696577893,Diff-Means(burn-in=6.0),DM,,,10,20,169,10000,6.0,yes,0.035,0.9111475905555232
12067,0.5386021312928808,0.9432517925748947,0.40464966128201385,Diff-Means(burn-in=6.0),DM,,,10,20,169,10000,6.0,yes,0.035,0.9111475905555232
12068,0.538646188009482,0.9478873939420297,0.40924120593254765,Diff-Means(burn-in=6.0),DM,,,10,20,169,10000,6.0,yes,0.035,0.9111475905555232
12069,0.5403418058475834,0.9512101945153719,0.4108683886677885,Diff-Means(burn-in=6.0),DM,,,10,20,169,10000,6.0,yes,0.035,0.9111475905555232
12070,0.5387768611708446,0.9517315831026933,0.4129547219318488,Diff-Means(burn-in=6.0),DM,,,10,20,169,10000,6.0,yes,0.035,0.9111475905555232
12071,0.5413259282557326,0.9491495585271427,0.4078236302714101,Diff-Means(burn-in=6.0),DM,,,10,20,169,10000,6.0,yes,0.035,0.9111475905555232
12072,0.5413298879116591,0.958366758003644,0.41703687009198487,Diff-Means(burn-in=6.0),DM,,,10,20,169,10000,6.0,yes,0.035,0.9111475905555232
12073,0.543190596000032,0.9520571937201142,0.40886659772008216,Diff-Means(burn-in=6.0),DM,,,10,20,169,10000,6.0,yes,0.035,0.9111475905555232
12074,0.5423709165872921,0.947132892056717,0.40476197546942494,Diff-Means(burn-in=6.0),DM,,,10,20,169,10000,6.0,yes,0.035,0.9111475905555232
12075,0.5416299998588635,0.9545556216007457,0.4129256217418822,Diff-Means(burn-in=6.0),DM,,,10,20,169,10000,6.0,yes,0.035,0.9111475905555232
12076,0.5401518101078291,0.9455653388979177,0.40541352879008863,Diff-Means(burn-in=6.0),DM,,,10,20,169,10000,6.0,yes,0.035,0.9111475905555232
12077,0.5398494862183469,0.9463243293755013,0.4064748431571543,Diff-Means(burn-in=6.0),DM,,,10,20,169,10000,6.0,yes,0.035,0.9111475905555232
12078,0.5406190143379233,0.9490050338424973,0.4083860195045741,Diff-Means(burn-in=6.0),DM,,,10,20,169,10000,6.0,yes,0.035,0.9111475905555232
12079,0.5403107256951616,0.942012088058616,0.40170136236345444,Diff-Means(burn-in=6.0),DM,,,10,20,169,10000,6.0,yes,0.035,0.9111475905555232
12080,0.5402590404104569,0.9549221932137796,0.41466315280332267,Diff-Means(burn-in=6.0),DM,,,10,20,169,10000,6.0,yes,0.035,0.9111475905555232
12081,0.5386695063590416,0.9418573781668985,0.40318787180785687,Diff-Means(burn-in=6.0),DM,,,10,20,169,10000,6.0,yes,0.035,0.9111475905555232
12082,0.5403278740015869,0.9560813099057609,0.415753435904174,Diff-Means(burn-in=6.0),DM,,,10,20,169,10000,6.0,yes,0.035,0.9111475905555232
12083,0.5391239628920456,0.9401920821645369,0.4010681192724913,Diff-Means(burn-in=6.0),DM,,,10,20,169,10000,6.0,yes,0.035,0.9111475905555232
12084,0.5412725925141753,0.94730666654633,0.40603407403215475,Diff-Means(burn-in=6.0),DM,,,10,20,169,10000,6.0,yes,0.035,0.9111475905555232
12085,0.5405541027619768,0.9502054132720984,0.4096513105101216,Diff-Means(burn-in=6.0),DM,,,10,20,169,10000,6.0,yes,0.035,0.9111475905555232
12086,0.5399484486172524,0.941597367140633,0.4016489185233806,Diff-Means(burn-in=6.0),DM,,,10,20,169,10000,6.0,yes,0.035,0.9111475905555232
12087,0.5399597559839773,0.9505736702996926,0.41061391431571537,Diff-Means(burn-in=6.0),DM,,,10,20,169,10000,6.0,yes,0.035,0.9111475905555232
12088,0.544495087622189,0.9480803044087037,0.4035852167865147,Diff-Means(burn-in=6.0),DM,,,10,20,169,10000,6.0,yes,0.035,0.9111475905555232
12089,0.5389462689630765,0.9410768150025682,0.4021305460394917,Diff-Means(burn-in=6.0),DM,,,10,20,169,10000,6.0,yes,0.035,0.9111475905555232
12090,0.5393929608288199,0.9514413890648614,0.4120484282360415,Diff-Means(burn-in=6.0),DM,,,10,20,169,10000,6.0,yes,0.035,0.9111475905555232
12091,0.5446706085774069,0.9461502202855954,0.40147961170818847,Diff-Means(burn-in=6.0),DM,,,10,20,169,10000,6.0,yes,0.035,0.9111475905555232
12092,0.5377667708719963,0.9454919563091793,0.40772518543718295,Diff-Means(burn-in=6.0),DM,,,10,20,169,10000,6.0,yes,0.035,0.9111475905555232
12093,0.5411467915386879,0.9532861911213665,0.41213939958267853,Diff-Means(burn-in=6.0),DM,,,10,20,169,10000,6.0,yes,0.035,0.9111475905555232
12094,0.5412884724581604,0.9545462555632162,0.4132577831050558,Diff-Means(burn-in=6.0),DM,,,10,20,169,10000,6.0,yes,0.035,0.9111475905555232
12095,0.5397015692349406,0.9518673747156221,0.4121658054806815,Diff-Means(burn-in=6.0),DM,,,10,20,169,10000,6.0,yes,0.035,0.9111475905555232
12096,0.5404119120573128,0.945941725160519,0.40552981310320624,Diff-Means(burn-in=6.0),DM,,,10,20,169,10000,6.0,yes,0.035,0.9111475905555232
12097,0.5401138094357254,0.9467020350255275,0.4065882255898021,Diff-Means(burn-in=6.0),DM,,,10,20,169,10000,6.0,yes,0.035,0.9111475905555232
12098,0.5387170229418701,0.9490940693177095,0.4103770463758394,Diff-Means(burn-in=6.0),DM,,,10,20,169,10000,6.0,yes,0.035,0.9111475905555232
12099,0.5443070373723587,0.9571588867403084,0.4128518493679496,Diff-Means(burn-in=6.0),DM,,,10,20,169,10000,6.0,yes,0.035,0.9111475905555232
12100,0.5435003759880297,0.9475441254644653,0.4040437494764356,Diff-Means(burn-in=6.0),DM,,,10,20,169,10000,6.0,yes,0.035,0.9111475905555232
12101,0.5410055096488324,0.9479602838681256,0.40695477421929316,Diff-Means(burn-in=6.0),DM,,,10,20,169,10000,6.0,yes,0.035,0.9111475905555232
12102,0.5408980482475714,0.9477280067398516,0.4068299584922802,Diff-Means(burn-in=6.0),DM,,,10,20,169,10000,6.0,yes,0.035,0.9111475905555232
12103,0.5425425805446675,0.9480011056020741,0.40545852505740654,Diff-Means(burn-in=6.0),DM,,,10,20,169,10000,6.0,yes,0.035,0.9111475905555232
12104,0.5387376147523315,0.9396939806969131,0.4009563659445816,Diff-Means(burn-in=6.0),DM,,,10,20,169,10000,6.0,yes,0.035,0.9111475905555232
12105,0.5385265461534613,0.9457667940828222,0.40724024792936087,Diff-Means(burn-in=6.0),DM,,,10,20,169,10000,6.0,yes,0.035,0.9111475905555232
12106,0.5396831499273732,0.9484320168340261,0.4087488669066529,Diff-Means(burn-in=6.0),DM,,,10,20,169,10000,6.0,yes,0.035,0.9111475905555232
12107,0.5402953804857706,0.9497612563224161,0.4094658758366455,Diff-Means(burn-in=6.0),DM,,,10,20,169,10000,6.0,yes,0.035,0.9111475905555232
12108,0.5407216030808429,0.947949608512441,0.4072280054315981,Diff-Means(burn-in=6.0),DM,,,10,20,169,10000,6.0,yes,0.035,0.9111475905555232
12109,0.5403869166738583,0.9488734666855195,0.40848655001166123,Diff-Means(burn-in=6.0),DM,,,10,20,169,10000,6.0,yes,0.035,0.9111475905555232
12110,0.5394340753225669,0.9429553613697208,0.40352128604715387,Diff-Means(burn-in=6.0),DM,,,10,20,169,10000,6.0,yes,0.035,0.9111475905555232
12111,0.542757698838984,0.9433314924409211,0.4005737936019371,Diff-Means(burn-in=6.0),DM,,,10,20,169,10000,6.0,yes,0.035,0.9111475905555232
12112,0.5395422102715006,0.9493515751691454,0.40980936489764475,Diff-Means(burn-in=6.0),DM,,,10,20,169,10000,6.0,yes,0.035,0.9111475905555232
12113,0.5390902745509153,0.942755781205249,0.40366550665433376,Diff-Means(burn-in=6.0),DM,,,10,20,169,10000,6.0,yes,0.035,0.9111475905555232
12114,0.5425331857776955,0.9499995193557907,0.40746633357809525,Diff-Means(burn-in=6.0),DM,,,10,20,169,10000,6.0,yes,0.035,0.9111475905555232
12115,0.5404983884226421,0.9473507506893027,0.40685236226666066,Diff-Means(burn-in=6.0),DM,,,10,20,169,10000,6.0,yes,0.035,0.9111475905555232
12116,0.539767267599959,0.9537814196098371,0.4140141520098781,Diff-Means(burn-in=6.0),DM,,,10,20,169,10000,6.0,yes,0.035,0.9111475905555232
12117,0.5412754558624191,0.9468548640962977,0.4055794082338786,Diff-Means(burn-in=6.0),DM,,,10,20,169,10000,6.0,yes,0.035,0.9111475905555232
12118,0.5379264060944227,0.9459288708986671,0.4080024648042444,Diff-Means(burn-in=6.0),DM,,,10,20,169,10000,6.0,yes,0.035,0.9111475905555232
12119,0.539671560091886,0.9401704561397881,0.4004988960479021,Diff-Means(burn-in=6.0),DM,,,10,20,169,10000,6.0,yes,0.035,0.9111475905555232
12120,0.5402094370588529,0.9465864159049312,0.40637697884607826,Diff-Means(burn-in=6.0),DM,,,10,20,169,10000,6.0,yes,0.035,0.9111475905555232
12121,0.5399869806618367,0.9475116010576358,0.40752462039579906,Diff-Means(burn-in=6.0),DM,,,10,20,169,10000,6.0,yes,0.035,0.9111475905555232
12122,0.5417282085110302,0.9395095933354838,0.3977813848244536,Diff-Means(burn-in=6.0),DM,,,10,20,169,10000,6.0,yes,0.035,0.9111475905555232
12123,0.5410957155760457,0.9531527914409698,0.412057075864924,Diff-Means(burn-in=6.0),DM,,,10,20,169,10000,6.0,yes,0.035,0.9111475905555232
12124,0.5416404976984811,0.9505579894440284,0.40891749174554726,Diff-Means(burn-in=6.0),DM,,,10,20,169,10000,6.0,yes,0.035,0.9111475905555232
12125,0.5402258286850407,0.9519404361889177,0.411714607503877,Diff-Means(burn-in=6.0),DM,,,10,20,169,10000,6.0,yes,0.035,0.9111475905555232
12126,0.540980963438485,0.9494938281775266,0.4085128647390416,Diff-Means(burn-in=6.0),DM,,,10,20,169,10000,6.0,yes,0.035,0.9111475905555232
12127,0.5409977112807148,0.9520082559970526,0.4110105447163378,Diff-Means(burn-in=6.0),DM,,,10,20,169,10000,6.0,yes,0.035,0.9111475905555232
12128,0.5392940076953294,0.9479276947805757,0.4086336870852463,Diff-Means(burn-in=6.0),DM,,,10,20,169,10000,6.0,yes,0.035,0.9111475905555232
12129,0.5415328875506172,0.9538901733066762,0.412357285756059,Diff-Means(burn-in=6.0),DM,,,10,20,169,10000,6.0,yes,0.035,0.9111475905555232
12130,0.5388888580818989,0.9524367171285074,0.4135478590466085,Diff-Means(burn-in=6.0),DM,,,10,20,169,10000,6.0,yes,0.035,0.9111475905555232
12131,0.5388859827160327,0.9451952146024477,0.406309231886415,Diff-Means(burn-in=6.0),DM,,,10,20,169,10000,6.0,yes,0.035,0.9111475905555232
12132,0.5404832520028007,0.953264659282605,0.4127814072798043,Diff-Means(burn-in=6.0),DM,,,10,20,169,10000,6.0,yes,0.035,0.9111475905555232
12133,0.5411992498736462,0.9462494978155391,0.4050502479418929,Diff-Means(burn-in=6.0),DM,,,10,20,169,10000,6.0,yes,0.035,0.9111475905555232
12134,0.5396468589440702,0.9466306425921369,0.40698378364806675,Diff-Means(burn-in=6.0),DM,,,10,20,169,10000,6.0,yes,0.035,0.9111475905555232
12135,0.5387577128443732,0.9553253183692518,0.4165676055248786,Diff-Means(burn-in=6.0),DM,,,10,20,169,10000,6.0,yes,0.035,0.9111475905555232
12136,0.5387768436693267,0.9512163955012992,0.41243955183197256,Diff-Means(burn-in=6.0),DM,,,10,20,169,10000,6.0,yes,0.035,0.9111475905555232
12137,0.539417203363594,0.9501722544145572,0.4107550510509632,Diff-Means(burn-in=6.0),DM,,,10,20,169,10000,6.0,yes,0.035,0.9111475905555232
12138,0.5413051050973914,0.9539165358538261,0.4126114307564347,Diff-Means(burn-in=6.0),DM,,,10,20,169,10000,6.0,yes,0.035,0.9111475905555232
12139,0.5369704467145296,0.9343338827338068,0.39736343601927715,Diff-Means(burn-in=6.0),DM,,,10,20,169,10000,6.0,yes,0.035,0.9111475905555232
12140,0.5380575016136651,0.9575513742879534,0.4194938726742884,Diff-Means(burn-in=6.0),DM,,,10,20,169,10000,6.0,yes,0.035,0.9111475905555232
12141,0.5417129678365387,0.9468449018734683,0.4051319340369296,Diff-Means(burn-in=6.0),DM,,,10,20,169,10000,6.0,yes,0.035,0.9111475905555232
12142,0.5420761385346261,0.9537912220934971,0.411715083558871,Diff-Means(burn-in=6.0),DM,,,10,20,169,10000,6.0,yes,0.035,0.9111475905555232
12143,0.540100030818677,0.9476775921352275,0.40757756131655054,Diff-Means(burn-in=6.0),DM,,,10,20,169,10000,6.0,yes,0.035,0.9111475905555232
12144,0.5408336537590925,0.9518033744426885,0.41096972068359594,Diff-Means(burn-in=6.0),DM,,,10,20,169,10000,6.0,yes,0.035,0.9111475905555232
12145,0.540539870266221,0.9481623105704319,0.4076224403042109,Diff-Means(burn-in=6.0),DM,,,10,20,169,10000,6.0,yes,0.035,0.9111475905555232
12146,0.5364392460911183,0.9376254978000886,0.4011862517089704,Diff-Means(burn-in=6.0),DM,,,10,20,169,10000,6.0,yes,0.035,0.9111475905555232
12147,0.542575563900787,0.9400209255597539,0.39744536165896693,Diff-Means(burn-in=6.0),DM,,,10,20,169,10000,6.0,yes,0.035,0.9111475905555232
12148,0.5390956357252933,0.9369990740034715,0.3979034382781782,Diff-Means(burn-in=6.0),DM,,,10,20,169,10000,6.0,yes,0.035,0.9111475905555232
12149,0.5417082031140551,0.9484435674355766,0.40673536432152146,Diff-Means(burn-in=6.0),DM,,,10,20,169,10000,6.0,yes,0.035,0.9111475905555232
12150,0.5428561851000111,0.9511901714489012,0.40833398634889007,Diff-Means(burn-in=6.0),DM,,,10,20,169,10000,6.0,yes,0.035,0.9111475905555232
12151,0.5380155031464766,0.9510191763356429,0.4130036731891663,Diff-Means(burn-in=6.0),DM,,,10,20,169,10000,6.0,yes,0.035,0.9111475905555232
12152,0.5428793328979362,0.9495699659291207,0.40669063303118447,Diff-Means(burn-in=6.0),DM,,,10,20,169,10000,6.0,yes,0.035,0.9111475905555232
12153,0.5399347631734276,0.9434566445231207,0.40352188134969313,Diff-Means(burn-in=6.0),DM,,,10,20,169,10000,6.0,yes,0.035,0.9111475905555232
12154,0.5407501954811872,0.9506495825585874,0.40989938707740026,Diff-Means(burn-in=6.0),DM,,,10,20,169,10000,6.0,yes,0.035,0.9111475905555232
12155,0.5431421329539453,0.9460820735995361,0.4029399406455908,Diff-Means(burn-in=6.0),DM,,,10,20,169,10000,6.0,yes,0.035,0.9111475905555232
12156,0.5385724601253966,0.9449561441979467,0.4063836840725501,Diff-Means(burn-in=6.0),DM,,,10,20,169,10000,6.0,yes,0.035,0.9111475905555232
12157,0.538735627878783,0.9448581674550451,0.4061225395762621,Diff-Means(burn-in=6.0),DM,,,10,20,169,10000,6.0,yes,0.035,0.9111475905555232
12158,0.5412121628534247,0.9458747127308642,0.40466254987743955,Diff-Means(burn-in=6.0),DM,,,10,20,169,10000,6.0,yes,0.035,0.9111475905555232
12159,0.5412024169557283,0.9498925078457252,0.40869009088999686,Diff-Means(burn-in=6.0),DM,,,10,20,169,10000,6.0,yes,0.035,0.9111475905555232
12160,0.5399309158006854,0.941468749296011,0.40153783349532557,Diff-Means(burn-in=6.0),DM,,,10,20,169,10000,6.0,yes,0.035,0.9111475905555232
12161,0.5416183777417073,0.9559725518055938,0.4143541740638865,Diff-Means(burn-in=6.0),DM,,,10,20,169,10000,6.0,yes,0.035,0.9111475905555232
12162,0.5429443734128381,0.9532306896965786,0.41028631628374057,Diff-Means(burn-in=6.0),DM,,,10,20,169,10000,6.0,yes,0.035,0.9111475905555232
12163,0.5402132280910954,0.946503739694709,0.4062905116036136,Diff-Means(burn-in=6.0),DM,,,10,20,169,10000,6.0,yes,0.035,0.9111475905555232
12164,0.5369952551347926,0.9504118562958286,0.41341660116103596,Diff-Means(burn-in=6.0),DM,,,10,20,169,10000,6.0,yes,0.035,0.9111475905555232
12165,0.541465884046089,0.9532396134981556,0.4117737294520666,Diff-Means(burn-in=6.0),DM,,,10,20,169,10000,6.0,yes,0.035,0.9111475905555232
12166,0.5409306756215421,0.9499652036232094,0.4090345280016673,Diff-Means(burn-in=6.0),DM,,,10,20,169,10000,6.0,yes,0.035,0.9111475905555232
12167,0.5382424315672201,0.9372334048569249,0.3989909732897048,Diff-Means(burn-in=6.0),DM,,,10,20,169,10000,6.0,yes,0.035,0.9111475905555232
12168,0.5408308341798626,0.9382662929142126,0.39743545873435004,Diff-Means(burn-in=6.0),DM,,,10,20,169,10000,6.0,yes,0.035,0.9111475905555232
12169,0.5402727595032644,0.9480738293812495,0.40780106987798515,Diff-Means(burn-in=6.0),DM,,,10,20,169,10000,6.0,yes,0.035,0.9111475905555232
12170,0.5410261408665474,0.94594079498151,0.4049146541149625,Diff-Means(burn-in=6.0),DM,,,10,20,169,10000,6.0,yes,0.035,0.9111475905555232
12171,0.5416483535927439,0.9467583807898878,0.40511002719714395,Diff-Means(burn-in=6.0),DM,,,10,20,169,10000,6.0,yes,0.035,0.9111475905555232
12172,0.5414753068640852,0.9448534243512346,0.40337811748714947,Diff-Means(burn-in=6.0),DM,,,10,20,169,10000,6.0,yes,0.035,0.9111475905555232
12173,0.5382459185897281,0.9508741872484163,0.4126282686586882,Diff-Means(burn-in=6.0),DM,,,10,20,169,10000,6.0,yes,0.035,0.9111475905555232
12174,0.5379634542033644,0.9483058264061941,0.41034237220282965,Diff-Means(burn-in=6.0),DM,,,10,20,169,10000,6.0,yes,0.035,0.9111475905555232
12175,0.5375424252449652,0.941592170488337,0.4040497452433718,Diff-Means(burn-in=6.0),DM,,,10,20,169,10000,6.0,yes,0.035,0.9111475905555232
12176,0.5405192500000405,0.9470412363456143,0.4065219863455738,Diff-Means(burn-in=6.0),DM,,,10,20,169,10000,6.0,yes,0.035,0.9111475905555232
12177,0.5400461409737765,0.9531936232030328,0.41314748222925635,Diff-Means(burn-in=6.0),DM,,,10,20,169,10000,6.0,yes,0.035,0.9111475905555232
12178,0.5366822216141567,0.9489443015158364,0.41226207990167973,Diff-Means(burn-in=6.0),DM,,,10,20,169,10000,6.0,yes,0.035,0.9111475905555232
12179,0.5374709229358414,0.950805164774677,0.4133342418388356,Diff-Means(burn-in=6.0),DM,,,10,20,169,10000,6.0,yes,0.035,0.9111475905555232
12180,0.5363754845771816,0.9581175110100907,0.42174202643290903,Diff-Means(burn-in=6.0),DM,,,10,20,169,10000,6.0,yes,0.035,0.9111475905555232
12181,0.5407412278664564,0.950304745808997,0.40956351794254064,Diff-Means(burn-in=6.0),DM,,,10,20,169,10000,6.0,yes,0.035,0.9111475905555232
12182,0.5381709729329582,0.9504705094255199,0.4122995364925617,Diff-Means(burn-in=6.0),DM,,,10,20,169,10000,6.0,yes,0.035,0.9111475905555232
12183,0.5402237712835828,0.9500961327103223,0.40987236142673955,Diff-Means(burn-in=6.0),DM,,,10,20,169,10000,6.0,yes,0.035,0.9111475905555232
12184,0.5383214181009475,0.9528123045637884,0.41449088646284094,Diff-Means(burn-in=6.0),DM,,,10,20,169,10000,6.0,yes,0.035,0.9111475905555232
12185,0.5385496429612223,0.9398914760996272,0.4013418331384049,Diff-Means(burn-in=6.0),DM,,,10,20,169,10000,6.0,yes,0.035,0.9111475905555232
12186,0.5377341286453742,0.9368590909255494,0.39912496228017524,Diff-Means(burn-in=6.0),DM,,,10,20,169,10000,6.0,yes,0.035,0.9111475905555232
12187,0.540787637826919,0.9458491319847054,0.4050614941577865,Diff-Means(burn-in=6.0),DM,,,10,20,169,10000,6.0,yes,0.035,0.9111475905555232
12188,0.5400294170283922,0.9435700139736338,0.4035405969452416,Diff-Means(burn-in=6.0),DM,,,10,20,169,10000,6.0,yes,0.035,0.9111475905555232
12189,0.5397669761141503,0.950770917355228,0.41100394124107775,Diff-Means(burn-in=6.0),DM,,,10,20,169,10000,6.0,yes,0.035,0.9111475905555232
12190,0.5429860653575781,0.9508303963375173,0.4078443309799392,Diff-Means(burn-in=6.0),DM,,,10,20,169,10000,6.0,yes,0.035,0.9111475905555232
12191,0.5408769089716332,0.9465596210746561,0.40568271210302287,Diff-Means(burn-in=6.0),DM,,,10,20,169,10000,6.0,yes,0.035,0.9111475905555232
12192,0.5382311502609236,0.946111034319762,0.40787988405883835,Diff-Means(burn-in=6.0),DM,,,10,20,169,10000,6.0,yes,0.035,0.9111475905555232
12193,0.5399874063409967,0.9526953177656885,0.41270791142469176,Diff-Means(burn-in=6.0),DM,,,10,20,169,10000,6.0,yes,0.035,0.9111475905555232
12194,0.5418214514438169,0.9449324761430948,0.40311102469927795,Diff-Means(burn-in=6.0),DM,,,10,20,169,10000,6.0,yes,0.035,0.9111475905555232
12195,0.5396049330044304,0.9470260580513951,0.4074211250469647,Diff-Means(burn-in=6.0),DM,,,10,20,169,10000,6.0,yes,0.035,0.9111475905555232
12196,0.5382600154600952,0.9475636497202206,0.4093036342601254,Diff-Means(burn-in=6.0),DM,,,10,20,169,10000,6.0,yes,0.035,0.9111475905555232
12197,0.5401582709861585,0.9380069037701504,0.39784863278399185,Diff-Means(burn-in=6.0),DM,,,10,20,169,10000,6.0,yes,0.035,0.9111475905555232
12198,0.538158525142978,0.9464097871385083,0.4082512619955303,Diff-Means(burn-in=6.0),DM,,,10,20,169,10000,6.0,yes,0.035,0.9111475905555232
12199,0.5399670273791747,0.9477367069549039,0.4077696795757292,Diff-Means(burn-in=6.0),DM,,,10,20,169,10000,6.0,yes,0.035,0.9111475905555232
12200,0.5422681753109289,0.944160080608145,0.4018919052972162,Diff-Means(burn-in=6.0),DM,,,10,20,169,10000,6.0,yes,0.035,0.9111475905555232
12201,0.541292932788717,0.9554254060770992,0.4141324732883822,Diff-Means(burn-in=6.0),DM,,,10,20,169,10000,6.0,yes,0.035,0.9111475905555232
12202,0.5392663132979348,0.9606484834692783,0.4213821701713435,Diff-Means(burn-in=6.0),DM,,,10,20,169,10000,6.0,yes,0.035,0.9111475905555232
12203,0.5411748181402994,0.9487447960958059,0.4075699779555064,Diff-Means(burn-in=6.0),DM,,,10,20,169,10000,6.0,yes,0.035,0.9111475905555232
12204,0.5422319046618201,0.9480604106934946,0.4058285060316744,Diff-Means(burn-in=6.0),DM,,,10,20,169,10000,6.0,yes,0.035,0.9111475905555232
12205,0.539712985371402,0.9516879568423687,0.41197497147096673,Diff-Means(burn-in=6.0),DM,,,10,20,169,10000,6.0,yes,0.035,0.9111475905555232
12206,0.5386338795166276,0.9383709401377245,0.39973706062109693,Diff-Means(burn-in=6.0),DM,,,10,20,169,10000,6.0,yes,0.035,0.9111475905555232
12207,0.5399845192828778,0.946220637419668,0.40623611813679017,Diff-Means(burn-in=6.0),DM,,,10,20,169,10000,6.0,yes,0.035,0.9111475905555232
12208,0.5405897992976718,0.944451550087723,0.40386175079005115,Diff-Means(burn-in=6.0),DM,,,10,20,169,10000,6.0,yes,0.035,0.9111475905555232
12209,0.5373734931618807,0.9423454496564904,0.4049719564946097,Diff-Means(burn-in=6.0),DM,,,10,20,169,10000,6.0,yes,0.035,0.9111475905555232
12210,0.53883342284181,0.9475560465679949,0.40872262372618484,Diff-Means(burn-in=6.0),DM,,,10,20,169,10000,6.0,yes,0.035,0.9111475905555232
12211,0.5404040075588624,0.9440020856855718,0.40359807812670934,Diff-Means(burn-in=6.0),DM,,,10,20,169,10000,6.0,yes,0.035,0.9111475905555232
12212,0.5439820535320761,0.9600394548924127,0.41605740136033664,Diff-Means(burn-in=6.0),DM,,,10,20,169,10000,6.0,yes,0.035,0.9111475905555232
12213,0.5419071254379305,0.9602211749728811,0.41831404953495055,Diff-Means(burn-in=6.0),DM,,,10,20,169,10000,6.0,yes,0.035,0.9111475905555232
12214,0.5391330972366054,0.9407570367833072,0.40162393954670184,Diff-Means(burn-in=6.0),DM,,,10,20,169,10000,6.0,yes,0.035,0.9111475905555232
12215,0.5398878925564894,0.9399419102724863,0.4000540177159969,Diff-Means(burn-in=6.0),DM,,,10,20,169,10000,6.0,yes,0.035,0.9111475905555232
12216,0.5403733892212303,0.9518911773546628,0.4115177881334324,Diff-Means(burn-in=6.0),DM,,,10,20,169,10000,6.0,yes,0.035,0.9111475905555232
12217,0.5407030801628546,0.9514343781696669,0.4107312980068123,Diff-Means(burn-in=6.0),DM,,,10,20,169,10000,6.0,yes,0.035,0.9111475905555232
12218,0.5408938435244939,0.9507975860079828,0.40990374248348893,Diff-Means(burn-in=6.0),DM,,,10,20,169,10000,6.0,yes,0.035,0.9111475905555232
12219,0.5400438056343033,0.9473911466072831,0.40734734097297975,Diff-Means(burn-in=6.0),DM,,,10,20,169,10000,6.0,yes,0.035,0.9111475905555232
12220,0.5404436103212775,0.958650697632959,0.41820708731168144,Diff-Means(burn-in=6.0),DM,,,10,20,169,10000,6.0,yes,0.035,0.9111475905555232
12221,0.5398256116779896,0.9375063207577886,0.397680709079799,Diff-Means(burn-in=6.0),DM,,,10,20,169,10000,6.0,yes,0.035,0.9111475905555232
12222,0.536118664648053,0.9450720034163057,0.4089533387682527,Diff-Means(burn-in=6.0),DM,,,10,20,169,10000,6.0,yes,0.035,0.9111475905555232
12223,0.5388687461315597,0.9482433420746595,0.4093745959430999,Diff-Means(burn-in=6.0),DM,,,10,20,169,10000,6.0,yes,0.035,0.9111475905555232
12224,0.5428676239708032,0.9580630213710214,0.41519539740021816,Diff-Means(burn-in=6.0),DM,,,10,20,169,10000,6.0,yes,0.035,0.9111475905555232
12225,0.5398478188003066,0.9443023306678349,0.40445451186752823,Diff-Means(burn-in=6.0),DM,,,10,20,169,10000,6.0,yes,0.035,0.9111475905555232
12226,0.5408624914252597,0.953667276374923,0.41280478494966333,Diff-Means(burn-in=6.0),DM,,,10,20,169,10000,6.0,yes,0.035,0.9111475905555232
12227,0.5386292388443372,0.9508890024165556,0.4122597635722184,Diff-Means(burn-in=6.0),DM,,,10,20,169,10000,6.0,yes,0.035,0.9111475905555232
12228,0.5390184094358761,0.9494715633156499,0.41045315387977377,Diff-Means(burn-in=6.0),DM,,,10,20,169,10000,6.0,yes,0.035,0.9111475905555232
12229,0.5406534678039016,0.9494813733575904,0.40882790555368886,Diff-Means(burn-in=6.0),DM,,,10,20,169,10000,6.0,yes,0.035,0.9111475905555232
12230,0.5389817859064603,0.9477548245299329,0.4087730386234726,Diff-Means(burn-in=6.0),DM,,,10,20,169,10000,6.0,yes,0.035,0.9111475905555232
12231,0.5426858868309087,0.9483413275695468,0.40565544073863813,Diff-Means(burn-in=6.0),DM,,,10,20,169,10000,6.0,yes,0.035,0.9111475905555232
12232,0.5409378630372192,0.9512050023978748,0.4102671393606555,Diff-Means(burn-in=6.0),DM,,,10,20,169,10000,6.0,yes,0.035,0.9111475905555232
12233,0.5426233339988031,0.9597337518309741,0.41711041783217095,Diff-Means(burn-in=6.0),DM,,,10,20,169,10000,6.0,yes,0.035,0.9111475905555232
12234,0.5388413457624643,0.9545447654935946,0.41570341973113023,Diff-Means(burn-in=6.0),DM,,,10,20,169,10000,6.0,yes,0.035,0.9111475905555232
12235,0.5378754674388014,0.9464839768696492,0.4086085094308478,Diff-Means(burn-in=6.0),DM,,,10,20,169,10000,6.0,yes,0.035,0.9111475905555232
12236,0.5433859748101222,0.9544667353939812,0.411080760583859,Diff-Means(burn-in=6.0),DM,,,10,20,169,10000,6.0,yes,0.035,0.9111475905555232
12237,0.5395985923007414,0.947609119170905,0.4080105268701636,Diff-Means(burn-in=6.0),DM,,,10,20,169,10000,6.0,yes,0.035,0.9111475905555232
12238,0.5434850663154618,0.9627707668062285,0.41928570049076674,Diff-Means(burn-in=6.0),DM,,,10,20,169,10000,6.0,yes,0.035,0.9111475905555232
12239,0.5385789206150722,0.9505648998812045,0.41198597926613234,Diff-Means(burn-in=6.0),DM,,,10,20,169,10000,6.0,yes,0.035,0.9111475905555232
12240,0.5405730944987321,0.9550648546357526,0.4144917601370205,Diff-Means(burn-in=6.0),DM,,,10,20,169,10000,6.0,yes,0.035,0.9111475905555232
12241,0.5384201429557518,0.9474547691088157,0.40903462615306385,Diff-Means(burn-in=6.0),DM,,,10,20,169,10000,6.0,yes,0.035,0.9111475905555232
12242,0.541365227265171,0.9426858348572857,0.40132060759211474,Diff-Means(burn-in=6.0),DM,,,10,20,169,10000,6.0,yes,0.035,0.9111475905555232
12243,0.5408969887864198,0.9512571594538153,0.4103601706673955,Diff-Means(burn-in=6.0),DM,,,10,20,169,10000,6.0,yes,0.035,0.9111475905555232
12244,0.5382442319734219,0.9466253001695362,0.4083810681961143,Diff-Means(burn-in=6.0),DM,,,10,20,169,10000,6.0,yes,0.035,0.9111475905555232
12245,0.5395862786361739,0.9479016250249107,0.4083153463887368,Diff-Means(burn-in=6.0),DM,,,10,20,169,10000,6.0,yes,0.035,0.9111475905555232
12246,0.5410296437912386,0.9476479827516733,0.40661833896043464,Diff-Means(burn-in=6.0),DM,,,10,20,169,10000,6.0,yes,0.035,0.9111475905555232
12247,0.5397534204885155,0.9487829187429901,0.40902949825447465,Diff-Means(burn-in=6.0),DM,,,10,20,169,10000,6.0,yes,0.035,0.9111475905555232
12248,0.5411558025336682,0.95977332735955,0.41861752482588177,Diff-Means(burn-in=6.0),DM,,,10,20,169,10000,6.0,yes,0.035,0.9111475905555232
12249,0.5404358782904939,0.9467948989615845,0.40635902067109064,Diff-Means(burn-in=6.0),DM,,,10,20,169,10000,6.0,yes,0.035,0.9111475905555232
12250,0.5380789123922425,0.9417159740809026,0.4036370616886601,Diff-Means(burn-in=6.0),DM,,,10,20,169,10000,6.0,yes,0.035,0.9111475905555232
12251,0.5389282783936392,0.942884782869314,0.40395650447567477,Diff-Means(burn-in=6.0),DM,,,10,20,169,10000,6.0,yes,0.035,0.9111475905555232
12252,0.5421796295511309,0.9520717026728337,0.40989207312170284,Diff-Means(burn-in=6.0),DM,,,10,20,169,10000,6.0,yes,0.035,0.9111475905555232
12253,0.5383253010680129,0.9508893280848874,0.41256402701687445,Diff-Means(burn-in=6.0),DM,,,10,20,169,10000,6.0,yes,0.035,0.9111475905555232
12254,0.5416794431922672,0.95021546711179,0.4085360239195227,Diff-Means(burn-in=6.0),DM,,,10,20,169,10000,6.0,yes,0.035,0.9111475905555232
12255,0.5393275149028982,0.9410346790652908,0.4017071641623926,Diff-Means(burn-in=6.0),DM,,,10,20,169,10000,6.0,yes,0.035,0.9111475905555232
12256,0.5385465543844631,0.9456019851644382,0.4070554307799751,Diff-Means(burn-in=6.0),DM,,,10,20,169,10000,6.0,yes,0.035,0.9111475905555232
12257,0.5417232792434977,0.950096937031267,0.40837365778776924,Diff-Means(burn-in=6.0),DM,,,10,20,169,10000,6.0,yes,0.035,0.9111475905555232
12258,0.5399381073358244,0.9457893508396295,0.4058512435038051,Diff-Means(burn-in=6.0),DM,,,10,20,169,10000,6.0,yes,0.035,0.9111475905555232
12259,0.5398762169477361,0.949694954348883,0.4098187374011468,Diff-Means(burn-in=6.0),DM,,,10,20,169,10000,6.0,yes,0.035,0.9111475905555232
12260,0.5400778711127857,0.945235337367784,0.40515746625499827,Diff-Means(burn-in=6.0),DM,,,10,20,169,10000,6.0,yes,0.035,0.9111475905555232
12261,0.5390289495403147,0.946461976840878,0.4074330273005633,Diff-Means(burn-in=6.0),DM,,,10,20,169,10000,6.0,yes,0.035,0.9111475905555232
12262,0.5390223065752239,0.9457654914119916,0.40674318483676775,Diff-Means(burn-in=6.0),DM,,,10,20,169,10000,6.0,yes,0.035,0.9111475905555232
12263,0.5401264518458156,0.9478426494368106,0.407716197590995,Diff-Means(burn-in=6.0),DM,,,10,20,169,10000,6.0,yes,0.035,0.9111475905555232
12264,0.5376780743806407,0.9454065292327766,0.4077284548521358,Diff-Means(burn-in=6.0),DM,,,10,20,169,10000,6.0,yes,0.035,0.9111475905555232
12265,0.543347693007177,0.954466237132743,0.41111854412556603,Diff-Means(burn-in=6.0),DM,,,10,20,169,10000,6.0,yes,0.035,0.9111475905555232
12266,0.5393335016760946,0.9433294992017095,0.4039959975256149,Diff-Means(burn-in=6.0),DM,,,10,20,169,10000,6.0,yes,0.035,0.9111475905555232
12267,0.5406505205299391,0.9496280204685338,0.40897749993859467,Diff-Means(burn-in=6.0),DM,,,10,20,169,10000,6.0,yes,0.035,0.9111475905555232
12268,0.5386174116939922,0.9519757944065712,0.41335838271257896,Diff-Means(burn-in=6.0),DM,,,10,20,169,10000,6.0,yes,0.035,0.9111475905555232
12269,0.5403026069285397,0.9494514404331684,0.4091488335046287,Diff-Means(burn-in=6.0),DM,,,10,20,169,10000,6.0,yes,0.035,0.9111475905555232
12270,0.5417109082565672,0.943021404666392,0.40131049640982475,Diff-Means(burn-in=6.0),DM,,,10,20,169,10000,6.0,yes,0.035,0.9111475905555232
12271,0.5401475577921748,0.9481937944504595,0.40804623665828466,Diff-Means(burn-in=6.0),DM,,,10,20,169,10000,6.0,yes,0.035,0.9111475905555232
12272,0.54185567251251,0.9502036679011227,0.40834799538861266,Diff-Means(burn-in=6.0),DM,,,10,20,169,10000,6.0,yes,0.035,0.9111475905555232
12273,0.5398696440446079,0.9453685203456113,0.40549887630100334,Diff-Means(burn-in=6.0),DM,,,10,20,169,10000,6.0,yes,0.035,0.9111475905555232
12274,0.5406481518281537,0.9509935519479985,0.41034540011984477,Diff-Means(burn-in=6.0),DM,,,10,20,169,10000,6.0,yes,0.035,0.9111475905555232
12275,0.5401181422510299,0.9513889341796348,0.41127079192860483,Diff-Means(burn-in=6.0),DM,,,10,20,169,10000,6.0,yes,0.035,0.9111475905555232
12276,0.5401983475759355,0.9482548992015192,0.40805655162558363,Diff-Means(burn-in=6.0),DM,,,10,20,169,10000,6.0,yes,0.035,0.9111475905555232
12277,0.5420579054419812,0.9573718795099649,0.41531397406798376,Diff-Means(burn-in=6.0),DM,,,10,20,169,10000,6.0,yes,0.035,0.9111475905555232
12278,0.5426949165975029,0.9455304387909398,0.4028355221934369,Diff-Means(burn-in=6.0),DM,,,10,20,169,10000,6.0,yes,0.035,0.9111475905555232
12279,0.5400014481088934,0.9524821541065045,0.4124807059976111,Diff-Means(burn-in=6.0),DM,,,10,20,169,10000,6.0,yes,0.035,0.9111475905555232
12280,0.5395521801666014,0.9480663224743623,0.40851414230776084,Diff-Means(burn-in=6.0),DM,,,10,20,169,10000,6.0,yes,0.035,0.9111475905555232
12281,0.5381552120241593,0.9423035137162051,0.40414830169204585,Diff-Means(burn-in=6.0),DM,,,10,20,169,10000,6.0,yes,0.035,0.9111475905555232
12282,0.5399517402366544,0.9485691486712318,0.4086174084345774,Diff-Means(burn-in=6.0),DM,,,10,20,169,10000,6.0,yes,0.035,0.9111475905555232
12283,0.5393818459512868,0.9428605200433413,0.4034786740920545,Diff-Means(burn-in=6.0),DM,,,10,20,169,10000,6.0,yes,0.035,0.9111475905555232
12284,0.5386921812125638,0.9492238252599275,0.41053164404736375,Diff-Means(burn-in=6.0),DM,,,10,20,169,10000,6.0,yes,0.035,0.9111475905555232
12285,0.5411820532382227,0.9467562778803785,0.40557422464215587,Diff-Means(burn-in=6.0),DM,,,10,20,169,10000,6.0,yes,0.035,0.9111475905555232
12286,0.5408786673359781,0.9473370876950316,0.40645842035905344,Diff-Means(burn-in=6.0),DM,,,10,20,169,10000,6.0,yes,0.035,0.9111475905555232
12287,0.5389493110002097,0.9515074521373117,0.412558141137102,Diff-Means(burn-in=6.0),DM,,,10,20,169,10000,6.0,yes,0.035,0.9111475905555232
12288,0.5376991957561315,0.9395482567341641,0.40184906097803264,Diff-Means(burn-in=6.0),DM,,,10,20,169,10000,6.0,yes,0.035,0.9111475905555232
12289,0.5384695502193394,0.9378325958974941,0.3993630456781547,Diff-Means(burn-in=6.0),DM,,,10,20,169,10000,6.0,yes,0.035,0.9111475905555232
12290,0.539492317262522,0.9463069290403813,0.40681461177785927,Diff-Means(burn-in=6.0),DM,,,10,20,169,10000,6.0,yes,0.035,0.9111475905555232
12291,0.5393201123789229,0.9497769954326375,0.41045688305371464,Diff-Means(burn-in=6.0),DM,,,10,20,169,10000,6.0,yes,0.035,0.9111475905555232
12292,0.5393520241206232,0.9435152123709216,0.4041631882502984,Diff-Means(burn-in=6.0),DM,,,10,20,169,10000,6.0,yes,0.035,0.9111475905555232
12293,0.5399356908097454,0.9539699951431022,0.41403430433335686,Diff-Means(burn-in=6.0),DM,,,10,20,169,10000,6.0,yes,0.035,0.9111475905555232
12294,0.5408392739894378,0.953055633841532,0.41221635985209426,Diff-Means(burn-in=6.0),DM,,,10,20,169,10000,6.0,yes,0.035,0.9111475905555232
12295,0.5399209715126869,0.9421605157295817,0.4022395442168948,Diff-Means(burn-in=6.0),DM,,,10,20,169,10000,6.0,yes,0.035,0.9111475905555232
12296,0.540125836993267,0.9534761383381629,0.4133503013448959,Diff-Means(burn-in=6.0),DM,,,10,20,169,10000,6.0,yes,0.035,0.9111475905555232
12297,0.5406633232030998,0.9473269753675962,0.4066636521644964,Diff-Means(burn-in=6.0),DM,,,10,20,169,10000,6.0,yes,0.035,0.9111475905555232
12298,0.5418473966677435,0.9493853134170563,0.40753791674931283,Diff-Means(burn-in=6.0),DM,,,10,20,169,10000,6.0,yes,0.035,0.9111475905555232
12299,0.5379646917575465,0.9416824227651686,0.4037177310076221,Diff-Means(burn-in=6.0),DM,,,10,20,169,10000,6.0,yes,0.035,0.9111475905555232
12300,0.5382558215691134,0.946271905698847,0.40801608412973356,Diff-Means(burn-in=6.0),DM,,,10,20,169,10000,6.0,yes,0.035,0.9111475905555232
12301,0.5405925572891462,0.9495993728314148,0.4090068155422686,Diff-Means(burn-in=6.0),DM,,,10,20,169,10000,6.0,yes,0.035,0.9111475905555232
12302,0.542413476768718,0.950964156760338,0.40855067999162,Diff-Means(burn-in=6.0),DM,,,10,20,169,10000,6.0,yes,0.035,0.9111475905555232
12303,0.5420333418379887,0.9607382268711773,0.4187048850331886,Diff-Means(burn-in=6.0),DM,,,10,20,169,10000,6.0,yes,0.035,0.9111475905555232
12304,0.5413442630833545,0.9484415074751719,0.4070972443918174,Diff-Means(burn-in=6.0),DM,,,10,20,169,10000,6.0,yes,0.035,0.9111475905555232
12305,0.5381004074315532,0.9479111307660123,0.4098107233344591,Diff-Means(burn-in=6.0),DM,,,10,20,169,10000,6.0,yes,0.035,0.9111475905555232
12306,0.540608991413399,0.9547697675292849,0.41416077611588586,Diff-Means(burn-in=6.0),DM,,,10,20,169,10000,6.0,yes,0.035,0.9111475905555232
12307,0.5405821562553181,0.949205272898263,0.4086231166429448,Diff-Means(burn-in=6.0),DM,,,10,20,169,10000,6.0,yes,0.035,0.9111475905555232
12308,0.5403285295667261,0.9435264310506263,0.4031979014839002,Diff-Means(burn-in=6.0),DM,,,10,20,169,10000,6.0,yes,0.035,0.9111475905555232
12309,0.5401266506189103,0.9400809745871002,0.39995432396818986,Diff-Means(burn-in=6.0),DM,,,10,20,169,10000,6.0,yes,0.035,0.9111475905555232
12310,0.53772976659688,0.9447131551613361,0.40698338856445615,Diff-Means(burn-in=6.0),DM,,,10,20,169,10000,6.0,yes,0.035,0.9111475905555232
12311,0.5397907534445299,0.950987302869269,0.41119654942473916,Diff-Means(burn-in=6.0),DM,,,10,20,169,10000,6.0,yes,0.035,0.9111475905555232
12312,0.5389289350914535,0.9437952938935292,0.4048663588020758,Diff-Means(burn-in=6.0),DM,,,10,20,169,10000,6.0,yes,0.035,0.9111475905555232
12313,0.539331912273364,0.9465654533060348,0.40723354103267084,Diff-Means(burn-in=6.0),DM,,,10,20,169,10000,6.0,yes,0.035,0.9111475905555232
12314,0.5403805035331265,0.948671127584901,0.4082906240517745,Diff-Means(burn-in=6.0),DM,,,10,20,169,10000,6.0,yes,0.035,0.9111475905555232
12315,0.5368353154988642,0.9455498008118681,0.4087144853130039,Diff-Means(burn-in=6.0),DM,,,10,20,169,10000,6.0,yes,0.035,0.9111475905555232
12316,0.5392429814248635,0.9435101880754849,0.40426720665062144,Diff-Means(burn-in=6.0),DM,,,10,20,169,10000,6.0,yes,0.035,0.9111475905555232
12317,0.5414637987911242,0.9494387133668286,0.40797491457570445,Diff-Means(burn-in=6.0),DM,,,10,20,169,10000,6.0,yes,0.035,0.9111475905555232
12318,0.540678984071555,0.9526551808237407,0.41197619675218566,Diff-Means(burn-in=6.0),DM,,,10,20,169,10000,6.0,yes,0.035,0.9111475905555232
12319,0.5394294575181223,0.9452180165990687,0.40578855908094635,Diff-Means(burn-in=6.0),DM,,,10,20,169,10000,6.0,yes,0.035,0.9111475905555232
12320,0.5392034122116787,0.944037163818037,0.40483375160635837,Diff-Means(burn-in=6.0),DM,,,10,20,169,10000,6.0,yes,0.035,0.9111475905555232
12321,0.5424932797674328,0.9542693470689992,0.41177606730156646,Diff-Means(burn-in=6.0),DM,,,10,20,169,10000,6.0,yes,0.035,0.9111475905555232
12322,0.5406705396001026,0.9344295490960647,0.3937590094959621,Diff-Means(burn-in=6.0),DM,,,10,20,169,10000,6.0,yes,0.035,0.9111475905555232
12323,0.5407004842652849,0.9487596421529567,0.4080591578876718,Diff-Means(burn-in=6.0),DM,,,10,20,169,10000,6.0,yes,0.035,0.9111475905555232
12324,0.5392855875351963,0.9494050095089662,0.41011942197376994,Diff-Means(burn-in=6.0),DM,,,10,20,169,10000,6.0,yes,0.035,0.9111475905555232
12325,0.5402185475385244,0.9479035262277986,0.4076849786892742,Diff-Means(burn-in=6.0),DM,,,10,20,169,10000,6.0,yes,0.035,0.9111475905555232
12326,0.5427550827858151,0.950235290062681,0.40748020727686596,Diff-Means(burn-in=6.0),DM,,,10,20,169,10000,6.0,yes,0.035,0.9111475905555232
12327,0.5386363804298646,0.950518533510083,0.41188215308021836,Diff-Means(burn-in=6.0),DM,,,10,20,169,10000,6.0,yes,0.035,0.9111475905555232
12328,0.53957776022309,0.9378446543708612,0.39826689414777117,Diff-Means(burn-in=6.0),DM,,,10,20,169,10000,6.0,yes,0.035,0.9111475905555232
12329,0.5402921611348315,0.945284355519966,0.40499219438513456,Diff-Means(burn-in=6.0),DM,,,10,20,169,10000,6.0,yes,0.035,0.9111475905555232
12330,0.5385100669379703,0.9448683185208211,0.40635825158285077,Diff-Means(burn-in=6.0),DM,,,10,20,169,10000,6.0,yes,0.035,0.9111475905555232
12331,0.5377607087544414,0.9470985146931378,0.4093378059386964,Diff-Means(burn-in=6.0),DM,,,10,20,169,10000,6.0,yes,0.035,0.9111475905555232
12332,0.5397242019014374,0.9469573230777902,0.4072331211763528,Diff-Means(burn-in=6.0),DM,,,10,20,169,10000,6.0,yes,0.035,0.9111475905555232
12333,0.5411179682684307,0.9571041540933464,0.41598618582491564,Diff-Means(burn-in=6.0),DM,,,10,20,169,10000,6.0,yes,0.035,0.9111475905555232
12334,0.5384942501074411,0.9500162235981808,0.4115219734907397,Diff-Means(burn-in=6.0),DM,,,10,20,169,10000,6.0,yes,0.035,0.9111475905555232
12335,0.5426854280130291,0.9503622624985353,0.4076768344855062,Diff-Means(burn-in=6.0),DM,,,10,20,169,10000,6.0,yes,0.035,0.9111475905555232
12336,0.5406459140411268,0.9518431162842397,0.41119720224311285,Diff-Means(burn-in=6.0),DM,,,10,20,169,10000,6.0,yes,0.035,0.9111475905555232
12337,0.5396736380252888,0.9363556721293819,0.3966820341040931,Diff-Means(burn-in=6.0),DM,,,10,20,169,10000,6.0,yes,0.035,0.9111475905555232
12338,0.5398228023201758,0.9527549649077838,0.412932162587608,Diff-Means(burn-in=6.0),DM,,,10,20,169,10000,6.0,yes,0.035,0.9111475905555232
12339,0.5393212666940579,0.9448404328506321,0.40551916615657424,Diff-Means(burn-in=6.0),DM,,,10,20,169,10000,6.0,yes,0.035,0.9111475905555232
12340,0.5399934109455184,0.9459079136717119,0.40591450272619345,Diff-Means(burn-in=6.0),DM,,,10,20,169,10000,6.0,yes,0.035,0.9111475905555232
12341,0.5398961652705792,0.9499994947606369,0.4101033294900578,Diff-Means(burn-in=6.0),DM,,,10,20,169,10000,6.0,yes,0.035,0.9111475905555232
12342,0.5395050046212801,0.9518289931125165,0.4123239884912363,Diff-Means(burn-in=6.0),DM,,,10,20,169,10000,6.0,yes,0.035,0.9111475905555232
12343,0.5398433045443082,0.9541231631091485,0.4142798585648403,Diff-Means(burn-in=6.0),DM,,,10,20,169,10000,6.0,yes,0.035,0.9111475905555232
12344,0.538891627353966,0.9471591015929093,0.4082674742389433,Diff-Means(burn-in=6.0),DM,,,10,20,169,10000,6.0,yes,0.035,0.9111475905555232
12345,0.5405977441300825,0.9512006119695188,0.4106028678394362,Diff-Means(burn-in=6.0),DM,,,10,20,169,10000,6.0,yes,0.035,0.9111475905555232
12346,0.540203068579681,0.9486449992565041,0.4084419306768231,Diff-Means(burn-in=6.0),DM,,,10,20,169,10000,6.0,yes,0.035,0.9111475905555232
12347,0.5431352618887111,0.9436575702456567,0.4005223083569456,Diff-Means(burn-in=6.0),DM,,,10,20,169,10000,6.0,yes,0.035,0.9111475905555232
12348,0.5398023416968784,0.9404726941602543,0.4006703524633759,Diff-Means(burn-in=6.0),DM,,,10,20,169,10000,6.0,yes,0.035,0.9111475905555232
12349,0.5399888218916861,0.9540921195459561,0.41410329765427,Diff-Means(burn-in=6.0),DM,,,10,20,169,10000,6.0,yes,0.035,0.9111475905555232
12350,0.5405610240304287,0.9552631214961743,0.4147020974657456,Diff-Means(burn-in=6.0),DM,,,10,20,169,10000,6.0,yes,0.035,0.9111475905555232
12351,0.5411966642009909,0.9416499877608943,0.4004533235599034,Diff-Means(burn-in=6.0),DM,,,10,20,169,10000,6.0,yes,0.035,0.9111475905555232
12352,0.5404521157053782,0.95105018292957,0.4105980672241918,Diff-Means(burn-in=6.0),DM,,,10,20,169,10000,6.0,yes,0.035,0.9111475905555232
12353,0.5382165570561835,0.9388114533995942,0.4005948963434106,Diff-Means(burn-in=6.0),DM,,,10,20,169,10000,6.0,yes,0.035,0.9111475905555232
12354,0.5391002771718629,0.9470529704221554,0.4079526932502925,Diff-Means(burn-in=6.0),DM,,,10,20,169,10000,6.0,yes,0.035,0.9111475905555232
12355,0.5390069736702435,0.945239691613481,0.40623271794323745,Diff-Means(burn-in=6.0),DM,,,10,20,169,10000,6.0,yes,0.035,0.9111475905555232
12356,0.5385144856888826,0.9536573068393213,0.41514282115043866,Diff-Means(burn-in=6.0),DM,,,10,20,169,10000,6.0,yes,0.035,0.9111475905555232
12357,0.5425221129970149,0.9376913086949429,0.39516919569792797,Diff-Means(burn-in=6.0),DM,,,10,20,169,10000,6.0,yes,0.035,0.9111475905555232
12358,0.5394624528756689,0.9381060376001921,0.3986435847245232,Diff-Means(burn-in=6.0),DM,,,10,20,169,10000,6.0,yes,0.035,0.9111475905555232
12359,0.5414621401677138,0.9519445499107599,0.4104824097430462,Diff-Means(burn-in=6.0),DM,,,10,20,169,10000,6.0,yes,0.035,0.9111475905555232
12360,0.538830109762801,0.9398022062639387,0.40097209650113774,Diff-Means(burn-in=6.0),DM,,,10,20,169,10000,6.0,yes,0.035,0.9111475905555232
12361,0.5404297728695249,0.9410170860833581,0.40058731321383323,Diff-Means(burn-in=6.0),DM,,,10,20,169,10000,6.0,yes,0.035,0.9111475905555232
12362,0.5410496998296698,0.9534717439798728,0.412422044150203,Diff-Means(burn-in=6.0),DM,,,10,20,169,10000,6.0,yes,0.035,0.9111475905555232
12363,0.54053452668981,0.9433629694679364,0.40282844277812646,Diff-Means(burn-in=6.0),DM,,,10,20,169,10000,6.0,yes,0.035,0.9111475905555232
12364,0.542222803691985,0.9569779308484505,0.41475512715646556,Diff-Means(burn-in=6.0),DM,,,10,20,169,10000,6.0,yes,0.035,0.9111475905555232
12365,0.5392579908176723,0.9442906906882219,0.4050326998705496,Diff-Means(burn-in=6.0),DM,,,10,20,169,10000,6.0,yes,0.035,0.9111475905555232
12366,0.5417443259522262,0.9518813491377581,0.4101370231855319,Diff-Means(burn-in=6.0),DM,,,10,20,169,10000,6.0,yes,0.035,0.9111475905555232
12367,0.5417942908457068,0.9562951193305801,0.41450082848487324,Diff-Means(burn-in=6.0),DM,,,10,20,169,10000,6.0,yes,0.035,0.9111475905555232
12368,0.5389716329137337,0.9493272516750827,0.41035561876134896,Diff-Means(burn-in=6.0),DM,,,10,20,169,10000,6.0,yes,0.035,0.9111475905555232
12369,0.540800468106229,0.9490678405829266,0.40826737247669764,Diff-Means(burn-in=6.0),DM,,,10,20,169,10000,6.0,yes,0.035,0.9111475905555232
12370,0.5431780788499442,0.9526513733835891,0.4094732945336449,Diff-Means(burn-in=6.0),DM,,,10,20,169,10000,6.0,yes,0.035,0.9111475905555232
12371,0.5418051203540922,0.9546147572959599,0.4128096369418677,Diff-Means(burn-in=6.0),DM,,,10,20,169,10000,6.0,yes,0.035,0.9111475905555232
12372,0.5390991332990932,0.9421025655595853,0.40300343226049207,Diff-Means(burn-in=6.0),DM,,,10,20,169,10000,6.0,yes,0.035,0.9111475905555232
12373,0.5371494676293194,0.9457498406847381,0.40860037305541874,Diff-Means(burn-in=6.0),DM,,,10,20,169,10000,6.0,yes,0.035,0.9111475905555232
12374,0.5406211352092064,0.9519587635438054,0.41133762833459897,Diff-Means(burn-in=6.0),DM,,,10,20,169,10000,6.0,yes,0.035,0.9111475905555232
12375,0.5382080649142331,0.9499606097754503,0.41175254486121715,Diff-Means(burn-in=6.0),DM,,,10,20,169,10000,6.0,yes,0.035,0.9111475905555232
12376,0.5415507664105773,0.9437183393611134,0.40216757295053607,Diff-Means(burn-in=6.0),DM,,,10,20,169,10000,6.0,yes,0.035,0.9111475905555232
12377,0.5392468639313408,0.9554179976922621,0.4161711337609213,Diff-Means(burn-in=6.0),DM,,,10,20,169,10000,6.0,yes,0.035,0.9111475905555232
12378,0.5383938608562755,0.9506918599865223,0.4122979991302468,Diff-Means(burn-in=6.0),DM,,,10,20,169,10000,6.0,yes,0.035,0.9111475905555232
12379,0.5401519309196756,0.9453262630602379,0.4051743321405623,Diff-Means(burn-in=6.0),DM,,,10,20,169,10000,6.0,yes,0.035,0.9111475905555232
12380,0.5418289246933163,0.9550300052846795,0.4132010805913632,Diff-Means(burn-in=6.0),DM,,,10,20,169,10000,6.0,yes,0.035,0.9111475905555232
12381,0.5381892909649202,0.9436558023044863,0.4054665113395661,Diff-Means(burn-in=6.0),DM,,,10,20,169,10000,6.0,yes,0.035,0.9111475905555232
12382,0.5406953401080056,0.9473748146846159,0.40667947457661036,Diff-Means(burn-in=6.0),DM,,,10,20,169,10000,6.0,yes,0.035,0.9111475905555232
12383,0.5392220993809749,0.9471056644994592,0.40788356511848434,Diff-Means(burn-in=6.0),DM,,,10,20,169,10000,6.0,yes,0.035,0.9111475905555232
12384,0.5380669703548959,0.9384544467959881,0.4003874764410922,Diff-Means(burn-in=6.0),DM,,,10,20,169,10000,6.0,yes,0.035,0.9111475905555232
12385,0.5422946329253582,0.953322126447779,0.41102749352242085,Diff-Means(burn-in=6.0),DM,,,10,20,169,10000,6.0,yes,0.035,0.9111475905555232
12386,0.5389475515424412,0.9544501400742765,0.4155025885318353,Diff-Means(burn-in=6.0),DM,,,10,20,169,10000,6.0,yes,0.035,0.9111475905555232
12387,0.5385238374931393,0.9468886559571109,0.40836481846397166,Diff-Means(burn-in=6.0),DM,,,10,20,169,10000,6.0,yes,0.035,0.9111475905555232
12388,0.5412457955809182,0.946314203868727,0.40506840828780877,Diff-Means(burn-in=6.0),DM,,,10,20,169,10000,6.0,yes,0.035,0.9111475905555232
12389,0.5408088693362821,0.9423145468916253,0.40150567755534317,Diff-Means(burn-in=6.0),DM,,,10,20,169,10000,6.0,yes,0.035,0.9111475905555232
12390,0.5376168583149843,0.9401848343767989,0.4025679760618146,Diff-Means(burn-in=6.0),DM,,,10,20,169,10000,6.0,yes,0.035,0.9111475905555232
12391,0.5419088228728018,0.9541466719773332,0.4122378491045313,Diff-Means(burn-in=6.0),DM,,,10,20,169,10000,6.0,yes,0.035,0.9111475905555232
12392,0.5399194941653891,0.9517602275186839,0.41184073335329485,Diff-Means(burn-in=6.0),DM,,,10,20,169,10000,6.0,yes,0.035,0.9111475905555232
12393,0.5381462780855657,0.9346773410681751,0.39653106298260943,Diff-Means(burn-in=6.0),DM,,,10,20,169,10000,6.0,yes,0.035,0.9111475905555232
12394,0.5417643964941352,0.9558759167468779,0.41411152025274267,Diff-Means(burn-in=6.0),DM,,,10,20,169,10000,6.0,yes,0.035,0.9111475905555232
12395,0.5415759216514058,0.9522128969475541,0.4106369752961483,Diff-Means(burn-in=6.0),DM,,,10,20,169,10000,6.0,yes,0.035,0.9111475905555232
12396,0.5404927917916634,0.9486764787374427,0.4081836869457792,Diff-Means(burn-in=6.0),DM,,,10,20,169,10000,6.0,yes,0.035,0.9111475905555232
12397,0.5413548164049633,0.9535698013026124,0.4122149848976491,Diff-Means(burn-in=6.0),DM,,,10,20,169,10000,6.0,yes,0.035,0.9111475905555232
12398,0.5376786930598156,0.9537090440406388,0.4160303509808232,Diff-Means(burn-in=6.0),DM,,,10,20,169,10000,6.0,yes,0.035,0.9111475905555232
12399,0.5373410226971018,0.9414319455263567,0.40409092282925485,Diff-Means(burn-in=6.0),DM,,,10,20,169,10000,6.0,yes,0.035,0.9111475905555232
12400,0.5405585151707977,0.9460576089184322,0.4054990937476345,Diff-Means(burn-in=6.0),DM,,,10,20,169,10000,6.0,yes,0.035,0.9111475905555232
12401,0.5413704874320722,0.9475410148043794,0.4061705273723072,Diff-Means(burn-in=6.0),DM,,,10,20,169,10000,6.0,yes,0.035,0.9111475905555232
12402,0.541133756948561,0.953716831320145,0.4125830743715839,Diff-Means(burn-in=6.0),DM,,,10,20,169,10000,6.0,yes,0.035,0.9111475905555232
12403,0.5395555358492926,0.9574525197837224,0.41789698393442976,Diff-Means(burn-in=6.0),DM,,,10,20,169,10000,6.0,yes,0.035,0.9111475905555232
12404,0.5392057377720333,0.9399774860042119,0.40077174823217865,Diff-Means(burn-in=6.0),DM,,,10,20,169,10000,6.0,yes,0.035,0.9111475905555232
12405,0.5385288908006776,0.956042658329238,0.4175137675285604,Diff-Means(burn-in=6.0),DM,,,10,20,169,10000,6.0,yes,0.035,0.9111475905555232
12406,0.5398917794917925,0.9511721963881559,0.4112804168963634,Diff-Means(burn-in=6.0),DM,,,10,20,169,10000,6.0,yes,0.035,0.9111475905555232
12407,0.5393961586434212,0.945673033402211,0.4062768747587898,Diff-Means(burn-in=6.0),DM,,,10,20,169,10000,6.0,yes,0.035,0.9111475905555232
12408,0.5414128612738583,0.9466423958567011,0.4052295345828427,Diff-Means(burn-in=6.0),DM,,,10,20,169,10000,6.0,yes,0.035,0.9111475905555232
12409,0.5414497845571099,0.948303166671686,0.4068533821145761,Diff-Means(burn-in=6.0),DM,,,10,20,169,10000,6.0,yes,0.035,0.9111475905555232
12410,0.5399497731977677,0.9552259187419732,0.41527614554420544,Diff-Means(burn-in=6.0),DM,,,10,20,169,10000,6.0,yes,0.035,0.9111475905555232
12411,0.5412835280850772,0.9514905942792012,0.41020706619412406,Diff-Means(burn-in=6.0),DM,,,10,20,169,10000,6.0,yes,0.035,0.9111475905555232
12412,0.5403821468016181,0.9510588878770496,0.4106767410754315,Diff-Means(burn-in=6.0),DM,,,10,20,169,10000,6.0,yes,0.035,0.9111475905555232
12413,0.5416428292671539,0.9475021231672636,0.40585929390010966,Diff-Means(burn-in=6.0),DM,,,10,20,169,10000,6.0,yes,0.035,0.9111475905555232
12414,0.541908278182058,0.9473028195572579,0.4053945413751999,Diff-Means(burn-in=6.0),DM,,,10,20,169,10000,6.0,yes,0.035,0.9111475905555232
12415,0.5393760533134664,0.9404821652532072,0.4011061119397408,Diff-Means(burn-in=6.0),DM,,,10,20,169,10000,6.0,yes,0.035,0.9111475905555232
12416,0.5427615853856634,0.958188998730145,0.4154274133444815,Diff-Means(burn-in=6.0),DM,,,10,20,169,10000,6.0,yes,0.035,0.9111475905555232
12417,0.540637765698906,0.9461154719339321,0.4054777062350261,Diff-Means(burn-in=6.0),DM,,,10,20,169,10000,6.0,yes,0.035,0.9111475905555232
12418,0.5406513297067103,0.9516355081429375,0.41098417843622725,Diff-Means(burn-in=6.0),DM,,,10,20,169,10000,6.0,yes,0.035,0.9111475905555232
12419,0.5394780662135525,0.9573681120785498,0.41789004586499723,Diff-Means(burn-in=6.0),DM,,,10,20,169,10000,6.0,yes,0.035,0.9111475905555232
12420,0.5393697402681608,0.9525842293470078,0.41321448907884706,Diff-Means(burn-in=6.0),DM,,,10,20,169,10000,6.0,yes,0.035,0.9111475905555232
12421,0.5411285810307672,0.9572478419768641,0.41611926094609686,Diff-Means(burn-in=6.0),DM,,,10,20,169,10000,6.0,yes,0.035,0.9111475905555232
12422,0.540478498733788,0.9459009104337243,0.4054224116999363,Diff-Means(burn-in=6.0),DM,,,10,20,169,10000,6.0,yes,0.035,0.9111475905555232
12423,0.5394596912504692,0.9554990090367487,0.41603931778627945,Diff-Means(burn-in=6.0),DM,,,10,20,169,10000,6.0,yes,0.035,0.9111475905555232
12424,0.5390571582666753,0.9554224267150212,0.41636526844834587,Diff-Means(burn-in=6.0),DM,,,10,20,169,10000,6.0,yes,0.035,0.9111475905555232
12425,0.5408052683975916,0.9501953836866182,0.4093901152890266,Diff-Means(burn-in=6.0),DM,,,10,20,169,10000,6.0,yes,0.035,0.9111475905555232
12426,0.5410081843884779,0.9452545837713667,0.40424639938288887,Diff-Means(burn-in=6.0),DM,,,10,20,169,10000,6.0,yes,0.035,0.9111475905555232
12427,0.5366611860547107,0.9496270907865064,0.41296590473179573,Diff-Means(burn-in=6.0),DM,,,10,20,169,10000,6.0,yes,0.035,0.9111475905555232
12428,0.5423969703734621,0.9473955214477897,0.4049985510743276,Diff-Means(burn-in=6.0),DM,,,10,20,169,10000,6.0,yes,0.035,0.9111475905555232
12429,0.5416552779085659,0.9480117666930589,0.40635648878449293,Diff-Means(burn-in=6.0),DM,,,10,20,169,10000,6.0,yes,0.035,0.9111475905555232
12430,0.5393482105567394,0.9437029226972836,0.4043547121405442,Diff-Means(burn-in=6.0),DM,,,10,20,169,10000,6.0,yes,0.035,0.9111475905555232
12431,0.5412459927680915,0.9549572687775952,0.41371127600950375,Diff-Means(burn-in=6.0),DM,,,10,20,169,10000,6.0,yes,0.035,0.9111475905555232
12432,0.5417571938921114,0.9477147231205648,0.4059575292284534,Diff-Means(burn-in=6.0),DM,,,10,20,169,10000,6.0,yes,0.035,0.9111475905555232
12433,0.5404713508789798,0.9495782898179177,0.4091069389389379,Diff-Means(burn-in=6.0),DM,,,10,20,169,10000,6.0,yes,0.035,0.9111475905555232
12434,0.5429448299742861,0.947781717969672,0.404836887995386,Diff-Means(burn-in=6.0),DM,,,10,20,169,10000,6.0,yes,0.035,0.9111475905555232
12435,0.5423418399016209,0.9529545423683327,0.4106127024667118,Diff-Means(burn-in=6.0),DM,,,10,20,169,10000,6.0,yes,0.035,0.9111475905555232
12436,0.5392080981694095,0.951602283902076,0.4123941857326665,Diff-Means(burn-in=6.0),DM,,,10,20,169,10000,6.0,yes,0.035,0.9111475905555232
12437,0.5402620773895097,0.9454187216257899,0.4051566442362802,Diff-Means(burn-in=6.0),DM,,,10,20,169,10000,6.0,yes,0.035,0.9111475905555232
12438,0.5407055109135103,0.953691511482907,0.4129860005693967,Diff-Means(burn-in=6.0),DM,,,10,20,169,10000,6.0,yes,0.035,0.9111475905555232
12439,0.5383108504340287,0.9515966188358144,0.41328576840178566,Diff-Means(burn-in=6.0),DM,,,10,20,169,10000,6.0,yes,0.035,0.9111475905555232
12440,0.5381480600401318,0.9436677117993997,0.40551965175926785,Diff-Means(burn-in=6.0),DM,,,10,20,169,10000,6.0,yes,0.035,0.9111475905555232
12441,0.5402315894988639,0.9568327233662182,0.4166011338673543,Diff-Means(burn-in=6.0),DM,,,10,20,169,10000,6.0,yes,0.035,0.9111475905555232
12442,0.5396150329898336,0.9417451649015928,0.40213013191175917,Diff-Means(burn-in=6.0),DM,,,10,20,169,10000,6.0,yes,0.035,0.9111475905555232
12443,0.5404779524453182,0.9420649498833498,0.4015869974380316,Diff-Means(burn-in=6.0),DM,,,10,20,169,10000,6.0,yes,0.035,0.9111475905555232
12444,0.5397707623123307,0.9468738681007173,0.4071031057883866,Diff-Means(burn-in=6.0),DM,,,10,20,169,10000,6.0,yes,0.035,0.9111475905555232
12445,0.5394456339034911,0.9536201971069225,0.4141745632034314,Diff-Means(burn-in=6.0),DM,,,10,20,169,10000,6.0,yes,0.035,0.9111475905555232
12446,0.5403310756679066,0.9438946207214721,0.4035635450535655,Diff-Means(burn-in=6.0),DM,,,10,20,169,10000,6.0,yes,0.035,0.9111475905555232
12447,0.5382145935779632,0.9530119838766596,0.41479739029869644,Diff-Means(burn-in=6.0),DM,,,10,20,169,10000,6.0,yes,0.035,0.9111475905555232
12448,0.5387968915167638,0.9578234811299591,0.4190265896131953,Diff-Means(burn-in=6.0),DM,,,10,20,169,10000,6.0,yes,0.035,0.9111475905555232
12449,0.5379264432018857,0.9418862454316791,0.40395980222979344,Diff-Means(burn-in=6.0),DM,,,10,20,169,10000,6.0,yes,0.035,0.9111475905555232
12450,0.5406783130191612,0.9481735727573283,0.407495259738167,Diff-Means(burn-in=6.0),DM,,,10,20,169,10000,6.0,yes,0.035,0.9111475905555232
12451,0.5418411690606677,0.9511106971950052,0.4092695281343375,Diff-Means(burn-in=6.0),DM,,,10,20,169,10000,6.0,yes,0.035,0.9111475905555232
12452,0.5411004297504394,0.9518483263352965,0.4107478965848571,Diff-Means(burn-in=6.0),DM,,,10,20,169,10000,6.0,yes,0.035,0.9111475905555232
12453,0.5389046175921159,0.9528559239674772,0.41395130637536126,Diff-Means(burn-in=6.0),DM,,,10,20,169,10000,6.0,yes,0.035,0.9111475905555232
12454,0.5401741327940073,0.9546745895699503,0.41450045677594305,Diff-Means(burn-in=6.0),DM,,,10,20,169,10000,6.0,yes,0.035,0.9111475905555232
12455,0.5391562342600782,0.9431248706986397,0.4039686364385615,Diff-Means(burn-in=6.0),DM,,,10,20,169,10000,6.0,yes,0.035,0.9111475905555232
12456,0.5417403924130033,0.9475372611997778,0.40579686878677446,Diff-Means(burn-in=6.0),DM,,,10,20,169,10000,6.0,yes,0.035,0.9111475905555232
12457,0.5386846113827032,0.9452194140807185,0.40653480269801534,Diff-Means(burn-in=6.0),DM,,,10,20,169,10000,6.0,yes,0.035,0.9111475905555232
12458,0.5416535468238809,0.9563870576472661,0.41473351082338517,Diff-Means(burn-in=6.0),DM,,,10,20,169,10000,6.0,yes,0.035,0.9111475905555232
12459,0.5402454992105871,0.9504767872965227,0.4102312880859357,Diff-Means(burn-in=6.0),DM,,,10,20,169,10000,6.0,yes,0.035,0.9111475905555232
12460,0.5403592995742817,0.9522565673869176,0.4118972678126358,Diff-Means(burn-in=6.0),DM,,,10,20,169,10000,6.0,yes,0.035,0.9111475905555232
12461,0.5409693081474868,0.948266984559491,0.4072976764120042,Diff-Means(burn-in=6.0),DM,,,10,20,169,10000,6.0,yes,0.035,0.9111475905555232
12462,0.5412896170457562,0.9417455749154146,0.4004559578696584,Diff-Means(burn-in=6.0),DM,,,10,20,169,10000,6.0,yes,0.035,0.9111475905555232
12463,0.5407047294009749,0.9542704747053796,0.4135657453044047,Diff-Means(burn-in=6.0),DM,,,10,20,169,10000,6.0,yes,0.035,0.9111475905555232
12464,0.5397095984714284,0.9490502908604137,0.4093406923889853,Diff-Means(burn-in=6.0),DM,,,10,20,169,10000,6.0,yes,0.035,0.9111475905555232
12465,0.5400040934043147,0.9450634750416391,0.40505938163732447,Diff-Means(burn-in=6.0),DM,,,10,20,169,10000,6.0,yes,0.035,0.9111475905555232
12466,0.5392386671335868,0.9574312428268675,0.4181925756932807,Diff-Means(burn-in=6.0),DM,,,10,20,169,10000,6.0,yes,0.035,0.9111475905555232
12467,0.5392754939975862,0.9549790391382107,0.41570354514062446,Diff-Means(burn-in=6.0),DM,,,10,20,169,10000,6.0,yes,0.035,0.9111475905555232
12468,0.5387830858202837,0.9552654354857265,0.41648234966544284,Diff-Means(burn-in=6.0),DM,,,10,20,169,10000,6.0,yes,0.035,0.9111475905555232
12469,0.5411293214763411,0.9522428616777541,0.411113540201413,Diff-Means(burn-in=6.0),DM,,,10,20,169,10000,6.0,yes,0.035,0.9111475905555232
12470,0.5385253611177392,0.9501002285031716,0.41157486738543236,Diff-Means(burn-in=6.0),DM,,,10,20,169,10000,6.0,yes,0.035,0.9111475905555232
12471,0.541594354553984,0.9530845255928354,0.41149017103885144,Diff-Means(burn-in=6.0),DM,,,10,20,169,10000,6.0,yes,0.035,0.9111475905555232
12472,0.5372537937375844,0.9345776052694817,0.39732381153189733,Diff-Means(burn-in=6.0),DM,,,10,20,169,10000,6.0,yes,0.035,0.9111475905555232
12473,0.5418549815310643,0.9500080460830866,0.4081530645520224,Diff-Means(burn-in=6.0),DM,,,10,20,169,10000,6.0,yes,0.035,0.9111475905555232
12474,0.5411771131848598,0.9510764372425228,0.40989932405766294,Diff-Means(burn-in=6.0),DM,,,10,20,169,10000,6.0,yes,0.035,0.9111475905555232
12475,0.5396646528643984,0.9426427379399956,0.4029780850755973,Diff-Means(burn-in=6.0),DM,,,10,20,169,10000,6.0,yes,0.035,0.9111475905555232
12476,0.538606964063104,0.9527426919309845,0.41413572786788044,Diff-Means(burn-in=6.0),DM,,,10,20,169,10000,6.0,yes,0.035,0.9111475905555232
12477,0.5395114645108032,0.9502726082230555,0.41076114371225225,Diff-Means(burn-in=6.0),DM,,,10,20,169,10000,6.0,yes,0.035,0.9111475905555232
12478,0.5451246714639992,0.9587854437847495,0.41366077232075027,Diff-Means(burn-in=6.0),DM,,,10,20,169,10000,6.0,yes,0.035,0.9111475905555232
12479,0.5428825268227233,0.9509519148064469,0.4080693879837236,Diff-Means(burn-in=6.0),DM,,,10,20,169,10000,6.0,yes,0.035,0.9111475905555232
12480,0.5403689573527826,0.9455582588376771,0.4051893014848945,Diff-Means(burn-in=6.0),DM,,,10,20,169,10000,6.0,yes,0.035,0.9111475905555232
12481,0.5419989075832612,0.9464398994898932,0.40444099190663196,Diff-Means(burn-in=6.0),DM,,,10,20,169,10000,6.0,yes,0.035,0.9111475905555232
12482,0.5407239042897677,0.9497344928147182,0.40901058852495054,Diff-Means(burn-in=6.0),DM,,,10,20,169,10000,6.0,yes,0.035,0.9111475905555232
12483,0.5395592391222873,0.9581170695014554,0.41855783037916805,Diff-Means(burn-in=6.0),DM,,,10,20,169,10000,6.0,yes,0.035,0.9111475905555232
12484,0.5399911979420806,0.945154349972493,0.4051631520304124,Diff-Means(burn-in=6.0),DM,,,10,20,169,10000,6.0,yes,0.035,0.9111475905555232
12485,0.536619728195973,0.9377485639132666,0.4011288357172935,Diff-Means(burn-in=6.0),DM,,,10,20,169,10000,6.0,yes,0.035,0.9111475905555232
12486,0.5378663318908826,0.9477582500893876,0.409891918198505,Diff-Means(burn-in=6.0),DM,,,10,20,169,10000,6.0,yes,0.035,0.9111475905555232
12487,0.538700155229075,0.9497849650325347,0.41108480980345974,Diff-Means(burn-in=6.0),DM,,,10,20,169,10000,6.0,yes,0.035,0.9111475905555232
12488,0.5394376175745065,0.9447295226508949,0.40529190507638846,Diff-Means(burn-in=6.0),DM,,,10,20,169,10000,6.0,yes,0.035,0.9111475905555232
12489,0.5397616922622,0.9472717818546011,0.4075100895924011,Diff-Means(burn-in=6.0),DM,,,10,20,169,10000,6.0,yes,0.035,0.9111475905555232
12490,0.5395160909808222,0.9570481339328312,0.41753204295200896,Diff-Means(burn-in=6.0),DM,,,10,20,169,10000,6.0,yes,0.035,0.9111475905555232
12491,0.5400936564823053,0.940251559408265,0.40015790292595965,Diff-Means(burn-in=6.0),DM,,,10,20,169,10000,6.0,yes,0.035,0.9111475905555232
12492,0.5385714689814968,0.9444964146468097,0.4059249456653129,Diff-Means(burn-in=6.0),DM,,,10,20,169,10000,6.0,yes,0.035,0.9111475905555232
12493,0.5404605541566961,0.9470814122697966,0.40662085811310045,Diff-Means(burn-in=6.0),DM,,,10,20,169,10000,6.0,yes,0.035,0.9111475905555232
12494,0.540139322746595,0.9347663495876818,0.39462702684108675,Diff-Means(burn-in=6.0),DM,,,10,20,169,10000,6.0,yes,0.035,0.9111475905555232
12495,0.5377849114755308,0.9457825013296378,0.40799758985410706,Diff-Means(burn-in=6.0),DM,,,10,20,169,10000,6.0,yes,0.035,0.9111475905555232
12496,0.5416986056322302,0.9412186718024792,0.39952006617024904,Diff-Means(burn-in=6.0),DM,,,10,20,169,10000,6.0,yes,0.035,0.9111475905555232
12497,0.5406852666255569,0.9474991557395273,0.4068138891139703,Diff-Means(burn-in=6.0),DM,,,10,20,169,10000,6.0,yes,0.035,0.9111475905555232
12498,0.5388962111032986,0.9378484323293846,0.3989522212260861,Diff-Means(burn-in=6.0),DM,,,10,20,169,10000,6.0,yes,0.035,0.9111475905555232
12499,0.5398932720922464,0.945755504307817,0.4058622322155706,Diff-Means(burn-in=6.0),DM,,,10,20,169,10000,6.0,yes,0.035,0.9111475905555232
12500,0.5392717618445403,0.9406258641096724,0.40135410226513213,Diff-Means(burn-in=6.0),DM,,,10,20,169,10000,6.0,yes,0.035,0.9111475905555232
12501,0.5399425910254535,0.9564046489323941,0.4164620579069406,Diff-Means(burn-in=6.0),DM,,,10,20,169,10000,6.0,yes,0.035,0.9111475905555232
12502,0.5401839180645792,0.9473116479602403,0.40712772989566104,Diff-Means(burn-in=6.0),DM,,,10,20,169,10000,6.0,yes,0.035,0.9111475905555232
12503,0.5413862709956087,0.9519511635610104,0.41056489256540174,Diff-Means(burn-in=6.0),DM,,,10,20,169,10000,6.0,yes,0.035,0.9111475905555232
12504,0.5396906875955456,0.9455971048106262,0.4059064172150806,Diff-Means(burn-in=6.0),DM,,,10,20,169,10000,6.0,yes,0.035,0.9111475905555232
12505,0.5417073198683742,0.9447265539974813,0.4030192341291071,Diff-Means(burn-in=6.0),DM,,,10,20,169,10000,6.0,yes,0.035,0.9111475905555232
12506,0.5390652660118158,0.9576886888050937,0.4186234227932779,Diff-Means(burn-in=6.0),DM,,,10,20,169,10000,6.0,yes,0.035,0.9111475905555232
12507,0.5399434918628313,0.943694586983151,0.4037510951203197,Diff-Means(burn-in=6.0),DM,,,10,20,169,10000,6.0,yes,0.035,0.9111475905555232
12508,0.5409253241778983,0.9443117198553961,0.4033863956774978,Diff-Means(burn-in=6.0),DM,,,10,20,169,10000,6.0,yes,0.035,0.9111475905555232
12509,0.5409178146022492,0.9483659610397547,0.4074481464375055,Diff-Means(burn-in=6.0),DM,,,10,20,169,10000,6.0,yes,0.035,0.9111475905555232
12510,0.5409348263075795,0.9425082184649111,0.40157339215733157,Diff-Means(burn-in=6.0),DM,,,10,20,169,10000,6.0,yes,0.035,0.9111475905555232
12511,0.5434646148432106,0.9510683802588153,0.4076037654156047,Diff-Means(burn-in=6.0),DM,,,10,20,169,10000,6.0,yes,0.035,0.9111475905555232
12512,0.539316507559119,0.9589258063773023,0.4196092988181833,Diff-Means(burn-in=6.0),DM,,,10,20,169,10000,6.0,yes,0.035,0.9111475905555232
12513,0.5399591121566658,0.946390980020288,0.4064318678636222,Diff-Means(burn-in=6.0),DM,,,10,20,169,10000,6.0,yes,0.035,0.9111475905555232
12514,0.5440304175949499,0.9523666636059557,0.4083362460110058,Diff-Means(burn-in=6.0),DM,,,10,20,169,10000,6.0,yes,0.035,0.9111475905555232
12515,0.5416707503066704,0.9495932351620725,0.40792248485540206,Diff-Means(burn-in=6.0),DM,,,10,20,169,10000,6.0,yes,0.035,0.9111475905555232
12516,0.5396922005035224,0.9554645302614322,0.4157723297579098,Diff-Means(burn-in=6.0),DM,,,10,20,169,10000,6.0,yes,0.035,0.9111475905555232
12517,0.5386546810653879,0.9433347871428153,0.4046801060774273,Diff-Means(burn-in=6.0),DM,,,10,20,169,10000,6.0,yes,0.035,0.9111475905555232
12518,0.5395065312170363,0.9464163373382113,0.406909806121175,Diff-Means(burn-in=6.0),DM,,,10,20,169,10000,6.0,yes,0.035,0.9111475905555232
12519,0.5417534772552653,0.9615909208161246,0.4198374435608593,Diff-Means(burn-in=6.0),DM,,,10,20,169,10000,6.0,yes,0.035,0.9111475905555232
12520,0.5394399949942928,0.9470282042714563,0.40758820927716344,Diff-Means(burn-in=6.0),DM,,,10,20,169,10000,6.0,yes,0.035,0.9111475905555232
12521,0.5391692704089108,0.9472092405378031,0.40803997012889226,Diff-Means(burn-in=6.0),DM,,,10,20,169,10000,6.0,yes,0.035,0.9111475905555232
12522,0.5392386441191438,0.9473968561919605,0.40815821207281666,Diff-Means(burn-in=6.0),DM,,,10,20,169,10000,6.0,yes,0.035,0.9111475905555232
12523,0.5374692159856883,0.9480761462056404,0.4106069302199521,Diff-Means(burn-in=6.0),DM,,,10,20,169,10000,6.0,yes,0.035,0.9111475905555232
12524,0.5418373191942373,0.9533429547923422,0.41150563559810494,Diff-Means(burn-in=6.0),DM,,,10,20,169,10000,6.0,yes,0.035,0.9111475905555232
12525,0.5383787454884114,0.9584585448541142,0.42007979936570283,Diff-Means(burn-in=6.0),DM,,,10,20,169,10000,6.0,yes,0.035,0.9111475905555232
12526,0.5387528109758764,0.9508593334560478,0.41210652248017143,Diff-Means(burn-in=6.0),DM,,,10,20,169,10000,6.0,yes,0.035,0.9111475905555232
12527,0.5402046759573249,0.9501141555542989,0.409909479596974,Diff-Means(burn-in=6.0),DM,,,10,20,169,10000,6.0,yes,0.035,0.9111475905555232
12528,0.5425220191086486,0.9533990307576917,0.4108770116490431,Diff-Means(burn-in=6.0),DM,,,10,20,169,10000,6.0,yes,0.035,0.9111475905555232
12529,0.540490214641428,0.9529479768358268,0.4124577621943988,Diff-Means(burn-in=6.0),DM,,,10,20,169,10000,6.0,yes,0.035,0.9111475905555232
12530,0.5401870959430999,0.9477036573352914,0.4075165613921915,Diff-Means(burn-in=6.0),DM,,,10,20,169,10000,6.0,yes,0.035,0.9111475905555232
12531,0.5410180700289927,0.9508352464119025,0.4098171763829098,Diff-Means(burn-in=6.0),DM,,,10,20,169,10000,6.0,yes,0.035,0.9111475905555232
12532,0.5410207099265948,0.9452679152666258,0.404247205340031,Diff-Means(burn-in=6.0),DM,,,10,20,169,10000,6.0,yes,0.035,0.9111475905555232
12533,0.5387262232286172,0.9420945790195974,0.4033683557909802,Diff-Means(burn-in=6.0),DM,,,10,20,169,10000,6.0,yes,0.035,0.9111475905555232
12534,0.5374552961332381,0.9453860877283389,0.4079307915951008,Diff-Means(burn-in=6.0),DM,,,10,20,169,10000,6.0,yes,0.035,0.9111475905555232
12535,0.5410205813684443,0.9488095862357705,0.40778900486732617,Diff-Means(burn-in=6.0),DM,,,10,20,169,10000,6.0,yes,0.035,0.9111475905555232
12536,0.54121808199697,0.946808605750791,0.405590523753821,Diff-Means(burn-in=6.0),DM,,,10,20,169,10000,6.0,yes,0.035,0.9111475905555232
12537,0.5392557373345284,0.9546617501249481,0.4154060127904198,Diff-Means(burn-in=6.0),DM,,,10,20,169,10000,6.0,yes,0.035,0.9111475905555232
12538,0.5386648354977785,0.9472565886280518,0.4085917531302733,Diff-Means(burn-in=6.0),DM,,,10,20,169,10000,6.0,yes,0.035,0.9111475905555232
12539,0.539789729749608,0.9320670362925864,0.3922773065429783,Diff-Means(burn-in=6.0),DM,,,10,20,169,10000,6.0,yes,0.035,0.9111475905555232
12540,0.5401817078419788,0.944667449281357,0.4044857414393782,Diff-Means(burn-in=6.0),DM,,,10,20,169,10000,6.0,yes,0.035,0.9111475905555232
12541,0.5404384222754438,0.9476092734607406,0.40717085118529683,Diff-Means(burn-in=6.0),DM,,,10,20,169,10000,6.0,yes,0.035,0.9111475905555232
12542,0.5437019558641141,0.9563850692416906,0.41268311337757657,Diff-Means(burn-in=6.0),DM,,,10,20,169,10000,6.0,yes,0.035,0.9111475905555232
12543,0.5429226492269621,0.9408204338573949,0.3978977846304328,Diff-Means(burn-in=6.0),DM,,,10,20,169,10000,6.0,yes,0.035,0.9111475905555232
12544,0.5393213177543846,0.9377893216394013,0.3984680038850167,Diff-Means(burn-in=6.0),DM,,,10,20,169,10000,6.0,yes,0.035,0.9111475905555232
12545,0.542962102923817,0.9535980564963279,0.4106359535725109,Diff-Means(burn-in=6.0),DM,,,10,20,169,10000,6.0,yes,0.035,0.9111475905555232
12546,0.5401452965907227,0.9482877723069211,0.4081424757161983,Diff-Means(burn-in=6.0),DM,,,10,20,169,10000,6.0,yes,0.035,0.9111475905555232
12547,0.5407883542415273,0.9415700170021564,0.4007816627606291,Diff-Means(burn-in=6.0),DM,,,10,20,169,10000,6.0,yes,0.035,0.9111475905555232
12548,0.5401948832836471,0.9506625009181886,0.41046761763454154,Diff-Means(burn-in=6.0),DM,,,10,20,169,10000,6.0,yes,0.035,0.9111475905555232
12549,0.5398617036494525,0.9524898965122918,0.41262819286283925,Diff-Means(burn-in=6.0),DM,,,10,20,169,10000,6.0,yes,0.035,0.9111475905555232
12550,0.5429019329788543,0.9505074461880348,0.4076055132091806,Diff-Means(burn-in=6.0),DM,,,10,20,169,10000,6.0,yes,0.035,0.9111475905555232
12551,0.5390923723965357,0.9524761961756388,0.4133838237791031,Diff-Means(burn-in=6.0),DM,,,10,20,169,10000,6.0,yes,0.035,0.9111475905555232
12552,0.5408341679990702,0.9484277005082667,0.4075935325091965,Diff-Means(burn-in=6.0),DM,,,10,20,169,10000,6.0,yes,0.035,0.9111475905555232
12553,0.5387342910780759,0.9447987623675682,0.4060644712894923,Diff-Means(burn-in=6.0),DM,,,10,20,169,10000,6.0,yes,0.035,0.9111475905555232
12554,0.5378591232789206,0.9494956115767571,0.4116364882978365,Diff-Means(burn-in=6.0),DM,,,10,20,169,10000,6.0,yes,0.035,0.9111475905555232
12555,0.5402318333551057,0.9556694821381889,0.4154376487830832,Diff-Means(burn-in=6.0),DM,,,10,20,169,10000,6.0,yes,0.035,0.9111475905555232
12556,0.5403681720410146,0.9446668720266221,0.4042986999856075,Diff-Means(burn-in=6.0),DM,,,10,20,169,10000,6.0,yes,0.035,0.9111475905555232
12557,0.5379711211590915,0.9544662799104026,0.41649515875131105,Diff-Means(burn-in=6.0),DM,,,10,20,169,10000,6.0,yes,0.035,0.9111475905555232
12558,0.5424006191556789,0.9500929439989052,0.40769232484322626,Diff-Means(burn-in=6.0),DM,,,10,20,169,10000,6.0,yes,0.035,0.9111475905555232
12559,0.5406074109088922,0.9479779767675384,0.40737056585864617,Diff-Means(burn-in=6.0),DM,,,10,20,169,10000,6.0,yes,0.035,0.9111475905555232
12560,0.537417004954327,0.9577690394917816,0.4203520345374546,Diff-Means(burn-in=6.0),DM,,,10,20,169,10000,6.0,yes,0.035,0.9111475905555232
12561,0.5408111107569598,0.9377236585831744,0.39691254782621466,Diff-Means(burn-in=6.0),DM,,,10,20,169,10000,6.0,yes,0.035,0.9111475905555232
12562,0.539813774686579,0.9558487873353722,0.41603501264879317,Diff-Means(burn-in=6.0),DM,,,10,20,169,10000,6.0,yes,0.035,0.9111475905555232
12563,0.5387923128886086,0.9461712336531679,0.4073789207645593,Diff-Means(burn-in=6.0),DM,,,10,20,169,10000,6.0,yes,0.035,0.9111475905555232
12564,0.5404884102055206,0.9481269504398868,0.4076385402343662,Diff-Means(burn-in=6.0),DM,,,10,20,169,10000,6.0,yes,0.035,0.9111475905555232
12565,0.5386408497767041,0.9527396793204227,0.41409882954371857,Diff-Means(burn-in=6.0),DM,,,10,20,169,10000,6.0,yes,0.035,0.9111475905555232
12566,0.5396045609682802,0.9488936314745494,0.40928907050626917,Diff-Means(burn-in=6.0),DM,,,10,20,169,10000,6.0,yes,0.035,0.9111475905555232
12567,0.5380693957656101,0.942585037224019,0.4045156414584089,Diff-Means(burn-in=6.0),DM,,,10,20,169,10000,6.0,yes,0.035,0.9111475905555232
12568,0.5365913944866049,0.9449779689054911,0.40838657441888626,Diff-Means(burn-in=6.0),DM,,,10,20,169,10000,6.0,yes,0.035,0.9111475905555232
12569,0.5410515793008427,0.9516907739308372,0.41063919462999454,Diff-Means(burn-in=6.0),DM,,,10,20,169,10000,6.0,yes,0.035,0.9111475905555232
12570,0.5430093041488184,0.9514044041961052,0.40839510004728674,Diff-Means(burn-in=6.0),DM,,,10,20,169,10000,6.0,yes,0.035,0.9111475905555232
12571,0.5427169970206781,0.9488954774084675,0.40617848038778936,Diff-Means(burn-in=6.0),DM,,,10,20,169,10000,6.0,yes,0.035,0.9111475905555232
12572,0.541518339073801,0.9512202844197221,0.4097019453459211,Diff-Means(burn-in=6.0),DM,,,10,20,169,10000,6.0,yes,0.035,0.9111475905555232
12573,0.5390664705504357,0.9462342325938914,0.4071677620434557,Diff-Means(burn-in=6.0),DM,,,10,20,169,10000,6.0,yes,0.035,0.9111475905555232
12574,0.5392490052200164,0.9324697897572839,0.3932207845372675,Diff-Means(burn-in=6.0),DM,,,10,20,169,10000,6.0,yes,0.035,0.9111475905555232
12575,0.5434570900876665,0.9522808192309663,0.4088237291432998,Diff-Means(burn-in=6.0),DM,,,10,20,169,10000,6.0,yes,0.035,0.9111475905555232
12576,0.5413699956737824,0.9525182607105411,0.4111482650367587,Diff-Means(burn-in=6.0),DM,,,10,20,169,10000,6.0,yes,0.035,0.9111475905555232
12577,0.5390281019600943,0.9467371215249285,0.4077090195648342,Diff-Means(burn-in=6.0),DM,,,10,20,169,10000,6.0,yes,0.035,0.9111475905555232
12578,0.5376575835851887,0.9478489600316512,0.41019137644646253,Diff-Means(burn-in=6.0),DM,,,10,20,169,10000,6.0,yes,0.035,0.9111475905555232
12579,0.53870788792279,0.9405718222649307,0.40186393434214074,Diff-Means(burn-in=6.0),DM,,,10,20,169,10000,6.0,yes,0.035,0.9111475905555232
12580,0.5373556324522618,0.9499171992936055,0.4125615668413437,Diff-Means(burn-in=6.0),DM,,,10,20,169,10000,6.0,yes,0.035,0.9111475905555232
12581,0.5377316725331567,0.9420731245016052,0.4043414519684485,Diff-Means(burn-in=6.0),DM,,,10,20,169,10000,6.0,yes,0.035,0.9111475905555232
12582,0.5405828255033788,0.9436621536263211,0.40307932812294234,Diff-Means(burn-in=6.0),DM,,,10,20,169,10000,6.0,yes,0.035,0.9111475905555232
12583,0.5410608592230143,0.9407684337011221,0.3997075744781078,Diff-Means(burn-in=6.0),DM,,,10,20,169,10000,6.0,yes,0.035,0.9111475905555232
12584,0.5425493046612727,0.9583422906911802,0.41579298602990744,Diff-Means(burn-in=6.0),DM,,,10,20,169,10000,6.0,yes,0.035,0.9111475905555232
12585,0.5387103927312287,0.9439464829506209,0.4052360902193922,Diff-Means(burn-in=6.0),DM,,,10,20,169,10000,6.0,yes,0.035,0.9111475905555232
12586,0.5384328619425983,0.9512297019984447,0.4127968400558464,Diff-Means(burn-in=6.0),DM,,,10,20,169,10000,6.0,yes,0.035,0.9111475905555232
12587,0.5437800959356636,0.9475482389238413,0.40376814298817776,Diff-Means(burn-in=6.0),DM,,,10,20,169,10000,6.0,yes,0.035,0.9111475905555232
12588,0.5412754048807941,0.9509005815329657,0.4096251766521717,Diff-Means(burn-in=6.0),DM,,,10,20,169,10000,6.0,yes,0.035,0.9111475905555232
12589,0.5431699474034415,0.9572705849396721,0.4141006375362306,Diff-Means(burn-in=6.0),DM,,,10,20,169,10000,6.0,yes,0.035,0.9111475905555232
12590,0.5394466751041376,0.9492718186246014,0.40982514352046384,Diff-Means(burn-in=6.0),DM,,,10,20,169,10000,6.0,yes,0.035,0.9111475905555232
12591,0.5400049399942471,0.9594022480742348,0.41939730807998765,Diff-Means(burn-in=6.0),DM,,,10,20,169,10000,6.0,yes,0.035,0.9111475905555232
12592,0.5385164316658385,0.9472773795726573,0.40876094790681883,Diff-Means(burn-in=6.0),DM,,,10,20,169,10000,6.0,yes,0.035,0.9111475905555232
12593,0.541409640719561,0.959727690984653,0.41831805026509206,Diff-Means(burn-in=6.0),DM,,,10,20,169,10000,6.0,yes,0.035,0.9111475905555232
12594,0.5409985173025321,0.9465682459478392,0.40556972864530705,Diff-Means(burn-in=6.0),DM,,,10,20,169,10000,6.0,yes,0.035,0.9111475905555232
12595,0.5401113583167954,0.9456570500517414,0.40554569173494603,Diff-Means(burn-in=6.0),DM,,,10,20,169,10000,6.0,yes,0.035,0.9111475905555232
12596,0.5395636073103661,0.9475970796035492,0.4080334722931831,Diff-Means(burn-in=6.0),DM,,,10,20,169,10000,6.0,yes,0.035,0.9111475905555232
12597,0.5400682437885196,0.9479303497924992,0.40786210600397965,Diff-Means(burn-in=6.0),DM,,,10,20,169,10000,6.0,yes,0.035,0.9111475905555232
12598,0.5379509743709351,0.9417903706371495,0.40383939626621446,Diff-Means(burn-in=6.0),DM,,,10,20,169,10000,6.0,yes,0.035,0.9111475905555232
12599,0.5390390126808599,0.9500926472546716,0.4110536345738117,Diff-Means(burn-in=6.0),DM,,,10,20,169,10000,6.0,yes,0.035,0.9111475905555232
12600,0.5443744912099735,0.9417511834494584,0.3973766922394849,Diff-Means(burn-in=6.0),DM,,,10,20,169,10000,6.0,yes,0.035,0.9111475905555232
12601,0.540257270903531,0.9546607227882827,0.4144034518847517,Diff-Means(burn-in=6.0),DM,,,10,20,169,10000,6.0,yes,0.035,0.9111475905555232
12602,0.5390646948678873,0.9525545849487155,0.41348989008082815,Diff-Means(burn-in=6.0),DM,,,10,20,169,10000,6.0,yes,0.035,0.9111475905555232
12603,0.5399890671085084,0.9405995868096264,0.40061051970111805,Diff-Means(burn-in=6.0),DM,,,10,20,169,10000,6.0,yes,0.035,0.9111475905555232
12604,0.5388444717122375,0.950641683208327,0.4117972114960895,Diff-Means(burn-in=6.0),DM,,,10,20,169,10000,6.0,yes,0.035,0.9111475905555232
12605,0.5374209006478015,0.9409985405425363,0.40357763989473483,Diff-Means(burn-in=6.0),DM,,,10,20,169,10000,6.0,yes,0.035,0.9111475905555232
12606,0.5403592283315642,0.9440124447339617,0.4036532164023975,Diff-Means(burn-in=6.0),DM,,,10,20,169,10000,6.0,yes,0.035,0.9111475905555232
12607,0.5404944131276662,0.9543783035691834,0.4138838904415172,Diff-Means(burn-in=6.0),DM,,,10,20,169,10000,6.0,yes,0.035,0.9111475905555232
12608,0.5398704023397661,0.9524860285500308,0.4126156262102647,Diff-Means(burn-in=6.0),DM,,,10,20,169,10000,6.0,yes,0.035,0.9111475905555232
12609,0.541324954292521,0.9473453605793709,0.4060204062868499,Diff-Means(burn-in=6.0),DM,,,10,20,169,10000,6.0,yes,0.035,0.9111475905555232
12610,0.5397293104609185,0.946684357355743,0.4069550468948244,Diff-Means(burn-in=6.0),DM,,,10,20,169,10000,6.0,yes,0.035,0.9111475905555232
12611,0.5416985262459058,0.9593024623308537,0.41760393608494795,Diff-Means(burn-in=6.0),DM,,,10,20,169,10000,6.0,yes,0.035,0.9111475905555232
12612,0.5401446634155268,0.9541014953698224,0.41395683195429556,Diff-Means(burn-in=6.0),DM,,,10,20,169,10000,6.0,yes,0.035,0.9111475905555232
12613,0.5374324084212865,0.9483372210896536,0.4109048126683671,Diff-Means(burn-in=6.0),DM,,,10,20,169,10000,6.0,yes,0.035,0.9111475905555232
12614,0.5402298195235806,0.9446579780815603,0.40442815855797964,Diff-Means(burn-in=6.0),DM,,,10,20,169,10000,6.0,yes,0.035,0.9111475905555232
12615,0.5402198345399798,0.9582439570196336,0.4180241224796538,Diff-Means(burn-in=6.0),DM,,,10,20,169,10000,6.0,yes,0.035,0.9111475905555232
12616,0.5394401278046296,0.9466546473149011,0.40721451951027154,Diff-Means(burn-in=6.0),DM,,,10,20,169,10000,6.0,yes,0.035,0.9111475905555232
12617,0.5428943249860851,0.9507525865711035,0.40785826158501837,Diff-Means(burn-in=6.0),DM,,,10,20,169,10000,6.0,yes,0.035,0.9111475905555232
12618,0.5405761846342468,0.9488130750163611,0.4082368903821143,Diff-Means(burn-in=6.0),DM,,,10,20,169,10000,6.0,yes,0.035,0.9111475905555232
12619,0.5390484610530885,0.9462500423440503,0.40720158129096184,Diff-Means(burn-in=6.0),DM,,,10,20,169,10000,6.0,yes,0.035,0.9111475905555232
12620,0.539141296905306,0.947537949471347,0.40839665256604096,Diff-Means(burn-in=6.0),DM,,,10,20,169,10000,6.0,yes,0.035,0.9111475905555232
12621,0.539718987104873,0.9528998615730749,0.41318087446820195,Diff-Means(burn-in=6.0),DM,,,10,20,169,10000,6.0,yes,0.035,0.9111475905555232
12622,0.5382244504681416,0.9452509033986206,0.407026452930479,Diff-Means(burn-in=6.0),DM,,,10,20,169,10000,6.0,yes,0.035,0.9111475905555232
12623,0.5426827578059472,0.9520866790575507,0.4094039212516035,Diff-Means(burn-in=6.0),DM,,,10,20,169,10000,6.0,yes,0.035,0.9111475905555232
12624,0.5401869134072826,0.947176100173952,0.4069891867666694,Diff-Means(burn-in=6.0),DM,,,10,20,169,10000,6.0,yes,0.035,0.9111475905555232
12625,0.5380588897504909,0.9423743803416891,0.4043154905911982,Diff-Means(burn-in=6.0),DM,,,10,20,169,10000,6.0,yes,0.035,0.9111475905555232
12626,0.5397541339731226,0.9426170173570995,0.4028628833839769,Diff-Means(burn-in=6.0),DM,,,10,20,169,10000,6.0,yes,0.035,0.9111475905555232
12627,0.5416959267608845,0.9600376319722475,0.41834170521136294,Diff-Means(burn-in=6.0),DM,,,10,20,169,10000,6.0,yes,0.035,0.9111475905555232
12628,0.538852736703465,0.9498352654926545,0.4109825287891895,Diff-Means(burn-in=6.0),DM,,,10,20,169,10000,6.0,yes,0.035,0.9111475905555232
12629,0.5402634114879064,0.9444425816450092,0.4041791701571028,Diff-Means(burn-in=6.0),DM,,,10,20,169,10000,6.0,yes,0.035,0.9111475905555232
12630,0.54115494301693,0.9544251691930011,0.4132702261760711,Diff-Means(burn-in=6.0),DM,,,10,20,169,10000,6.0,yes,0.035,0.9111475905555232
12631,0.5409688675342335,0.9472188708253317,0.4062500032910983,Diff-Means(burn-in=6.0),DM,,,10,20,169,10000,6.0,yes,0.035,0.9111475905555232
12632,0.5409182701259658,0.9409382725795964,0.40002000245363056,Diff-Means(burn-in=6.0),DM,,,10,20,169,10000,6.0,yes,0.035,0.9111475905555232
12633,0.5390253130971074,0.9512339404263466,0.41220862732923913,Diff-Means(burn-in=6.0),DM,,,10,20,169,10000,6.0,yes,0.035,0.9111475905555232
12634,0.5392872297115257,0.9547524519313092,0.41546522221978355,Diff-Means(burn-in=6.0),DM,,,10,20,169,10000,6.0,yes,0.035,0.9111475905555232
12635,0.5392500382988883,0.937216958148921,0.39796691985003274,Diff-Means(burn-in=6.0),DM,,,10,20,169,10000,6.0,yes,0.035,0.9111475905555232
12636,0.5416760025707367,0.9480841654160944,0.40640816284535775,Diff-Means(burn-in=6.0),DM,,,10,20,169,10000,6.0,yes,0.035,0.9111475905555232
12637,0.5388097095481271,0.9483644826116411,0.40955477306351395,Diff-Means(burn-in=6.0),DM,,,10,20,169,10000,6.0,yes,0.035,0.9111475905555232
12638,0.5386183987084129,0.9437331129060523,0.40511471419763945,Diff-Means(burn-in=6.0),DM,,,10,20,169,10000,6.0,yes,0.035,0.9111475905555232
12639,0.5373661385257709,0.9433501964502349,0.405984057924464,Diff-Means(burn-in=6.0),DM,,,10,20,169,10000,6.0,yes,0.035,0.9111475905555232
12640,0.5408287105663504,0.9496208100464945,0.40879209948014406,Diff-Means(burn-in=6.0),DM,,,10,20,169,10000,6.0,yes,0.035,0.9111475905555232
12641,0.5388920791816668,0.9435245511754873,0.40463247199382046,Diff-Means(burn-in=6.0),DM,,,10,20,169,10000,6.0,yes,0.035,0.9111475905555232
12642,0.5403602708517199,0.9474067615735046,0.40704649072178467,Diff-Means(burn-in=6.0),DM,,,10,20,169,10000,6.0,yes,0.035,0.9111475905555232
12643,0.5394227325504872,0.942386705330748,0.40296397278026075,Diff-Means(burn-in=6.0),DM,,,10,20,169,10000,6.0,yes,0.035,0.9111475905555232
12644,0.5406645790929335,0.9512766420747101,0.41061206298177655,Diff-Means(burn-in=6.0),DM,,,10,20,169,10000,6.0,yes,0.035,0.9111475905555232
12645,0.5398019918505912,0.9451619485052752,0.40535995665468405,Diff-Means(burn-in=6.0),DM,,,10,20,169,10000,6.0,yes,0.035,0.9111475905555232
12646,0.5391443242123252,0.9481296249621121,0.4089853007497869,Diff-Means(burn-in=6.0),DM,,,10,20,169,10000,6.0,yes,0.035,0.9111475905555232
12647,0.5387420011349626,0.9483415659641878,0.4095995648292252,Diff-Means(burn-in=6.0),DM,,,10,20,169,10000,6.0,yes,0.035,0.9111475905555232
12648,0.5416232730866718,0.9455803769972474,0.4039571039105756,Diff-Means(burn-in=6.0),DM,,,10,20,169,10000,6.0,yes,0.035,0.9111475905555232
12649,0.539893153877792,0.9409745709813405,0.4010814171035485,Diff-Means(burn-in=6.0),DM,,,10,20,169,10000,6.0,yes,0.035,0.9111475905555232
12650,0.5398069727768692,0.9422073321101635,0.4024003593332943,Diff-Means(burn-in=6.0),DM,,,10,20,169,10000,6.0,yes,0.035,0.9111475905555232
12651,0.539619168227343,0.9448526889549892,0.4052335207276462,Diff-Means(burn-in=6.0),DM,,,10,20,169,10000,6.0,yes,0.035,0.9111475905555232
12652,0.5420411410641429,0.9498326805258149,0.407791539461672,Diff-Means(burn-in=6.0),DM,,,10,20,169,10000,6.0,yes,0.035,0.9111475905555232
12653,0.542874610704769,0.947911957990554,0.4050373472857851,Diff-Means(burn-in=6.0),DM,,,10,20,169,10000,6.0,yes,0.035,0.9111475905555232
12654,0.5395879070888141,0.9502694802352394,0.4106815731464253,Diff-Means(burn-in=6.0),DM,,,10,20,169,10000,6.0,yes,0.035,0.9111475905555232
12655,0.539128887120095,0.9444727856209921,0.40534389850089714,Diff-Means(burn-in=6.0),DM,,,10,20,169,10000,6.0,yes,0.035,0.9111475905555232
12656,0.5428560037233033,0.9489564677987332,0.4061004640754299,Diff-Means(burn-in=6.0),DM,,,10,20,169,10000,6.0,yes,0.035,0.9111475905555232
12657,0.5423416941778365,0.9497268730528273,0.4073851788749908,Diff-Means(burn-in=6.0),DM,,,10,20,169,10000,6.0,yes,0.035,0.9111475905555232
12658,0.5431894232698465,0.9563761718197815,0.413186748549935,Diff-Means(burn-in=6.0),DM,,,10,20,169,10000,6.0,yes,0.035,0.9111475905555232
12659,0.5386034119790359,0.9481086083937593,0.4095051964147234,Diff-Means(burn-in=6.0),DM,,,10,20,169,10000,6.0,yes,0.035,0.9111475905555232
12660,0.541294541551307,0.9538479521972077,0.4125534106459008,Diff-Means(burn-in=6.0),DM,,,10,20,169,10000,6.0,yes,0.035,0.9111475905555232
12661,0.5378742737102465,0.9455215544677562,0.40764728075750967,Diff-Means(burn-in=6.0),DM,,,10,20,169,10000,6.0,yes,0.035,0.9111475905555232
12662,0.5394983395901061,0.9447809989447727,0.4052826593546667,Diff-Means(burn-in=6.0),DM,,,10,20,169,10000,6.0,yes,0.035,0.9111475905555232
12663,0.539433770125828,0.9449133532303738,0.4054795831045458,Diff-Means(burn-in=6.0),DM,,,10,20,169,10000,6.0,yes,0.035,0.9111475905555232
12664,0.5380146633402111,0.9444460620604159,0.40643139872020484,Diff-Means(burn-in=6.0),DM,,,10,20,169,10000,6.0,yes,0.035,0.9111475905555232
12665,0.5402159373066304,0.9509730053093419,0.4107570680027115,Diff-Means(burn-in=6.0),DM,,,10,20,169,10000,6.0,yes,0.035,0.9111475905555232
12666,0.5398915590321586,0.9447932588557241,0.4049016998235655,Diff-Means(burn-in=6.0),DM,,,10,20,169,10000,6.0,yes,0.035,0.9111475905555232
12667,0.5427605347767427,0.9456047909758791,0.40284425619913644,Diff-Means(burn-in=6.0),DM,,,10,20,169,10000,6.0,yes,0.035,0.9111475905555232
12668,0.5408971534176098,0.9420438759518747,0.40114672253426487,Diff-Means(burn-in=6.0),DM,,,10,20,169,10000,6.0,yes,0.035,0.9111475905555232
12669,0.5410858577235995,0.9512043937157589,0.4101185359921594,Diff-Means(burn-in=6.0),DM,,,10,20,169,10000,6.0,yes,0.035,0.9111475905555232
12670,0.5423836683893223,0.9513989455507956,0.40901527716147335,Diff-Means(burn-in=6.0),DM,,,10,20,169,10000,6.0,yes,0.035,0.9111475905555232
12671,0.5396384783796521,0.9426244099641043,0.4029859315844523,Diff-Means(burn-in=6.0),DM,,,10,20,169,10000,6.0,yes,0.035,0.9111475905555232
12672,0.5427631997911359,0.9619224443689185,0.41915924457778264,Diff-Means(burn-in=6.0),DM,,,10,20,169,10000,6.0,yes,0.035,0.9111475905555232
12673,0.5408491041792269,0.9526288048528531,0.4117797006736261,Diff-Means(burn-in=6.0),DM,,,10,20,169,10000,6.0,yes,0.035,0.9111475905555232
12674,0.5373482437627903,0.9448040423746031,0.4074557986118128,Diff-Means(burn-in=6.0),DM,,,10,20,169,10000,6.0,yes,0.035,0.9111475905555232
12675,0.5396057257522047,0.9590009439291146,0.41939521817690995,Diff-Means(burn-in=6.0),DM,,,10,20,169,10000,6.0,yes,0.035,0.9111475905555232
12676,0.5418658510387118,0.9438752213443103,0.4020093703055986,Diff-Means(burn-in=6.0),DM,,,10,20,169,10000,6.0,yes,0.035,0.9111475905555232
12677,0.5406222442929508,0.9502176573588135,0.40959541306586267,Diff-Means(burn-in=6.0),DM,,,10,20,169,10000,6.0,yes,0.035,0.9111475905555232
12678,0.537713857631341,0.9409395202887716,0.40322566265743054,Diff-Means(burn-in=6.0),DM,,,10,20,169,10000,6.0,yes,0.035,0.9111475905555232
12679,0.5407766946416769,0.9478533182619991,0.40707662362032226,Diff-Means(burn-in=6.0),DM,,,10,20,169,10000,6.0,yes,0.035,0.9111475905555232
12680,0.5410491078617253,0.9439229507301073,0.402873842868382,Diff-Means(burn-in=6.0),DM,,,10,20,169,10000,6.0,yes,0.035,0.9111475905555232
12681,0.538118805115732,0.9507115145534087,0.4125927094376768,Diff-Means(burn-in=6.0),DM,,,10,20,169,10000,6.0,yes,0.035,0.9111475905555232
12682,0.5384489305640187,0.9471670903911604,0.40871815982714177,Diff-Means(burn-in=6.0),DM,,,10,20,169,10000,6.0,yes,0.035,0.9111475905555232
12683,0.5403713946325992,0.9440648466956282,0.403693452063029,Diff-Means(burn-in=6.0),DM,,,10,20,169,10000,6.0,yes,0.035,0.9111475905555232
12684,0.5417942793638977,0.9533736654940305,0.4115793861301328,Diff-Means(burn-in=6.0),DM,,,10,20,169,10000,6.0,yes,0.035,0.9111475905555232
12685,0.541475315325286,0.9457611813827416,0.40428586605745553,Diff-Means(burn-in=6.0),DM,,,10,20,169,10000,6.0,yes,0.035,0.9111475905555232
12686,0.5424362837342469,0.9495621399954461,0.40712585626119924,Diff-Means(burn-in=6.0),DM,,,10,20,169,10000,6.0,yes,0.035,0.9111475905555232
12687,0.5425107314088581,0.9571203862836841,0.41460965487482604,Diff-Means(burn-in=6.0),DM,,,10,20,169,10000,6.0,yes,0.035,0.9111475905555232
12688,0.540987672282346,0.9538198775410768,0.41283220525873077,Diff-Means(burn-in=6.0),DM,,,10,20,169,10000,6.0,yes,0.035,0.9111475905555232
12689,0.5428512445364616,0.9526462577528226,0.409795013216361,Diff-Means(burn-in=6.0),DM,,,10,20,169,10000,6.0,yes,0.035,0.9111475905555232
12690,0.5411724953522097,0.9563638133338632,0.41519131798165354,Diff-Means(burn-in=6.0),DM,,,10,20,169,10000,6.0,yes,0.035,0.9111475905555232
12691,0.5391278874030502,0.943227741592168,0.40409985418911787,Diff-Means(burn-in=6.0),DM,,,10,20,169,10000,6.0,yes,0.035,0.9111475905555232
12692,0.539412663338558,0.9472538571021148,0.4078411937635569,Diff-Means(burn-in=6.0),DM,,,10,20,169,10000,6.0,yes,0.035,0.9111475905555232
12693,0.5413351356356033,0.9549577615020862,0.4136226258664829,Diff-Means(burn-in=6.0),DM,,,10,20,169,10000,6.0,yes,0.035,0.9111475905555232
12694,0.5442064396669338,0.9545859140873044,0.4103794744203706,Diff-Means(burn-in=6.0),DM,,,10,20,169,10000,6.0,yes,0.035,0.9111475905555232
12695,0.5403041846255426,0.9414052300538696,0.4011010454283269,Diff-Means(burn-in=6.0),DM,,,10,20,169,10000,6.0,yes,0.035,0.9111475905555232
12696,0.5398422780073504,0.9478160097547061,0.40797373174735574,Diff-Means(burn-in=6.0),DM,,,10,20,169,10000,6.0,yes,0.035,0.9111475905555232
12697,0.5388245127472963,0.9504637162089018,0.41163920346160554,Diff-Means(burn-in=6.0),DM,,,10,20,169,10000,6.0,yes,0.035,0.9111475905555232
12698,0.5393670046359925,0.9487293503738776,0.4093623457378851,Diff-Means(burn-in=6.0),DM,,,10,20,169,10000,6.0,yes,0.035,0.9111475905555232
12699,0.5400453584411554,0.953837904729367,0.4137925462882116,Diff-Means(burn-in=6.0),DM,,,10,20,169,10000,6.0,yes,0.035,0.9111475905555232
12700,0.5377318798779014,0.949062884095904,0.4113310042180026,Diff-Means(burn-in=6.0),DM,,,10,20,169,10000,6.0,yes,0.035,0.9111475905555232
12701,0.5393335443585133,0.9425105472582889,0.40317700289977554,Diff-Means(burn-in=6.0),DM,,,10,20,169,10000,6.0,yes,0.035,0.9111475905555232
12702,0.5362002321016274,0.9397055120497555,0.4035052799481281,Diff-Means(burn-in=6.0),DM,,,10,20,169,10000,6.0,yes,0.035,0.9111475905555232
12703,0.5391550725103906,0.9492607224272552,0.4101056499168646,Diff-Means(burn-in=6.0),DM,,,10,20,169,10000,6.0,yes,0.035,0.9111475905555232
12704,0.5410073855713191,0.9526958736261338,0.4116884880548147,Diff-Means(burn-in=6.0),DM,,,10,20,169,10000,6.0,yes,0.035,0.9111475905555232
12705,0.5418702960911912,0.9496485624154613,0.40777826632427006,Diff-Means(burn-in=6.0),DM,,,10,20,169,10000,6.0,yes,0.035,0.9111475905555232
12706,0.5387167931154113,0.945826633885446,0.40710984077003465,Diff-Means(burn-in=6.0),DM,,,10,20,169,10000,6.0,yes,0.035,0.9111475905555232
12707,0.5417823189109754,0.9457818318693223,0.4039995129583469,Diff-Means(burn-in=6.0),DM,,,10,20,169,10000,6.0,yes,0.035,0.9111475905555232
12708,0.5386481152323116,0.9449482993222227,0.4063001840899111,Diff-Means(burn-in=6.0),DM,,,10,20,169,10000,6.0,yes,0.035,0.9111475905555232
12709,0.5409708064292517,0.956720817558184,0.4157500111289323,Diff-Means(burn-in=6.0),DM,,,10,20,169,10000,6.0,yes,0.035,0.9111475905555232
12710,0.5406481479850466,0.9472590956335328,0.40661094764848627,Diff-Means(burn-in=6.0),DM,,,10,20,169,10000,6.0,yes,0.035,0.9111475905555232
12711,0.5386319473415316,0.9424448457606441,0.4038128984191125,Diff-Means(burn-in=6.0),DM,,,10,20,169,10000,6.0,yes,0.035,0.9111475905555232
12712,0.5428992486228644,0.9495365961641903,0.40663734754132586,Diff-Means(burn-in=6.0),DM,,,10,20,169,10000,6.0,yes,0.035,0.9111475905555232
12713,0.5424447964306967,0.9514858521714223,0.4090410557407257,Diff-Means(burn-in=6.0),DM,,,10,20,169,10000,6.0,yes,0.035,0.9111475905555232
12714,0.5393131674212877,0.9497185254695132,0.41040535804822553,Diff-Means(burn-in=6.0),DM,,,10,20,169,10000,6.0,yes,0.035,0.9111475905555232
12715,0.5410130378031115,0.9472787582286462,0.40626572042553466,Diff-Means(burn-in=6.0),DM,,,10,20,169,10000,6.0,yes,0.035,0.9111475905555232
12716,0.5419419513686909,0.9524367926366991,0.41049484126800817,Diff-Means(burn-in=6.0),DM,,,10,20,169,10000,6.0,yes,0.035,0.9111475905555232
12717,0.5409768670755387,0.9435881218517812,0.4026112547762425,Diff-Means(burn-in=6.0),DM,,,10,20,169,10000,6.0,yes,0.035,0.9111475905555232
12718,0.5407045847265977,0.9435942811971623,0.4028896964705646,Diff-Means(burn-in=6.0),DM,,,10,20,169,10000,6.0,yes,0.035,0.9111475905555232
12719,0.5419956709900994,0.9477916632855065,0.4057959922954071,Diff-Means(burn-in=6.0),DM,,,10,20,169,10000,6.0,yes,0.035,0.9111475905555232
12720,0.5394704953385807,0.9637313258458289,0.42426083050724817,Diff-Means(burn-in=6.0),DM,,,10,20,169,10000,6.0,yes,0.035,0.9111475905555232
12721,0.5379115900642457,0.9483174802149679,0.41040589015072215,Diff-Means(burn-in=6.0),DM,,,10,20,169,10000,6.0,yes,0.035,0.9111475905555232
12722,0.5409785563347411,0.9517125004825737,0.4107339441478326,Diff-Means(burn-in=6.0),DM,,,10,20,169,10000,6.0,yes,0.035,0.9111475905555232
12723,0.5431241623409729,0.9527462457723282,0.4096220834313553,Diff-Means(burn-in=6.0),DM,,,10,20,169,10000,6.0,yes,0.035,0.9111475905555232
12724,0.5393779572462226,0.9498474624564248,0.4104695052102022,Diff-Means(burn-in=6.0),DM,,,10,20,169,10000,6.0,yes,0.035,0.9111475905555232
12725,0.5403641173847563,0.9514333997173582,0.41106928233260187,Diff-Means(burn-in=6.0),DM,,,10,20,169,10000,6.0,yes,0.035,0.9111475905555232
12726,0.538943302516989,0.9517331128913584,0.41278981037436946,Diff-Means(burn-in=6.0),DM,,,10,20,169,10000,6.0,yes,0.035,0.9111475905555232
12727,0.5391744309385025,0.9539793863071094,0.41480495536860695,Diff-Means(burn-in=6.0),DM,,,10,20,169,10000,6.0,yes,0.035,0.9111475905555232
12728,0.5418309235666637,0.9536191648334014,0.41178824126673763,Diff-Means(burn-in=6.0),DM,,,10,20,169,10000,6.0,yes,0.035,0.9111475905555232
12729,0.5374108184498438,0.937507115347905,0.40009629689806114,Diff-Means(burn-in=6.0),DM,,,10,20,169,10000,6.0,yes,0.035,0.9111475905555232
12730,0.5406193569506514,0.9418665803470491,0.4012472233963976,Diff-Means(burn-in=6.0),DM,,,10,20,169,10000,6.0,yes,0.035,0.9111475905555232
12731,0.5388960902558413,0.9385628142542715,0.3996667239984302,Diff-Means(burn-in=6.0),DM,,,10,20,169,10000,6.0,yes,0.035,0.9111475905555232
12732,0.5409883993516496,0.9465247804384102,0.4055363810867606,Diff-Means(burn-in=6.0),DM,,,10,20,169,10000,6.0,yes,0.035,0.9111475905555232
12733,0.5390063626532737,0.9458434455581454,0.40683708290487164,Diff-Means(burn-in=6.0),DM,,,10,20,169,10000,6.0,yes,0.035,0.9111475905555232
12734,0.5391488434129695,0.9483939661553588,0.4092451227423892,Diff-Means(burn-in=6.0),DM,,,10,20,169,10000,6.0,yes,0.035,0.9111475905555232
12735,0.5390464634666212,0.9497437100183223,0.41069724655170103,Diff-Means(burn-in=6.0),DM,,,10,20,169,10000,6.0,yes,0.035,0.9111475905555232
12736,0.5402039033560546,0.9407905201308961,0.40058661677484153,Diff-Means(burn-in=6.0),DM,,,10,20,169,10000,6.0,yes,0.035,0.9111475905555232
12737,0.5384695533011787,0.9407767613241119,0.4023072080229332,Diff-Means(burn-in=6.0),DM,,,10,20,169,10000,6.0,yes,0.035,0.9111475905555232
12738,0.5384514946332056,0.9440834458883653,0.4056319512551597,Diff-Means(burn-in=6.0),DM,,,10,20,169,10000,6.0,yes,0.035,0.9111475905555232
12739,0.5381695167942252,0.946988294414371,0.40881877762014585,Diff-Means(burn-in=6.0),DM,,,10,20,169,10000,6.0,yes,0.035,0.9111475905555232
12740,0.5411148340128564,0.9547985018884277,0.4136836678755713,Diff-Means(burn-in=6.0),DM,,,10,20,169,10000,6.0,yes,0.035,0.9111475905555232
12741,0.5393492922564896,0.9451545443407741,0.4058052520842844,Diff-Means(burn-in=6.0),DM,,,10,20,169,10000,6.0,yes,0.035,0.9111475905555232
12742,0.5398640105701236,0.9379876274300569,0.39812361685993336,Diff-Means(burn-in=6.0),DM,,,10,20,169,10000,6.0,yes,0.035,0.9111475905555232
12743,0.5412503527986959,0.9480350900687058,0.40678473727000986,Diff-Means(burn-in=6.0),DM,,,10,20,169,10000,6.0,yes,0.035,0.9111475905555232
12744,0.5398186868722524,0.9504443630236777,0.4106256761514253,Diff-Means(burn-in=6.0),DM,,,10,20,169,10000,6.0,yes,0.035,0.9111475905555232
12745,0.5401498297182944,0.9490109313774757,0.4088611016591813,Diff-Means(burn-in=6.0),DM,,,10,20,169,10000,6.0,yes,0.035,0.9111475905555232
12746,0.5388158982363412,0.9496239504568265,0.4108080522204852,Diff-Means(burn-in=6.0),DM,,,10,20,169,10000,6.0,yes,0.035,0.9111475905555232
12747,0.5394050650358599,0.952865115984058,0.41346005094819804,Diff-Means(burn-in=6.0),DM,,,10,20,169,10000,6.0,yes,0.035,0.9111475905555232
12748,0.5410096679176551,0.9489684319843948,0.4079587640667397,Diff-Means(burn-in=6.0),DM,,,10,20,169,10000,6.0,yes,0.035,0.9111475905555232
12749,0.5388961344188311,0.9489606745994169,0.4100645401805858,Diff-Means(burn-in=6.0),DM,,,10,20,169,10000,6.0,yes,0.035,0.9111475905555232
12750,0.5402056662318593,0.9513826243089237,0.41117695807706445,Diff-Means(burn-in=6.0),DM,,,10,20,169,10000,6.0,yes,0.035,0.9111475905555232
12751,0.5410429766723553,0.9415734519659535,0.4005304752935982,Diff-Means(burn-in=6.0),DM,,,10,20,169,10000,6.0,yes,0.035,0.9111475905555232
12752,0.5385186163693679,0.9503717029738334,0.4118530866044655,Diff-Means(burn-in=6.0),DM,,,10,20,169,10000,6.0,yes,0.035,0.9111475905555232
12753,0.5409976632756411,0.954893739543802,0.41389607626816083,Diff-Means(burn-in=6.0),DM,,,10,20,169,10000,6.0,yes,0.035,0.9111475905555232
12754,0.5412849734485536,0.953501558658642,0.4122165852100883,Diff-Means(burn-in=6.0),DM,,,10,20,169,10000,6.0,yes,0.035,0.9111475905555232
12755,0.5389028096869833,0.9459130374571242,0.40701022777014084,Diff-Means(burn-in=6.0),DM,,,10,20,169,10000,6.0,yes,0.035,0.9111475905555232
12756,0.5393752412457437,0.9469274045148023,0.40755216326905863,Diff-Means(burn-in=6.0),DM,,,10,20,169,10000,6.0,yes,0.035,0.9111475905555232
12757,0.5415844611116202,0.9491859635494111,0.4076015024377909,Diff-Means(burn-in=6.0),DM,,,10,20,169,10000,6.0,yes,0.035,0.9111475905555232
12758,0.5420439267632092,0.9571864264014381,0.4151424996382289,Diff-Means(burn-in=6.0),DM,,,10,20,169,10000,6.0,yes,0.035,0.9111475905555232
12759,0.5411138487499465,0.9532540816911715,0.41214023294122504,Diff-Means(burn-in=6.0),DM,,,10,20,169,10000,6.0,yes,0.035,0.9111475905555232
12760,0.5418076837242424,0.9507721195441049,0.4089644358198625,Diff-Means(burn-in=6.0),DM,,,10,20,169,10000,6.0,yes,0.035,0.9111475905555232
12761,0.5392642576097653,0.9406778106355097,0.40141355302574444,Diff-Means(burn-in=6.0),DM,,,10,20,169,10000,6.0,yes,0.035,0.9111475905555232
12762,0.5414267076527918,0.9455782493138264,0.4041515416610346,Diff-Means(burn-in=6.0),DM,,,10,20,169,10000,6.0,yes,0.035,0.9111475905555232
12763,0.5377648336338687,0.9437375908451255,0.4059727572112568,Diff-Means(burn-in=6.0),DM,,,10,20,169,10000,6.0,yes,0.035,0.9111475905555232
12764,0.5385603848896668,0.942642330851389,0.4040819459617222,Diff-Means(burn-in=6.0),DM,,,10,20,169,10000,6.0,yes,0.035,0.9111475905555232
12765,0.5408991612074341,0.943287416414737,0.4023882552073029,Diff-Means(burn-in=6.0),DM,,,10,20,169,10000,6.0,yes,0.035,0.9111475905555232
12766,0.5384579179548171,0.9503233104043651,0.411865392449548,Diff-Means(burn-in=6.0),DM,,,10,20,169,10000,6.0,yes,0.035,0.9111475905555232
12767,0.5392585266379288,0.9468159445365552,0.4075574178986263,Diff-Means(burn-in=6.0),DM,,,10,20,169,10000,6.0,yes,0.035,0.9111475905555232
12768,0.5406159085001295,0.942280488027162,0.4016645795270325,Diff-Means(burn-in=6.0),DM,,,10,20,169,10000,6.0,yes,0.035,0.9111475905555232
12769,0.5403620836804114,0.9493180931507499,0.4089560094703385,Diff-Means(burn-in=6.0),DM,,,10,20,169,10000,6.0,yes,0.035,0.9111475905555232
12770,0.5412530811861582,0.9499599931684073,0.40870691198224907,Diff-Means(burn-in=6.0),DM,,,10,20,169,10000,6.0,yes,0.035,0.9111475905555232
12771,0.5405450710504459,0.9453443081336453,0.4047992370831994,Diff-Means(burn-in=6.0),DM,,,10,20,169,10000,6.0,yes,0.035,0.9111475905555232
12772,0.5379101059367967,0.9469719167644486,0.4090618108276519,Diff-Means(burn-in=6.0),DM,,,10,20,169,10000,6.0,yes,0.035,0.9111475905555232
12773,0.5422475360484367,0.9503455719533693,0.40809803590493265,Diff-Means(burn-in=6.0),DM,,,10,20,169,10000,6.0,yes,0.035,0.9111475905555232
12774,0.540300194552101,0.9430523292416636,0.4027521346895626,Diff-Means(burn-in=6.0),DM,,,10,20,169,10000,6.0,yes,0.035,0.9111475905555232
12775,0.5408477030061161,0.9493087872040646,0.4084610841979486,Diff-Means(burn-in=6.0),DM,,,10,20,169,10000,6.0,yes,0.035,0.9111475905555232
12776,0.5404834555710576,0.9483844298290488,0.4079009742579912,Diff-Means(burn-in=6.0),DM,,,10,20,169,10000,6.0,yes,0.035,0.9111475905555232
12777,0.5408497697794286,0.9607386754905761,0.41988890571114756,Diff-Means(burn-in=6.0),DM,,,10,20,169,10000,6.0,yes,0.035,0.9111475905555232
12778,0.5376381748149445,0.9514202626712803,0.41378208785633586,Diff-Means(burn-in=6.0),DM,,,10,20,169,10000,6.0,yes,0.035,0.9111475905555232
12779,0.538896317111772,0.9436305327908012,0.40473421567902923,Diff-Means(burn-in=6.0),DM,,,10,20,169,10000,6.0,yes,0.035,0.9111475905555232
12780,0.539472939480634,0.9541511830089623,0.41467824352832827,Diff-Means(burn-in=6.0),DM,,,10,20,169,10000,6.0,yes,0.035,0.9111475905555232
12781,0.5412437483418925,0.9453539201184981,0.4041101717766056,Diff-Means(burn-in=6.0),DM,,,10,20,169,10000,6.0,yes,0.035,0.9111475905555232
12782,0.5419123715363894,0.9443057740823347,0.40239340254594536,Diff-Means(burn-in=6.0),DM,,,10,20,169,10000,6.0,yes,0.035,0.9111475905555232
12783,0.5404344268236217,0.9525021125672793,0.4120676857436576,Diff-Means(burn-in=6.0),DM,,,10,20,169,10000,6.0,yes,0.035,0.9111475905555232
12784,0.5407528425353957,0.9516024246277294,0.4108495820923337,Diff-Means(burn-in=6.0),DM,,,10,20,169,10000,6.0,yes,0.035,0.9111475905555232
12785,0.5389123259524301,0.9483983953696855,0.4094860694172554,Diff-Means(burn-in=6.0),DM,,,10,20,169,10000,6.0,yes,0.035,0.9111475905555232
12786,0.5434792506503129,0.9481164073134776,0.4046371566631647,Diff-Means(burn-in=6.0),DM,,,10,20,169,10000,6.0,yes,0.035,0.9111475905555232
12787,0.5394240442671743,0.9568746382526513,0.417450593985477,Diff-Means(burn-in=6.0),DM,,,10,20,169,10000,6.0,yes,0.035,0.9111475905555232
12788,0.5371797326983476,0.9506625064520209,0.41348277375367326,Diff-Means(burn-in=6.0),DM,,,10,20,169,10000,6.0,yes,0.035,0.9111475905555232
12789,0.5399450861377674,0.9519263414624987,0.4119812553247313,Diff-Means(burn-in=6.0),DM,,,10,20,169,10000,6.0,yes,0.035,0.9111475905555232
12790,0.5399790382540843,0.9508448951572251,0.4108658569031408,Diff-Means(burn-in=6.0),DM,,,10,20,169,10000,6.0,yes,0.035,0.9111475905555232
12791,0.5418761480249955,0.9501745186741306,0.4082983706491351,Diff-Means(burn-in=6.0),DM,,,10,20,169,10000,6.0,yes,0.035,0.9111475905555232
12792,0.5405188986631951,0.9565131745538539,0.41599427589065874,Diff-Means(burn-in=6.0),DM,,,10,20,169,10000,6.0,yes,0.035,0.9111475905555232
12793,0.5424120370777025,0.9570805537637059,0.41466851668600346,Diff-Means(burn-in=6.0),DM,,,10,20,169,10000,6.0,yes,0.035,0.9111475905555232
12794,0.5415580424611163,0.9455080627217753,0.40395002026065907,Diff-Means(burn-in=6.0),DM,,,10,20,169,10000,6.0,yes,0.035,0.9111475905555232
12795,0.5408111983747155,0.9437847934766803,0.40297359510196484,Diff-Means(burn-in=6.0),DM,,,10,20,169,10000,6.0,yes,0.035,0.9111475905555232
12796,0.540193032898561,0.9485004812009586,0.4083074483023976,Diff-Means(burn-in=6.0),DM,,,10,20,169,10000,6.0,yes,0.035,0.9111475905555232
12797,0.5424462305508513,0.9466956680060263,0.40424943745517505,Diff-Means(burn-in=6.0),DM,,,10,20,169,10000,6.0,yes,0.035,0.9111475905555232
12798,0.5405319156879764,0.9441502203082748,0.40361830462029835,Diff-Means(burn-in=6.0),DM,,,10,20,169,10000,6.0,yes,0.035,0.9111475905555232
12799,0.5396960195239509,0.9591911538358125,0.4194951343118617,Diff-Means(burn-in=6.0),DM,,,10,20,169,10000,6.0,yes,0.035,0.9111475905555232
12800,0.5389181342578486,0.9491107242279281,0.41019258997007946,Diff-Means(burn-in=6.0),DM,,,10,20,169,10000,6.0,yes,0.035,0.9111475905555232
12801,0.5402075456416947,0.9440646078615573,0.4038570622198626,Diff-Means(burn-in=6.0),DM,,,10,20,169,10000,6.0,yes,0.035,0.9111475905555232
12802,0.5391099809431444,0.949727816283481,0.4106178353403366,Diff-Means(burn-in=6.0),DM,,,10,20,169,10000,6.0,yes,0.035,0.9111475905555232
12803,0.5391610476645986,0.9545769999194689,0.41541595225487027,Diff-Means(burn-in=6.0),DM,,,10,20,169,10000,6.0,yes,0.035,0.9111475905555232
12804,0.5401162876183581,0.9492744622426936,0.40915817462433557,Diff-Means(burn-in=6.0),DM,,,10,20,169,10000,6.0,yes,0.035,0.9111475905555232
12805,0.5402777679369706,0.9496415902230749,0.40936382228610435,Diff-Means(burn-in=6.0),DM,,,10,20,169,10000,6.0,yes,0.035,0.9111475905555232
12806,0.5397793748173577,0.9484096336303797,0.40863025881302195,Diff-Means(burn-in=6.0),DM,,,10,20,169,10000,6.0,yes,0.035,0.9111475905555232
12807,0.5430535419642334,0.9526005085225422,0.4095469665583088,Diff-Means(burn-in=6.0),DM,,,10,20,169,10000,6.0,yes,0.035,0.9111475905555232
12808,0.5399011389162737,0.9503173800472109,0.4104162411309372,Diff-Means(burn-in=6.0),DM,,,10,20,169,10000,6.0,yes,0.035,0.9111475905555232
12809,0.5394841730082317,0.9492855455635877,0.409801372555356,Diff-Means(burn-in=6.0),DM,,,10,20,169,10000,6.0,yes,0.035,0.9111475905555232
12810,0.5401645064810324,0.9460387072659475,0.4058742007849151,Diff-Means(burn-in=6.0),DM,,,10,20,169,10000,6.0,yes,0.035,0.9111475905555232
12811,0.5395076130926434,0.9400089076406482,0.40050129454800476,Diff-Means(burn-in=6.0),DM,,,10,20,169,10000,6.0,yes,0.035,0.9111475905555232
12812,0.5407456911520055,0.9503786946341369,0.4096330034821314,Diff-Means(burn-in=6.0),DM,,,10,20,169,10000,6.0,yes,0.035,0.9111475905555232
12813,0.5414525421612387,0.9478446272825946,0.40639208512135583,Diff-Means(burn-in=6.0),DM,,,10,20,169,10000,6.0,yes,0.035,0.9111475905555232
12814,0.5377359988367736,0.9514151169061736,0.41367911806940005,Diff-Means(burn-in=6.0),DM,,,10,20,169,10000,6.0,yes,0.035,0.9111475905555232
12815,0.539429280177561,0.9486276584625085,0.40919837828494754,Diff-Means(burn-in=6.0),DM,,,10,20,169,10000,6.0,yes,0.035,0.9111475905555232
12816,0.5386440091082608,0.9400694532455698,0.40142544413730896,Diff-Means(burn-in=6.0),DM,,,10,20,169,10000,6.0,yes,0.035,0.9111475905555232
12817,0.5387718094009327,0.9403827317521065,0.4016109223511738,Diff-Means(burn-in=6.0),DM,,,10,20,169,10000,6.0,yes,0.035,0.9111475905555232
12818,0.5390497518627019,0.944100759254002,0.4050510073913002,Diff-Means(burn-in=6.0),DM,,,10,20,169,10000,6.0,yes,0.035,0.9111475905555232
12819,0.5407280811954832,0.9463625946251042,0.405634513429621,Diff-Means(burn-in=6.0),DM,,,10,20,169,10000,6.0,yes,0.035,0.9111475905555232
12820,0.538413098208816,0.9479568988324145,0.4095438006235985,Diff-Means(burn-in=6.0),DM,,,10,20,169,10000,6.0,yes,0.035,0.9111475905555232
12821,0.5421429811586606,0.9489357543760939,0.40679277321743335,Diff-Means(burn-in=6.0),DM,,,10,20,169,10000,6.0,yes,0.035,0.9111475905555232
12822,0.5428507628920894,0.9546000921359558,0.4117493292438663,Diff-Means(burn-in=6.0),DM,,,10,20,169,10000,6.0,yes,0.035,0.9111475905555232
12823,0.5403077603502988,0.962927053707332,0.4226192933570332,Diff-Means(burn-in=6.0),DM,,,10,20,169,10000,6.0,yes,0.035,0.9111475905555232
12824,0.5390345225972984,0.9424984595311422,0.40346393693384375,Diff-Means(burn-in=6.0),DM,,,10,20,169,10000,6.0,yes,0.035,0.9111475905555232
12825,0.5424872851135757,0.9384468255462751,0.39595954043269943,Diff-Means(burn-in=6.0),DM,,,10,20,169,10000,6.0,yes,0.035,0.9111475905555232
12826,0.5384344966667345,0.9348754618624884,0.3964409651957539,Diff-Means(burn-in=6.0),DM,,,10,20,169,10000,6.0,yes,0.035,0.9111475905555232
12827,0.5427031698567951,0.9452978407107392,0.40259467085394407,Diff-Means(burn-in=6.0),DM,,,10,20,169,10000,6.0,yes,0.035,0.9111475905555232
12828,0.5382394616157162,0.9512969381254957,0.4130574765097794,Diff-Means(burn-in=6.0),DM,,,10,20,169,10000,6.0,yes,0.035,0.9111475905555232
12829,0.5387885404162086,0.9492090229550991,0.4104204825388905,Diff-Means(burn-in=6.0),DM,,,10,20,169,10000,6.0,yes,0.035,0.9111475905555232
12830,0.5378574151279627,0.943459369807377,0.4056019546794143,Diff-Means(burn-in=6.0),DM,,,10,20,169,10000,6.0,yes,0.035,0.9111475905555232
12831,0.5390431257739046,0.9388360484013573,0.3997929226274527,Diff-Means(burn-in=6.0),DM,,,10,20,169,10000,6.0,yes,0.035,0.9111475905555232
12832,0.5391824056755767,0.9492996074001908,0.4101172017246141,Diff-Means(burn-in=6.0),DM,,,10,20,169,10000,6.0,yes,0.035,0.9111475905555232
12833,0.5443826640273781,0.9549641990488962,0.41058153502151806,Diff-Means(burn-in=6.0),DM,,,10,20,169,10000,6.0,yes,0.035,0.9111475905555232
12834,0.5400557073950131,0.9510523442056511,0.410996636810638,Diff-Means(burn-in=6.0),DM,,,10,20,169,10000,6.0,yes,0.035,0.9111475905555232
12835,0.5393052921111242,0.9505877711286375,0.41128247901751325,Diff-Means(burn-in=6.0),DM,,,10,20,169,10000,6.0,yes,0.035,0.9111475905555232
12836,0.5381062085065291,0.941225699186779,0.4031194906802499,Diff-Means(burn-in=6.0),DM,,,10,20,169,10000,6.0,yes,0.035,0.9111475905555232
12837,0.540535706584186,0.9475882329602983,0.4070525263761122,Diff-Means(burn-in=6.0),DM,,,10,20,169,10000,6.0,yes,0.035,0.9111475905555232
12838,0.539564873793297,0.9459374739406599,0.4063726001473629,Diff-Means(burn-in=6.0),DM,,,10,20,169,10000,6.0,yes,0.035,0.9111475905555232
12839,0.5395417990096968,0.9421840873017042,0.40264228829200743,Diff-Means(burn-in=6.0),DM,,,10,20,169,10000,6.0,yes,0.035,0.9111475905555232
12840,0.5373027047309781,0.9450692066280428,0.40776650189706476,Diff-Means(burn-in=6.0),DM,,,10,20,169,10000,6.0,yes,0.035,0.9111475905555232
12841,0.5392377713273162,0.9471055516779745,0.4078677803506583,Diff-Means(burn-in=6.0),DM,,,10,20,169,10000,6.0,yes,0.035,0.9111475905555232
12842,0.5416251788002705,0.9490740030666246,0.4074488242663541,Diff-Means(burn-in=6.0),DM,,,10,20,169,10000,6.0,yes,0.035,0.9111475905555232
12843,0.5405612315195614,0.9394012285177655,0.39883999699820416,Diff-Means(burn-in=6.0),DM,,,10,20,169,10000,6.0,yes,0.035,0.9111475905555232
12844,0.5386298899639301,0.9572267023634647,0.4185968123995346,Diff-Means(burn-in=6.0),DM,,,10,20,169,10000,6.0,yes,0.035,0.9111475905555232
12845,0.5412011369753605,0.9440318571613558,0.4028307201859953,Diff-Means(burn-in=6.0),DM,,,10,20,169,10000,6.0,yes,0.035,0.9111475905555232
12846,0.5395938357656052,0.9382217598119086,0.39862792404630343,Diff-Means(burn-in=6.0),DM,,,10,20,169,10000,6.0,yes,0.035,0.9111475905555232
12847,0.539973221510385,0.9528135687189436,0.41284034720855867,Diff-Means(burn-in=6.0),DM,,,10,20,169,10000,6.0,yes,0.035,0.9111475905555232
12848,0.5383408798134379,0.941506627549756,0.4031657477363181,Diff-Means(burn-in=6.0),DM,,,10,20,169,10000,6.0,yes,0.035,0.9111475905555232
12849,0.5404077544500219,0.9461104284800409,0.40570267403001903,Diff-Means(burn-in=6.0),DM,,,10,20,169,10000,6.0,yes,0.035,0.9111475905555232
12850,0.5420285913919811,0.9521036685517026,0.41007507715972147,Diff-Means(burn-in=6.0),DM,,,10,20,169,10000,6.0,yes,0.035,0.9111475905555232
12851,0.5393148895675083,0.945739323467512,0.4064244339000037,Diff-Means(burn-in=6.0),DM,,,10,20,169,10000,6.0,yes,0.035,0.9111475905555232
12852,0.5405121282164131,0.9510445525063754,0.4105324242899623,Diff-Means(burn-in=6.0),DM,,,10,20,169,10000,6.0,yes,0.035,0.9111475905555232
12853,0.5395552473751833,0.9488349150938566,0.4092796677186733,Diff-Means(burn-in=6.0),DM,,,10,20,169,10000,6.0,yes,0.035,0.9111475905555232
12854,0.5378626566608723,0.9337117089449349,0.39584905228406264,Diff-Means(burn-in=6.0),DM,,,10,20,169,10000,6.0,yes,0.035,0.9111475905555232
12855,0.5394432861490889,0.943364201282689,0.4039209151336002,Diff-Means(burn-in=6.0),DM,,,10,20,169,10000,6.0,yes,0.035,0.9111475905555232
12856,0.5416556784762429,0.9605044414130836,0.4188487629368407,Diff-Means(burn-in=6.0),DM,,,10,20,169,10000,6.0,yes,0.035,0.9111475905555232
12857,0.5427541820920163,0.9570632640281946,0.4143090819361783,Diff-Means(burn-in=6.0),DM,,,10,20,169,10000,6.0,yes,0.035,0.9111475905555232
12858,0.5417772505644532,0.9505506705977823,0.40877342003332906,Diff-Means(burn-in=6.0),DM,,,10,20,169,10000,6.0,yes,0.035,0.9111475905555232
12859,0.5395682073664916,0.9485893260687224,0.4090211187022308,Diff-Means(burn-in=6.0),DM,,,10,20,169,10000,6.0,yes,0.035,0.9111475905555232
12860,0.5397672973539774,0.9422517585097084,0.402484461155731,Diff-Means(burn-in=6.0),DM,,,10,20,169,10000,6.0,yes,0.035,0.9111475905555232
12861,0.5395910670126233,0.9568823144294031,0.4172912474167798,Diff-Means(burn-in=6.0),DM,,,10,20,169,10000,6.0,yes,0.035,0.9111475905555232
12862,0.541092385751167,0.9542999578298221,0.4132075720786551,Diff-Means(burn-in=6.0),DM,,,10,20,169,10000,6.0,yes,0.035,0.9111475905555232
12863,0.5378515440043511,0.9375296945636232,0.39967815055927214,Diff-Means(burn-in=6.0),DM,,,10,20,169,10000,6.0,yes,0.035,0.9111475905555232
12864,0.5398263599694134,0.9490727260246739,0.40924636605526044,Diff-Means(burn-in=6.0),DM,,,10,20,169,10000,6.0,yes,0.035,0.9111475905555232
12865,0.5422732629266804,0.9505964111809156,0.4083231482542352,Diff-Means(burn-in=6.0),DM,,,10,20,169,10000,6.0,yes,0.035,0.9111475905555232
12866,0.5443794607402616,0.9509430599402662,0.4065635992000046,Diff-Means(burn-in=6.0),DM,,,10,20,169,10000,6.0,yes,0.035,0.9111475905555232
12867,0.5418432444629704,0.9443669743322886,0.40252372986931817,Diff-Means(burn-in=6.0),DM,,,10,20,169,10000,6.0,yes,0.035,0.9111475905555232
12868,0.5419471285739591,0.9569859200948582,0.41503879152089906,Diff-Means(burn-in=6.0),DM,,,10,20,169,10000,6.0,yes,0.035,0.9111475905555232
12869,0.5402274972153694,0.9438723147520999,0.4036448175367304,Diff-Means(burn-in=6.0),DM,,,10,20,169,10000,6.0,yes,0.035,0.9111475905555232
12870,0.5391565186286049,0.9456277267794435,0.4064712081508386,Diff-Means(burn-in=6.0),DM,,,10,20,169,10000,6.0,yes,0.035,0.9111475905555232
12871,0.5394124822175731,0.9470587804720372,0.4076462982544641,Diff-Means(burn-in=6.0),DM,,,10,20,169,10000,6.0,yes,0.035,0.9111475905555232
12872,0.539445675217598,0.9521841826568999,0.41273850743930185,Diff-Means(burn-in=6.0),DM,,,10,20,169,10000,6.0,yes,0.035,0.9111475905555232
12873,0.540493407535821,0.9452690916711171,0.4047756841352961,Diff-Means(burn-in=6.0),DM,,,10,20,169,10000,6.0,yes,0.035,0.9111475905555232
12874,0.5401986515836055,0.9533779576939083,0.41317930611030285,Diff-Means(burn-in=6.0),DM,,,10,20,169,10000,6.0,yes,0.035,0.9111475905555232
12875,0.5392533523555473,0.9453111696676779,0.40605781731213064,Diff-Means(burn-in=6.0),DM,,,10,20,169,10000,6.0,yes,0.035,0.9111475905555232
12876,0.5376821186881705,0.9373673644395708,0.3996852457514003,Diff-Means(burn-in=6.0),DM,,,10,20,169,10000,6.0,yes,0.035,0.9111475905555232
12877,0.5398654956358417,0.9555499257443502,0.4156844301085084,Diff-Means(burn-in=6.0),DM,,,10,20,169,10000,6.0,yes,0.035,0.9111475905555232
12878,0.537899684852085,0.9377628449669346,0.3998631601148497,Diff-Means(burn-in=6.0),DM,,,10,20,169,10000,6.0,yes,0.035,0.9111475905555232
12879,0.5397454427355498,0.9423679414421102,0.4026224987065604,Diff-Means(burn-in=6.0),DM,,,10,20,169,10000,6.0,yes,0.035,0.9111475905555232
12880,0.5433963952585803,0.9464023551405661,0.40300595988198584,Diff-Means(burn-in=6.0),DM,,,10,20,169,10000,6.0,yes,0.035,0.9111475905555232
12881,0.5380343257429184,0.9409045270645874,0.40287020132166895,Diff-Means(burn-in=6.0),DM,,,10,20,169,10000,6.0,yes,0.035,0.9111475905555232
12882,0.5410309013249986,0.9502013902427717,0.4091704889177731,Diff-Means(burn-in=6.0),DM,,,10,20,169,10000,6.0,yes,0.035,0.9111475905555232
12883,0.5416920276555478,0.9470238454048158,0.40533181774926796,Diff-Means(burn-in=6.0),DM,,,10,20,169,10000,6.0,yes,0.035,0.9111475905555232
12884,0.5374182998979218,0.949587848392168,0.41216954849424625,Diff-Means(burn-in=6.0),DM,,,10,20,169,10000,6.0,yes,0.035,0.9111475905555232
12885,0.5400029489686338,0.9470972061174198,0.407094257148786,Diff-Means(burn-in=6.0),DM,,,10,20,169,10000,6.0,yes,0.035,0.9111475905555232
12886,0.5390821492659006,0.9495562969885534,0.4104741477226528,Diff-Means(burn-in=6.0),DM,,,10,20,169,10000,6.0,yes,0.035,0.9111475905555232
12887,0.5396724699666016,0.9453533082806795,0.405680838314078,Diff-Means(burn-in=6.0),DM,,,10,20,169,10000,6.0,yes,0.035,0.9111475905555232
12888,0.541175158627692,0.9578883046973089,0.41671314606961685,Diff-Means(burn-in=6.0),DM,,,10,20,169,10000,6.0,yes,0.035,0.9111475905555232
12889,0.5403399277088391,0.9415361928865248,0.4011962651776857,Diff-Means(burn-in=6.0),DM,,,10,20,169,10000,6.0,yes,0.035,0.9111475905555232
12890,0.5392959215713848,0.9395395390547382,0.40024361748335335,Diff-Means(burn-in=6.0),DM,,,10,20,169,10000,6.0,yes,0.035,0.9111475905555232
12891,0.5401417949351304,0.9523582154406788,0.4122164205055484,Diff-Means(burn-in=6.0),DM,,,10,20,169,10000,6.0,yes,0.035,0.9111475905555232
12892,0.5410926118475882,0.9549279571857944,0.4138353453382062,Diff-Means(burn-in=6.0),DM,,,10,20,169,10000,6.0,yes,0.035,0.9111475905555232
12893,0.541409549443594,0.948262564849378,0.406853015405784,Diff-Means(burn-in=6.0),DM,,,10,20,169,10000,6.0,yes,0.035,0.9111475905555232
12894,0.541723665973729,0.9538345886763603,0.4121109227026313,Diff-Means(burn-in=6.0),DM,,,10,20,169,10000,6.0,yes,0.035,0.9111475905555232
12895,0.540160747072044,0.9487379591324125,0.40857721206036857,Diff-Means(burn-in=6.0),DM,,,10,20,169,10000,6.0,yes,0.035,0.9111475905555232
12896,0.5399586012006709,0.9478537139177504,0.40789511271707957,Diff-Means(burn-in=6.0),DM,,,10,20,169,10000,6.0,yes,0.035,0.9111475905555232
12897,0.5404124994373999,0.9443919610892393,0.4039794616518394,Diff-Means(burn-in=6.0),DM,,,10,20,169,10000,6.0,yes,0.035,0.9111475905555232
12898,0.5391192590046489,0.9456860601183493,0.40656680111370047,Diff-Means(burn-in=6.0),DM,,,10,20,169,10000,6.0,yes,0.035,0.9111475905555232
12899,0.5410333894229856,0.9524574073249811,0.41142401790199545,Diff-Means(burn-in=6.0),DM,,,10,20,169,10000,6.0,yes,0.035,0.9111475905555232
12900,0.5404996406115626,0.9584843584765954,0.4179847178650328,Diff-Means(burn-in=6.0),DM,,,10,20,169,10000,6.0,yes,0.035,0.9111475905555232
12901,0.5406949299267585,0.9431275782370822,0.40243264831032366,Diff-Means(burn-in=6.0),DM,,,10,20,169,10000,6.0,yes,0.035,0.9111475905555232
12902,0.5414114240369841,0.949591913268866,0.408180489231882,Diff-Means(burn-in=6.0),DM,,,10,20,169,10000,6.0,yes,0.035,0.9111475905555232
12903,0.5399550684834177,0.9511865421366197,0.411231473653202,Diff-Means(burn-in=6.0),DM,,,10,20,169,10000,6.0,yes,0.035,0.9111475905555232
12904,0.540167381661172,0.9462521503105086,0.4060847686493366,Diff-Means(burn-in=6.0),DM,,,10,20,169,10000,6.0,yes,0.035,0.9111475905555232
12905,0.5405259941659736,0.9556898811920915,0.41516388702611795,Diff-Means(burn-in=6.0),DM,,,10,20,169,10000,6.0,yes,0.035,0.9111475905555232
12906,0.5411517318024335,0.9483411028145929,0.40718937101215946,Diff-Means(burn-in=6.0),DM,,,10,20,169,10000,6.0,yes,0.035,0.9111475905555232
12907,0.541853208957513,0.9459963687069044,0.4041431597493914,Diff-Means(burn-in=6.0),DM,,,10,20,169,10000,6.0,yes,0.035,0.9111475905555232
12908,0.5396026542505509,0.9448271289724841,0.40522447472193324,Diff-Means(burn-in=6.0),DM,,,10,20,169,10000,6.0,yes,0.035,0.9111475905555232
12909,0.5402182377529818,0.9446715050899899,0.40445326733700804,Diff-Means(burn-in=6.0),DM,,,10,20,169,10000,6.0,yes,0.035,0.9111475905555232
12910,0.5399452218209189,0.9392054021449706,0.39926018032405175,Diff-Means(burn-in=6.0),DM,,,10,20,169,10000,6.0,yes,0.035,0.9111475905555232
12911,0.5415863265962354,0.94483890282437,0.4032525762281346,Diff-Means(burn-in=6.0),DM,,,10,20,169,10000,6.0,yes,0.035,0.9111475905555232
12912,0.5403542775277946,0.9494028672383106,0.40904858971051594,Diff-Means(burn-in=6.0),DM,,,10,20,169,10000,6.0,yes,0.035,0.9111475905555232
12913,0.5383925600075985,0.9464049722314203,0.4080124122238218,Diff-Means(burn-in=6.0),DM,,,10,20,169,10000,6.0,yes,0.035,0.9111475905555232
12914,0.5401290952909426,0.9503544875151302,0.41022539222418763,Diff-Means(burn-in=6.0),DM,,,10,20,169,10000,6.0,yes,0.035,0.9111475905555232
12915,0.541317656500291,0.9534579133478894,0.4121402568475985,Diff-Means(burn-in=6.0),DM,,,10,20,169,10000,6.0,yes,0.035,0.9111475905555232
12916,0.5397881502098485,0.9494504065667275,0.40966225635687903,Diff-Means(burn-in=6.0),DM,,,10,20,169,10000,6.0,yes,0.035,0.9111475905555232
12917,0.5424859746972945,0.947849392796179,0.40536341809888443,Diff-Means(burn-in=6.0),DM,,,10,20,169,10000,6.0,yes,0.035,0.9111475905555232
12918,0.5399288625624997,0.9520357694983335,0.41210690693583374,Diff-Means(burn-in=6.0),DM,,,10,20,169,10000,6.0,yes,0.035,0.9111475905555232
12919,0.5405006765031978,0.9443894346002275,0.40388875809702973,Diff-Means(burn-in=6.0),DM,,,10,20,169,10000,6.0,yes,0.035,0.9111475905555232
12920,0.5442806547887928,0.9599990694620599,0.4157184146732671,Diff-Means(burn-in=6.0),DM,,,10,20,169,10000,6.0,yes,0.035,0.9111475905555232
12921,0.5415673978767259,0.9498918526560725,0.40832445477934654,Diff-Means(burn-in=6.0),DM,,,10,20,169,10000,6.0,yes,0.035,0.9111475905555232
12922,0.5430778988780076,0.949473575831289,0.4063956769532814,Diff-Means(burn-in=6.0),DM,,,10,20,169,10000,6.0,yes,0.035,0.9111475905555232
12923,0.5392402858622394,0.9488787839452423,0.4096384980830029,Diff-Means(burn-in=6.0),DM,,,10,20,169,10000,6.0,yes,0.035,0.9111475905555232
12924,0.5423993262780819,0.952750864312912,0.41035153803483015,Diff-Means(burn-in=6.0),DM,,,10,20,169,10000,6.0,yes,0.035,0.9111475905555232
12925,0.5416358874240699,0.9519452693175233,0.41030938189345345,Diff-Means(burn-in=6.0),DM,,,10,20,169,10000,6.0,yes,0.035,0.9111475905555232
12926,0.538961721783463,0.9474523342059525,0.4084906124224895,Diff-Means(burn-in=6.0),DM,,,10,20,169,10000,6.0,yes,0.035,0.9111475905555232
12927,0.536746648750129,0.937305542407186,0.400558893657057,Diff-Means(burn-in=6.0),DM,,,10,20,169,10000,6.0,yes,0.035,0.9111475905555232
12928,0.5394595622029522,0.9419756828536876,0.4025161206507354,Diff-Means(burn-in=6.0),DM,,,10,20,169,10000,6.0,yes,0.035,0.9111475905555232
12929,0.5407162599964563,0.948955639211846,0.40823937921538966,Diff-Means(burn-in=6.0),DM,,,10,20,169,10000,6.0,yes,0.035,0.9111475905555232
12930,0.5381451857712941,0.9511271804431755,0.41298199467188135,Diff-Means(burn-in=6.0),DM,,,10,20,169,10000,6.0,yes,0.035,0.9111475905555232
12931,0.5407617667435676,0.9437317033499055,0.40296993660633795,Diff-Means(burn-in=6.0),DM,,,10,20,169,10000,6.0,yes,0.035,0.9111475905555232
12932,0.541746883150823,0.9484470995678909,0.4067002164170679,Diff-Means(burn-in=6.0),DM,,,10,20,169,10000,6.0,yes,0.035,0.9111475905555232
12933,0.5393981019061579,0.947233830968561,0.40783572906240306,Diff-Means(burn-in=6.0),DM,,,10,20,169,10000,6.0,yes,0.035,0.9111475905555232
12934,0.5414406869466887,0.9540485431038311,0.41260785615714246,Diff-Means(burn-in=6.0),DM,,,10,20,169,10000,6.0,yes,0.035,0.9111475905555232
12935,0.5380814671619961,0.9473583975815756,0.40927693041957947,Diff-Means(burn-in=6.0),DM,,,10,20,169,10000,6.0,yes,0.035,0.9111475905555232
12936,0.5402664538154621,0.9420761471980201,0.401809693382558,Diff-Means(burn-in=6.0),DM,,,10,20,169,10000,6.0,yes,0.035,0.9111475905555232
12937,0.5388347653630919,0.9411493288195817,0.40231456345648975,Diff-Means(burn-in=6.0),DM,,,10,20,169,10000,6.0,yes,0.035,0.9111475905555232
12938,0.5384579926077571,0.9508706659226688,0.4124126733149117,Diff-Means(burn-in=6.0),DM,,,10,20,169,10000,6.0,yes,0.035,0.9111475905555232
12939,0.5432074819608761,0.9514797471062462,0.4082722651453701,Diff-Means(burn-in=6.0),DM,,,10,20,169,10000,6.0,yes,0.035,0.9111475905555232
12940,0.539315889681225,0.9479282801057798,0.40861239042455477,Diff-Means(burn-in=6.0),DM,,,10,20,169,10000,6.0,yes,0.035,0.9111475905555232
12941,0.5391699845152426,0.9408325251015501,0.40166254058630757,Diff-Means(burn-in=6.0),DM,,,10,20,169,10000,6.0,yes,0.035,0.9111475905555232
12942,0.5400515191636883,0.9508746802999456,0.4108231611362573,Diff-Means(burn-in=6.0),DM,,,10,20,169,10000,6.0,yes,0.035,0.9111475905555232
12943,0.5402258651091978,0.9441430436896048,0.403917178580407,Diff-Means(burn-in=6.0),DM,,,10,20,169,10000,6.0,yes,0.035,0.9111475905555232
12944,0.5376665417235423,0.9489601450441788,0.41129360332063647,Diff-Means(burn-in=6.0),DM,,,10,20,169,10000,6.0,yes,0.035,0.9111475905555232
12945,0.5393136394694737,0.9372118733164603,0.3978982338469865,Diff-Means(burn-in=6.0),DM,,,10,20,169,10000,6.0,yes,0.035,0.9111475905555232
12946,0.5392706991372626,0.9483986004170997,0.4091279012798371,Diff-Means(burn-in=6.0),DM,,,10,20,169,10000,6.0,yes,0.035,0.9111475905555232
12947,0.5396443745015833,0.9414075061302675,0.40176313162868416,Diff-Means(burn-in=6.0),DM,,,10,20,169,10000,6.0,yes,0.035,0.9111475905555232
12948,0.5395197361823417,0.9523303473296775,0.41281061114733575,Diff-Means(burn-in=6.0),DM,,,10,20,169,10000,6.0,yes,0.035,0.9111475905555232
12949,0.5392334084334802,0.9485927892047112,0.409359380771231,Diff-Means(burn-in=6.0),DM,,,10,20,169,10000,6.0,yes,0.035,0.9111475905555232
12950,0.5408838210914987,0.9523376472507429,0.4114538261592442,Diff-Means(burn-in=6.0),DM,,,10,20,169,10000,6.0,yes,0.035,0.9111475905555232
12951,0.5412361801669016,0.9533426680547625,0.412106487887861,Diff-Means(burn-in=6.0),DM,,,10,20,169,10000,6.0,yes,0.035,0.9111475905555232
12952,0.5387775920078057,0.950061557102611,0.41128396509480525,Diff-Means(burn-in=6.0),DM,,,10,20,169,10000,6.0,yes,0.035,0.9111475905555232
12953,0.5414024167448022,0.9444752403290552,0.403072823584253,Diff-Means(burn-in=6.0),DM,,,10,20,169,10000,6.0,yes,0.035,0.9111475905555232
12954,0.5377206893096582,0.943327731912518,0.40560704260285974,Diff-Means(burn-in=6.0),DM,,,10,20,169,10000,6.0,yes,0.035,0.9111475905555232
12955,0.5408283641821707,0.9448394352318935,0.4040110710497228,Diff-Means(burn-in=6.0),DM,,,10,20,169,10000,6.0,yes,0.035,0.9111475905555232
12956,0.5384089356022421,0.9519183833247103,0.4135094477224682,Diff-Means(burn-in=6.0),DM,,,10,20,169,10000,6.0,yes,0.035,0.9111475905555232
12957,0.5394119053970992,0.943196806284723,0.40378490088762387,Diff-Means(burn-in=6.0),DM,,,10,20,169,10000,6.0,yes,0.035,0.9111475905555232
12958,0.5405062592534867,0.9506054391453529,0.4100991798918662,Diff-Means(burn-in=6.0),DM,,,10,20,169,10000,6.0,yes,0.035,0.9111475905555232
12959,0.5424201067584626,0.9521628788685145,0.40974277211005183,Diff-Means(burn-in=6.0),DM,,,10,20,169,10000,6.0,yes,0.035,0.9111475905555232
12960,0.5409689462373994,0.950642871873065,0.4096739256356655,Diff-Means(burn-in=6.0),DM,,,10,20,169,10000,6.0,yes,0.035,0.9111475905555232
12961,0.5392690348107771,0.9512179222580807,0.4119488874473035,Diff-Means(burn-in=6.0),DM,,,10,20,169,10000,6.0,yes,0.035,0.9111475905555232
12962,0.5421939589763511,0.9474029513147876,0.40520899233843644,Diff-Means(burn-in=6.0),DM,,,10,20,169,10000,6.0,yes,0.035,0.9111475905555232
12963,0.5394069816641136,0.9381286133144467,0.39872163165033314,Diff-Means(burn-in=6.0),DM,,,10,20,169,10000,6.0,yes,0.035,0.9111475905555232
12964,0.5393747870878663,0.9397291667085114,0.400354379620645,Diff-Means(burn-in=6.0),DM,,,10,20,169,10000,6.0,yes,0.035,0.9111475905555232
12965,0.5400604376166492,0.94399647675596,0.40393603913931075,Diff-Means(burn-in=6.0),DM,,,10,20,169,10000,6.0,yes,0.035,0.9111475905555232
12966,0.537660760043009,0.9480415495398354,0.41038078949682644,Diff-Means(burn-in=6.0),DM,,,10,20,169,10000,6.0,yes,0.035,0.9111475905555232
12967,0.5427518888774397,0.9545372069346333,0.41178531805719354,Diff-Means(burn-in=6.0),DM,,,10,20,169,10000,6.0,yes,0.035,0.9111475905555232
12968,0.5401198310245222,0.9489757780316842,0.408855947007162,Diff-Means(burn-in=6.0),DM,,,10,20,169,10000,6.0,yes,0.035,0.9111475905555232
12969,0.5406395506062163,0.956068368763462,0.41542881815724575,Diff-Means(burn-in=6.0),DM,,,10,20,169,10000,6.0,yes,0.035,0.9111475905555232
12970,0.5396833821771084,0.9418161957886243,0.40213281361151587,Diff-Means(burn-in=6.0),DM,,,10,20,169,10000,6.0,yes,0.035,0.9111475905555232
12971,0.5394604086923782,0.943910973348194,0.40445056465581575,Diff-Means(burn-in=6.0),DM,,,10,20,169,10000,6.0,yes,0.035,0.9111475905555232
12972,0.5390714496738852,0.9503687688273738,0.41129731915348855,Diff-Means(burn-in=6.0),DM,,,10,20,169,10000,6.0,yes,0.035,0.9111475905555232
12973,0.5412387685295691,0.9574747298742796,0.4162359613447105,Diff-Means(burn-in=6.0),DM,,,10,20,169,10000,6.0,yes,0.035,0.9111475905555232
12974,0.5430004015821125,0.9503827123360264,0.40738231075391396,Diff-Means(burn-in=6.0),DM,,,10,20,169,10000,6.0,yes,0.035,0.9111475905555232
12975,0.5410043770776183,0.9521968709117898,0.41119249383417156,Diff-Means(burn-in=6.0),DM,,,10,20,169,10000,6.0,yes,0.035,0.9111475905555232
12976,0.5417327563995633,0.9494727757866382,0.40774001938707494,Diff-Means(burn-in=6.0),DM,,,10,20,169,10000,6.0,yes,0.035,0.9111475905555232
12977,0.5383470391561844,0.943704446864266,0.4053574077080816,Diff-Means(burn-in=6.0),DM,,,10,20,169,10000,6.0,yes,0.035,0.9111475905555232
12978,0.5413161286493623,0.9478979517401999,0.40658182309083757,Diff-Means(burn-in=6.0),DM,,,10,20,169,10000,6.0,yes,0.035,0.9111475905555232
12979,0.5409047487285085,0.9411832732946618,0.4002785245661533,Diff-Means(burn-in=6.0),DM,,,10,20,169,10000,6.0,yes,0.035,0.9111475905555232
12980,0.5389101195709414,0.9422013938432812,0.4032912742723398,Diff-Means(burn-in=6.0),DM,,,10,20,169,10000,6.0,yes,0.035,0.9111475905555232
12981,0.5405907627051161,0.95095985134681,0.41036908864169397,Diff-Means(burn-in=6.0),DM,,,10,20,169,10000,6.0,yes,0.035,0.9111475905555232
12982,0.5421767711696626,0.9477840826879257,0.4056073115182631,Diff-Means(burn-in=6.0),DM,,,10,20,169,10000,6.0,yes,0.035,0.9111475905555232
12983,0.5369476562117896,0.9396105145061165,0.4026628582943269,Diff-Means(burn-in=6.0),DM,,,10,20,169,10000,6.0,yes,0.035,0.9111475905555232
12984,0.5407365429215433,0.9446974946394384,0.40396095171789514,Diff-Means(burn-in=6.0),DM,,,10,20,169,10000,6.0,yes,0.035,0.9111475905555232
12985,0.5391109036561008,0.9465599941239501,0.4074490904678493,Diff-Means(burn-in=6.0),DM,,,10,20,169,10000,6.0,yes,0.035,0.9111475905555232
12986,0.5401487470268873,0.9458576823985202,0.4057089353716329,Diff-Means(burn-in=6.0),DM,,,10,20,169,10000,6.0,yes,0.035,0.9111475905555232
12987,0.5385747921916845,0.9494380167002164,0.41086322450853197,Diff-Means(burn-in=6.0),DM,,,10,20,169,10000,6.0,yes,0.035,0.9111475905555232
12988,0.5421129497533151,0.9488199681070936,0.4067070183537784,Diff-Means(burn-in=6.0),DM,,,10,20,169,10000,6.0,yes,0.035,0.9111475905555232
12989,0.5394938939282028,0.9435590910000415,0.40406519707183874,Diff-Means(burn-in=6.0),DM,,,10,20,169,10000,6.0,yes,0.035,0.9111475905555232
12990,0.5404994927901907,0.9437239958942096,0.4032245031040189,Diff-Means(burn-in=6.0),DM,,,10,20,169,10000,6.0,yes,0.035,0.9111475905555232
12991,0.5400232181820441,0.9501890694938518,0.4101658513118077,Diff-Means(burn-in=6.0),DM,,,10,20,169,10000,6.0,yes,0.035,0.9111475905555232
12992,0.5369972299281839,0.9457029571626911,0.40870572723450727,Diff-Means(burn-in=6.0),DM,,,10,20,169,10000,6.0,yes,0.035,0.9111475905555232
12993,0.5390210147932469,0.9510710283197789,0.4120500135265319,Diff-Means(burn-in=6.0),DM,,,10,20,169,10000,6.0,yes,0.035,0.9111475905555232
12994,0.5381028262458429,0.934019605254799,0.39591677900895605,Diff-Means(burn-in=6.0),DM,,,10,20,169,10000,6.0,yes,0.035,0.9111475905555232
12995,0.5411901881767187,0.9426039565036959,0.40141376832697717,Diff-Means(burn-in=6.0),DM,,,10,20,169,10000,6.0,yes,0.035,0.9111475905555232
12996,0.539794638967885,0.9487345141597404,0.4089398751918554,Diff-Means(burn-in=6.0),DM,,,10,20,169,10000,6.0,yes,0.035,0.9111475905555232
12997,0.5404675830838966,0.9529218232848006,0.41245424020090393,Diff-Means(burn-in=6.0),DM,,,10,20,169,10000,6.0,yes,0.035,0.9111475905555232
12998,0.5385307004123854,0.9463179111555248,0.4077872107431394,Diff-Means(burn-in=6.0),DM,,,10,20,169,10000,6.0,yes,0.035,0.9111475905555232
12999,0.539738829165108,0.9409280090939247,0.40118917992881675,Diff-Means(burn-in=6.0),DM,,,10,20,169,10000,6.0,yes,0.035,0.9111475905555232
13000,0.5265108763312695,0.9583704374332407,0.4318595611019712,Diff-Means(burn-in=10.0),DM,,,10,20,169,10000,10.0,yes,0.035,0.9111475905555232
13001,0.5305182907040035,0.9704861429953683,0.4399678522913648,Diff-Means(burn-in=10.0),DM,,,10,20,169,10000,10.0,yes,0.035,0.9111475905555232
13002,0.5289769827689785,0.9661199748019406,0.43714299203296203,Diff-Means(burn-in=10.0),DM,,,10,20,169,10000,10.0,yes,0.035,0.9111475905555232
13003,0.5292950660942884,0.9675335629100267,0.43823849681573823,Diff-Means(burn-in=10.0),DM,,,10,20,169,10000,10.0,yes,0.035,0.9111475905555232
13004,0.5325890751248635,0.9742060753607631,0.44161700023589956,Diff-Means(burn-in=10.0),DM,,,10,20,169,10000,10.0,yes,0.035,0.9111475905555232
13005,0.532284801884514,0.9772585281145675,0.4449737262300535,Diff-Means(burn-in=10.0),DM,,,10,20,169,10000,10.0,yes,0.035,0.9111475905555232
13006,0.5296894111484988,0.9611703642658463,0.4314809531173476,Diff-Means(burn-in=10.0),DM,,,10,20,169,10000,10.0,yes,0.035,0.9111475905555232
13007,0.5308922198167878,0.9708344179115274,0.43994219809473956,Diff-Means(burn-in=10.0),DM,,,10,20,169,10000,10.0,yes,0.035,0.9111475905555232
13008,0.5298757798006837,0.9660844527228784,0.4362086729221947,Diff-Means(burn-in=10.0),DM,,,10,20,169,10000,10.0,yes,0.035,0.9111475905555232
13009,0.528555490510315,0.9700559993198242,0.4415005088095092,Diff-Means(burn-in=10.0),DM,,,10,20,169,10000,10.0,yes,0.035,0.9111475905555232
13010,0.5318849060232053,0.9589629010642817,0.42707799504107646,Diff-Means(burn-in=10.0),DM,,,10,20,169,10000,10.0,yes,0.035,0.9111475905555232
13011,0.5295327421145457,0.970082870836226,0.4405501287216803,Diff-Means(burn-in=10.0),DM,,,10,20,169,10000,10.0,yes,0.035,0.9111475905555232
13012,0.5302317952317666,0.9591828282687941,0.42895103303702753,Diff-Means(burn-in=10.0),DM,,,10,20,169,10000,10.0,yes,0.035,0.9111475905555232
13013,0.5287924779808997,0.9646395856970369,0.4358471077161372,Diff-Means(burn-in=10.0),DM,,,10,20,169,10000,10.0,yes,0.035,0.9111475905555232
13014,0.5309461545274143,0.9653371235851558,0.43439096905774144,Diff-Means(burn-in=10.0),DM,,,10,20,169,10000,10.0,yes,0.035,0.9111475905555232
13015,0.5290639042935352,0.9705366199973373,0.4414727157038021,Diff-Means(burn-in=10.0),DM,,,10,20,169,10000,10.0,yes,0.035,0.9111475905555232
13016,0.5267546237179027,0.9589252094308495,0.43217058571294675,Diff-Means(burn-in=10.0),DM,,,10,20,169,10000,10.0,yes,0.035,0.9111475905555232
13017,0.5307288775301444,0.9621501673426717,0.43142128981252725,Diff-Means(burn-in=10.0),DM,,,10,20,169,10000,10.0,yes,0.035,0.9111475905555232
13018,0.5299709006976318,0.9676007241412693,0.43762982344363754,Diff-Means(burn-in=10.0),DM,,,10,20,169,10000,10.0,yes,0.035,0.9111475905555232
13019,0.5292291287534783,0.9656364894420996,0.4364073606886213,Diff-Means(burn-in=10.0),DM,,,10,20,169,10000,10.0,yes,0.035,0.9111475905555232
13020,0.5296893745523041,0.9654722312434341,0.4357828566911299,Diff-Means(burn-in=10.0),DM,,,10,20,169,10000,10.0,yes,0.035,0.9111475905555232
13021,0.5272490998600899,0.9690884420986956,0.44183934223860566,Diff-Means(burn-in=10.0),DM,,,10,20,169,10000,10.0,yes,0.035,0.9111475905555232
13022,0.5276937122624794,0.9616453541430737,0.4339516418805943,Diff-Means(burn-in=10.0),DM,,,10,20,169,10000,10.0,yes,0.035,0.9111475905555232
13023,0.5319621800161906,0.9682152667620127,0.4362530867458222,Diff-Means(burn-in=10.0),DM,,,10,20,169,10000,10.0,yes,0.035,0.9111475905555232
13024,0.532184139645959,0.9571214593737987,0.42493731972783966,Diff-Means(burn-in=10.0),DM,,,10,20,169,10000,10.0,yes,0.035,0.9111475905555232
13025,0.5308023811813002,0.9620620568722598,0.4312596756909596,Diff-Means(burn-in=10.0),DM,,,10,20,169,10000,10.0,yes,0.035,0.9111475905555232
13026,0.5295289119389835,0.9641914880757774,0.4346625761367938,Diff-Means(burn-in=10.0),DM,,,10,20,169,10000,10.0,yes,0.035,0.9111475905555232
13027,0.5277530008657011,0.961080976098098,0.43332797523239686,Diff-Means(burn-in=10.0),DM,,,10,20,169,10000,10.0,yes,0.035,0.9111475905555232
13028,0.53010999204944,0.9576881064628766,0.4275781144134366,Diff-Means(burn-in=10.0),DM,,,10,20,169,10000,10.0,yes,0.035,0.9111475905555232
13029,0.5308816984895015,0.9669676308642259,0.43608593237472437,Diff-Means(burn-in=10.0),DM,,,10,20,169,10000,10.0,yes,0.035,0.9111475905555232
13030,0.530816693255024,0.9486146513549961,0.4177979580999721,Diff-Means(burn-in=10.0),DM,,,10,20,169,10000,10.0,yes,0.035,0.9111475905555232
13031,0.5296899667200984,0.9639691840651694,0.434279217345071,Diff-Means(burn-in=10.0),DM,,,10,20,169,10000,10.0,yes,0.035,0.9111475905555232
13032,0.5296190388200739,0.9691057460950123,0.43948670727493844,Diff-Means(burn-in=10.0),DM,,,10,20,169,10000,10.0,yes,0.035,0.9111475905555232
13033,0.5311090089908418,0.9603834381618404,0.42927442917099856,Diff-Means(burn-in=10.0),DM,,,10,20,169,10000,10.0,yes,0.035,0.9111475905555232
13034,0.5303501511432951,0.9713566712703599,0.44100652012706476,Diff-Means(burn-in=10.0),DM,,,10,20,169,10000,10.0,yes,0.035,0.9111475905555232
13035,0.5281692531869568,0.9645397369917048,0.43637048380474797,Diff-Means(burn-in=10.0),DM,,,10,20,169,10000,10.0,yes,0.035,0.9111475905555232
13036,0.5297155916592301,0.970342628393636,0.44062703673440595,Diff-Means(burn-in=10.0),DM,,,10,20,169,10000,10.0,yes,0.035,0.9111475905555232
13037,0.5297372225298336,0.9705318236569018,0.44079460112706825,Diff-Means(burn-in=10.0),DM,,,10,20,169,10000,10.0,yes,0.035,0.9111475905555232
13038,0.5292671665491365,0.9691842689348428,0.43991710238570625,Diff-Means(burn-in=10.0),DM,,,10,20,169,10000,10.0,yes,0.035,0.9111475905555232
13039,0.5289751425497119,0.9642869742837843,0.4353118317340724,Diff-Means(burn-in=10.0),DM,,,10,20,169,10000,10.0,yes,0.035,0.9111475905555232
13040,0.5298224692387001,0.9607780692874865,0.4309556000487864,Diff-Means(burn-in=10.0),DM,,,10,20,169,10000,10.0,yes,0.035,0.9111475905555232
13041,0.5301762601403278,0.9654344089442387,0.4352581488039109,Diff-Means(burn-in=10.0),DM,,,10,20,169,10000,10.0,yes,0.035,0.9111475905555232
13042,0.5304182196247177,0.9723257151660656,0.4419074955413479,Diff-Means(burn-in=10.0),DM,,,10,20,169,10000,10.0,yes,0.035,0.9111475905555232
13043,0.5315356983800376,0.970647981393709,0.43911228301367144,Diff-Means(burn-in=10.0),DM,,,10,20,169,10000,10.0,yes,0.035,0.9111475905555232
13044,0.5301687122690797,0.9636613343395011,0.4334926220704214,Diff-Means(burn-in=10.0),DM,,,10,20,169,10000,10.0,yes,0.035,0.9111475905555232
13045,0.5294313245191906,0.9742629577249006,0.44483163320570995,Diff-Means(burn-in=10.0),DM,,,10,20,169,10000,10.0,yes,0.035,0.9111475905555232
13046,0.5314099025767858,0.9650135351956316,0.4336036326188458,Diff-Means(burn-in=10.0),DM,,,10,20,169,10000,10.0,yes,0.035,0.9111475905555232
13047,0.5287443822378981,0.9640528149770299,0.4353084327391318,Diff-Means(burn-in=10.0),DM,,,10,20,169,10000,10.0,yes,0.035,0.9111475905555232
13048,0.532290986578433,0.9722485536472945,0.43995756706886147,Diff-Means(burn-in=10.0),DM,,,10,20,169,10000,10.0,yes,0.035,0.9111475905555232
13049,0.5294279212796846,0.9614063122259576,0.431978390946273,Diff-Means(burn-in=10.0),DM,,,10,20,169,10000,10.0,yes,0.035,0.9111475905555232
13050,0.5309095000238878,0.9723596700480808,0.44145017002419296,Diff-Means(burn-in=10.0),DM,,,10,20,169,10000,10.0,yes,0.035,0.9111475905555232
13051,0.5317110708594122,0.9752798042451553,0.4435687333857431,Diff-Means(burn-in=10.0),DM,,,10,20,169,10000,10.0,yes,0.035,0.9111475905555232
13052,0.529313520378749,0.9657928577614637,0.4364793373827147,Diff-Means(burn-in=10.0),DM,,,10,20,169,10000,10.0,yes,0.035,0.9111475905555232
13053,0.5275478884571175,0.961102130586873,0.43355424212975546,Diff-Means(burn-in=10.0),DM,,,10,20,169,10000,10.0,yes,0.035,0.9111475905555232
13054,0.5318505508287183,0.9657691763772966,0.4339186255485783,Diff-Means(burn-in=10.0),DM,,,10,20,169,10000,10.0,yes,0.035,0.9111475905555232
13055,0.5307491389457415,0.9592406871151331,0.4284915481693916,Diff-Means(burn-in=10.0),DM,,,10,20,169,10000,10.0,yes,0.035,0.9111475905555232
13056,0.5296333304982043,0.9569199892498059,0.42728665875160166,Diff-Means(burn-in=10.0),DM,,,10,20,169,10000,10.0,yes,0.035,0.9111475905555232
13057,0.5290726210626112,0.9620738186558574,0.4330011975932462,Diff-Means(burn-in=10.0),DM,,,10,20,169,10000,10.0,yes,0.035,0.9111475905555232
13058,0.5300396414308856,0.9652522031151395,0.43521256168425393,Diff-Means(burn-in=10.0),DM,,,10,20,169,10000,10.0,yes,0.035,0.9111475905555232
13059,0.5294861382785325,0.9567981451707483,0.4273120068922158,Diff-Means(burn-in=10.0),DM,,,10,20,169,10000,10.0,yes,0.035,0.9111475905555232
13060,0.5280697653131396,0.9769236381544673,0.4488538728413276,Diff-Means(burn-in=10.0),DM,,,10,20,169,10000,10.0,yes,0.035,0.9111475905555232
13061,0.5291644659508861,0.9561806487243929,0.42701618277350684,Diff-Means(burn-in=10.0),DM,,,10,20,169,10000,10.0,yes,0.035,0.9111475905555232
13062,0.5281240935516565,0.9620440848498054,0.43391999129814895,Diff-Means(burn-in=10.0),DM,,,10,20,169,10000,10.0,yes,0.035,0.9111475905555232
13063,0.5300175161781773,0.9620719030799482,0.4320543869017709,Diff-Means(burn-in=10.0),DM,,,10,20,169,10000,10.0,yes,0.035,0.9111475905555232
13064,0.5287163852487197,0.9752125746626903,0.4464961894139706,Diff-Means(burn-in=10.0),DM,,,10,20,169,10000,10.0,yes,0.035,0.9111475905555232
13065,0.5296147917731224,0.9632948676817548,0.43368007590863233,Diff-Means(burn-in=10.0),DM,,,10,20,169,10000,10.0,yes,0.035,0.9111475905555232
13066,0.5314882668544336,0.9736703955171168,0.44218212866268314,Diff-Means(burn-in=10.0),DM,,,10,20,169,10000,10.0,yes,0.035,0.9111475905555232
13067,0.5282366475830809,0.9604063265316838,0.4321696789486029,Diff-Means(burn-in=10.0),DM,,,10,20,169,10000,10.0,yes,0.035,0.9111475905555232
13068,0.528348520219368,0.9651928175051087,0.4368442972857407,Diff-Means(burn-in=10.0),DM,,,10,20,169,10000,10.0,yes,0.035,0.9111475905555232
13069,0.5300887304814867,0.9681453565154865,0.43805662603399975,Diff-Means(burn-in=10.0),DM,,,10,20,169,10000,10.0,yes,0.035,0.9111475905555232
13070,0.5287232876771853,0.9687854658964536,0.4400621782192683,Diff-Means(burn-in=10.0),DM,,,10,20,169,10000,10.0,yes,0.035,0.9111475905555232
13071,0.5308415717994497,0.9663595032075257,0.43551793140807604,Diff-Means(burn-in=10.0),DM,,,10,20,169,10000,10.0,yes,0.035,0.9111475905555232
13072,0.5307334551151005,0.9752497392087138,0.4445162840936133,Diff-Means(burn-in=10.0),DM,,,10,20,169,10000,10.0,yes,0.035,0.9111475905555232
13073,0.5322930582129604,0.9692206640335606,0.4369276058206002,Diff-Means(burn-in=10.0),DM,,,10,20,169,10000,10.0,yes,0.035,0.9111475905555232
13074,0.5315014592724505,0.9641501771801904,0.43264871790773984,Diff-Means(burn-in=10.0),DM,,,10,20,169,10000,10.0,yes,0.035,0.9111475905555232
13075,0.530769306794123,0.9711956552038716,0.4404263484097486,Diff-Means(burn-in=10.0),DM,,,10,20,169,10000,10.0,yes,0.035,0.9111475905555232
13076,0.5298548349545968,0.9625888087205967,0.43273397376599987,Diff-Means(burn-in=10.0),DM,,,10,20,169,10000,10.0,yes,0.035,0.9111475905555232
13077,0.5303922073698439,0.9630762764076598,0.43268406903781587,Diff-Means(burn-in=10.0),DM,,,10,20,169,10000,10.0,yes,0.035,0.9111475905555232
13078,0.5301590186689953,0.9659018954329808,0.4357428767639855,Diff-Means(burn-in=10.0),DM,,,10,20,169,10000,10.0,yes,0.035,0.9111475905555232
13079,0.529948376958958,0.9593259079165732,0.4293775309576152,Diff-Means(burn-in=10.0),DM,,,10,20,169,10000,10.0,yes,0.035,0.9111475905555232
13080,0.5298443020127772,0.9719547982867476,0.44211049627397037,Diff-Means(burn-in=10.0),DM,,,10,20,169,10000,10.0,yes,0.035,0.9111475905555232
13081,0.5282989183373809,0.9592508520060586,0.4309519336686778,Diff-Means(burn-in=10.0),DM,,,10,20,169,10000,10.0,yes,0.035,0.9111475905555232
13082,0.5299537257641915,0.9733793844719083,0.4434256587077168,Diff-Means(burn-in=10.0),DM,,,10,20,169,10000,10.0,yes,0.035,0.9111475905555232
13083,0.5287628058479431,0.957820570215322,0.42905776436737886,Diff-Means(burn-in=10.0),DM,,,10,20,169,10000,10.0,yes,0.035,0.9111475905555232
13084,0.5306311040061878,0.9644496470381961,0.4338185430320083,Diff-Means(burn-in=10.0),DM,,,10,20,169,10000,10.0,yes,0.035,0.9111475905555232
13085,0.5297437736552894,0.966949315635686,0.43720554198039663,Diff-Means(burn-in=10.0),DM,,,10,20,169,10000,10.0,yes,0.035,0.9111475905555232
13086,0.5299709065866932,0.9590397765945224,0.42906887000782923,Diff-Means(burn-in=10.0),DM,,,10,20,169,10000,10.0,yes,0.035,0.9111475905555232
13087,0.5295576148460577,0.9682344283930542,0.4386768135469965,Diff-Means(burn-in=10.0),DM,,,10,20,169,10000,10.0,yes,0.035,0.9111475905555232
13088,0.5328498328612623,0.9649740569098709,0.4321242240486086,Diff-Means(burn-in=10.0),DM,,,10,20,169,10000,10.0,yes,0.035,0.9111475905555232
13089,0.528827476476586,0.95841038120161,0.42958290472502403,Diff-Means(burn-in=10.0),DM,,,10,20,169,10000,10.0,yes,0.035,0.9111475905555232
13090,0.5292519292227403,0.9681284574748749,0.4388765282521345,Diff-Means(burn-in=10.0),DM,,,10,20,169,10000,10.0,yes,0.035,0.9111475905555232
13091,0.5332491759084488,0.9638028311222613,0.4305536552138125,Diff-Means(burn-in=10.0),DM,,,10,20,169,10000,10.0,yes,0.035,0.9111475905555232
13092,0.5277959277757059,0.9626225847247708,0.43482665694906486,Diff-Means(burn-in=10.0),DM,,,10,20,169,10000,10.0,yes,0.035,0.9111475905555232
13093,0.5306087267631401,0.9700093218255277,0.4394005950623876,Diff-Means(burn-in=10.0),DM,,,10,20,169,10000,10.0,yes,0.035,0.9111475905555232
13094,0.5307263713664572,0.971442000659358,0.44071562929290087,Diff-Means(burn-in=10.0),DM,,,10,20,169,10000,10.0,yes,0.035,0.9111475905555232
13095,0.5289322334181863,0.9691686731086235,0.44023643969043724,Diff-Means(burn-in=10.0),DM,,,10,20,169,10000,10.0,yes,0.035,0.9111475905555232
13096,0.5300155578226574,0.9635823672592677,0.4335668094366103,Diff-Means(burn-in=10.0),DM,,,10,20,169,10000,10.0,yes,0.035,0.9111475905555232
13097,0.5298441148668861,0.9639539995127957,0.4341098846459096,Diff-Means(burn-in=10.0),DM,,,10,20,169,10000,10.0,yes,0.035,0.9111475905555232
13098,0.5283767850820018,0.9658818281940099,0.4375050431120081,Diff-Means(burn-in=10.0),DM,,,10,20,169,10000,10.0,yes,0.035,0.9111475905555232
13099,0.5335253923473001,0.9737607839735459,0.4402353916262458,Diff-Means(burn-in=10.0),DM,,,10,20,169,10000,10.0,yes,0.035,0.9111475905555232
13100,0.5323373824939799,0.9647128505262513,0.43237546803227145,Diff-Means(burn-in=10.0),DM,,,10,20,169,10000,10.0,yes,0.035,0.9111475905555232
13101,0.5303542395815574,0.9655345379290581,0.4351802983475007,Diff-Means(burn-in=10.0),DM,,,10,20,169,10000,10.0,yes,0.035,0.9111475905555232
13102,0.530401927750774,0.9647273417688671,0.4343254140180931,Diff-Means(burn-in=10.0),DM,,,10,20,169,10000,10.0,yes,0.035,0.9111475905555232
13103,0.5314244850261313,0.9649241054312129,0.4334996204050816,Diff-Means(burn-in=10.0),DM,,,10,20,169,10000,10.0,yes,0.035,0.9111475905555232
13104,0.5284570868397063,0.9572376501303258,0.42878056329061953,Diff-Means(burn-in=10.0),DM,,,10,20,169,10000,10.0,yes,0.035,0.9111475905555232
13105,0.5284047675231033,0.9626577978370581,0.4342530303139548,Diff-Means(burn-in=10.0),DM,,,10,20,169,10000,10.0,yes,0.035,0.9111475905555232
13106,0.5292294716482718,0.9658227029917001,0.4365932313434283,Diff-Means(burn-in=10.0),DM,,,10,20,169,10000,10.0,yes,0.035,0.9111475905555232
13107,0.5299018661634122,0.9668307167991157,0.4369288506357035,Diff-Means(burn-in=10.0),DM,,,10,20,169,10000,10.0,yes,0.035,0.9111475905555232
13108,0.5298881802569818,0.9650652778885218,0.43517709763154,Diff-Means(burn-in=10.0),DM,,,10,20,169,10000,10.0,yes,0.035,0.9111475905555232
13109,0.5301678908583299,0.965959597054229,0.435791706195899,Diff-Means(burn-in=10.0),DM,,,10,20,169,10000,10.0,yes,0.035,0.9111475905555232
13110,0.5294092298833306,0.9596027052368122,0.4301934753534816,Diff-Means(burn-in=10.0),DM,,,10,20,169,10000,10.0,yes,0.035,0.9111475905555232
13111,0.5318614097346901,0.960401681509976,0.42854027177528586,Diff-Means(burn-in=10.0),DM,,,10,20,169,10000,10.0,yes,0.035,0.9111475905555232
13112,0.5294168154767488,0.9665427612743631,0.4371259457976143,Diff-Means(burn-in=10.0),DM,,,10,20,169,10000,10.0,yes,0.035,0.9111475905555232
13113,0.5289000273524019,0.9602434387240978,0.43134341137169585,Diff-Means(burn-in=10.0),DM,,,10,20,169,10000,10.0,yes,0.035,0.9111475905555232
13114,0.5317786059406833,0.9672614717178223,0.435482865777139,Diff-Means(burn-in=10.0),DM,,,10,20,169,10000,10.0,yes,0.035,0.9111475905555232
13115,0.5303347616614854,0.96436553658435,0.43403077492286457,Diff-Means(burn-in=10.0),DM,,,10,20,169,10000,10.0,yes,0.035,0.9111475905555232
13116,0.5296462839438548,0.9710778014459635,0.44143151750210863,Diff-Means(burn-in=10.0),DM,,,10,20,169,10000,10.0,yes,0.035,0.9111475905555232
13117,0.5310439639627085,0.9643890051468499,0.4333450411841414,Diff-Means(burn-in=10.0),DM,,,10,20,169,10000,10.0,yes,0.035,0.9111475905555232
13118,0.527887841009675,0.9630316873363756,0.43514384632670056,Diff-Means(burn-in=10.0),DM,,,10,20,169,10000,10.0,yes,0.035,0.9111475905555232
13119,0.5293619446025402,0.9579884093814991,0.42862646477895894,Diff-Means(burn-in=10.0),DM,,,10,20,169,10000,10.0,yes,0.035,0.9111475905555232
13120,0.5301942014494738,0.9634824878221854,0.43328828637271155,Diff-Means(burn-in=10.0),DM,,,10,20,169,10000,10.0,yes,0.035,0.9111475905555232
13121,0.5295417998210789,0.9648628541615866,0.4353210543405077,Diff-Means(burn-in=10.0),DM,,,10,20,169,10000,10.0,yes,0.035,0.9111475905555232
13122,0.5314190767185816,0.9568468984048605,0.4254278216862789,Diff-Means(burn-in=10.0),DM,,,10,20,169,10000,10.0,yes,0.035,0.9111475905555232
13123,0.5303711337972564,0.9702634198589629,0.4398922860617065,Diff-Means(burn-in=10.0),DM,,,10,20,169,10000,10.0,yes,0.035,0.9111475905555232
13124,0.5309532989027462,0.9676793144518587,0.4367260155491125,Diff-Means(burn-in=10.0),DM,,,10,20,169,10000,10.0,yes,0.035,0.9111475905555232
13125,0.5300228154243637,0.9686200410841574,0.43859722565979375,Diff-Means(burn-in=10.0),DM,,,10,20,169,10000,10.0,yes,0.035,0.9111475905555232
13126,0.530740655967744,0.966558324025539,0.435817668057795,Diff-Means(burn-in=10.0),DM,,,10,20,169,10000,10.0,yes,0.035,0.9111475905555232
13127,0.5308524085786702,0.9690617870489076,0.43820937847023733,Diff-Means(burn-in=10.0),DM,,,10,20,169,10000,10.0,yes,0.035,0.9111475905555232
13128,0.5291452918936531,0.965628397722371,0.43648310582871785,Diff-Means(burn-in=10.0),DM,,,10,20,169,10000,10.0,yes,0.035,0.9111475905555232
13129,0.5307496934424984,0.9708367362195558,0.44008704277705735,Diff-Means(burn-in=10.0),DM,,,10,20,169,10000,10.0,yes,0.035,0.9111475905555232
13130,0.5287184572316737,0.9693053313587947,0.44058687412712105,Diff-Means(burn-in=10.0),DM,,,10,20,169,10000,10.0,yes,0.035,0.9111475905555232
13131,0.5290275710659015,0.9621115950481679,0.4330840239822664,Diff-Means(burn-in=10.0),DM,,,10,20,169,10000,10.0,yes,0.035,0.9111475905555232
13132,0.5302986273188204,0.970017686919733,0.4397190596009126,Diff-Means(burn-in=10.0),DM,,,10,20,169,10000,10.0,yes,0.035,0.9111475905555232
13133,0.5308128616496214,0.9639876860375883,0.43317482438796695,Diff-Means(burn-in=10.0),DM,,,10,20,169,10000,10.0,yes,0.035,0.9111475905555232
13134,0.5290802347458781,0.9636515551678351,0.434571320421957,Diff-Means(burn-in=10.0),DM,,,10,20,169,10000,10.0,yes,0.035,0.9111475905555232
13135,0.5280001593160598,0.9720675064231429,0.44406734710708307,Diff-Means(burn-in=10.0),DM,,,10,20,169,10000,10.0,yes,0.035,0.9111475905555232
13136,0.5287096363251348,0.9684297981691686,0.43972016184403384,Diff-Means(burn-in=10.0),DM,,,10,20,169,10000,10.0,yes,0.035,0.9111475905555232
13137,0.5290527492932515,0.9671030103244881,0.43805026103123657,Diff-Means(burn-in=10.0),DM,,,10,20,169,10000,10.0,yes,0.035,0.9111475905555232
13138,0.5305629490038104,0.9706208036262278,0.4400578546224174,Diff-Means(burn-in=10.0),DM,,,10,20,169,10000,10.0,yes,0.035,0.9111475905555232
13139,0.5272732189632882,0.9520644861187058,0.4247912671554176,Diff-Means(burn-in=10.0),DM,,,10,20,169,10000,10.0,yes,0.035,0.9111475905555232
13140,0.5281737326266899,0.9744805593925921,0.4463068267659023,Diff-Means(burn-in=10.0),DM,,,10,20,169,10000,10.0,yes,0.035,0.9111475905555232
13141,0.5314402788445984,0.9642464515536794,0.43280617270908095,Diff-Means(burn-in=10.0),DM,,,10,20,169,10000,10.0,yes,0.035,0.9111475905555232
13142,0.5311736531974212,0.970569517606712,0.4393958644092908,Diff-Means(burn-in=10.0),DM,,,10,20,169,10000,10.0,yes,0.035,0.9111475905555232
13143,0.5298186198591405,0.9650132104763054,0.4351945906171649,Diff-Means(burn-in=10.0),DM,,,10,20,169,10000,10.0,yes,0.035,0.9111475905555232
13144,0.5301698686324479,0.9690040680348384,0.43883419940239055,Diff-Means(burn-in=10.0),DM,,,10,20,169,10000,10.0,yes,0.035,0.9111475905555232
13145,0.5298854945349167,0.9653258127399104,0.4354403182049936,Diff-Means(burn-in=10.0),DM,,,10,20,169,10000,10.0,yes,0.035,0.9111475905555232
13146,0.5265836349977338,0.9552841894182851,0.4287005544205513,Diff-Means(burn-in=10.0),DM,,,10,20,169,10000,10.0,yes,0.035,0.9111475905555232
13147,0.5321495386952257,0.9573680886345759,0.42521854993935015,Diff-Means(burn-in=10.0),DM,,,10,20,169,10000,10.0,yes,0.035,0.9111475905555232
13148,0.5293996569194498,0.9546580174502997,0.42525836053084987,Diff-Means(burn-in=10.0),DM,,,10,20,169,10000,10.0,yes,0.035,0.9111475905555232
13149,0.5311636506765923,0.9651828176789417,0.4340191670023493,Diff-Means(burn-in=10.0),DM,,,10,20,169,10000,10.0,yes,0.035,0.9111475905555232
13150,0.5322339775047663,0.9684074877596519,0.4361735102548856,Diff-Means(burn-in=10.0),DM,,,10,20,169,10000,10.0,yes,0.035,0.9111475905555232
13151,0.527708070356604,0.9681881142961899,0.44048004393958584,Diff-Means(burn-in=10.0),DM,,,10,20,169,10000,10.0,yes,0.035,0.9111475905555232
13152,0.5321120507152066,0.9668122078887571,0.4347001571735505,Diff-Means(burn-in=10.0),DM,,,10,20,169,10000,10.0,yes,0.035,0.9111475905555232
13153,0.529838147082545,0.9609860286538935,0.43114788157134853,Diff-Means(burn-in=10.0),DM,,,10,20,169,10000,10.0,yes,0.035,0.9111475905555232
13154,0.5302626138338232,0.967707838753349,0.43744522491952575,Diff-Means(burn-in=10.0),DM,,,10,20,169,10000,10.0,yes,0.035,0.9111475905555232
13155,0.5324998764685615,0.9637233558231385,0.43122347935457706,Diff-Means(burn-in=10.0),DM,,,10,20,169,10000,10.0,yes,0.035,0.9111475905555232
13156,0.528250155933145,0.9620188753180082,0.4337687193848633,Diff-Means(burn-in=10.0),DM,,,10,20,169,10000,10.0,yes,0.035,0.9111475905555232
13157,0.5281693243249902,0.9620470187608345,0.43387769443584434,Diff-Means(burn-in=10.0),DM,,,10,20,169,10000,10.0,yes,0.035,0.9111475905555232
13158,0.5304553865336108,0.963222415214147,0.4327670286805362,Diff-Means(burn-in=10.0),DM,,,10,20,169,10000,10.0,yes,0.035,0.9111475905555232
13159,0.5309887394519709,0.9668918772150251,0.4359031377630542,Diff-Means(burn-in=10.0),DM,,,10,20,169,10000,10.0,yes,0.035,0.9111475905555232
13160,0.5291601428706955,0.9591870248528702,0.43002688198217476,Diff-Means(burn-in=10.0),DM,,,10,20,169,10000,10.0,yes,0.035,0.9111475905555232
13161,0.5308761268312205,0.972294021815633,0.4414178949844124,Diff-Means(burn-in=10.0),DM,,,10,20,169,10000,10.0,yes,0.035,0.9111475905555232
13162,0.5321180059143372,0.9707087931633988,0.43859078724906153,Diff-Means(burn-in=10.0),DM,,,10,20,169,10000,10.0,yes,0.035,0.9111475905555232
13163,0.5301484641868023,0.9638693092562878,0.4337208450694855,Diff-Means(burn-in=10.0),DM,,,10,20,169,10000,10.0,yes,0.035,0.9111475905555232
13164,0.5267230775024428,0.9671530132860636,0.4404299357836208,Diff-Means(burn-in=10.0),DM,,,10,20,169,10000,10.0,yes,0.035,0.9111475905555232
13165,0.5307634171476718,0.9700732119276507,0.4393097947799789,Diff-Means(burn-in=10.0),DM,,,10,20,169,10000,10.0,yes,0.035,0.9111475905555232
13166,0.5305784493690068,0.9670481122930715,0.43646966292406475,Diff-Means(burn-in=10.0),DM,,,10,20,169,10000,10.0,yes,0.035,0.9111475905555232
13167,0.5281119665174041,0.9547840346596347,0.4266720681422306,Diff-Means(burn-in=10.0),DM,,,10,20,169,10000,10.0,yes,0.035,0.9111475905555232
13168,0.5309011074940966,0.9559383119450167,0.4250372044509201,Diff-Means(burn-in=10.0),DM,,,10,20,169,10000,10.0,yes,0.035,0.9111475905555232
13169,0.5296789203590655,0.9651011802497987,0.43542225989073324,Diff-Means(burn-in=10.0),DM,,,10,20,169,10000,10.0,yes,0.035,0.9111475905555232
13170,0.5302683724777427,0.9631628858002356,0.43289451332249285,Diff-Means(burn-in=10.0),DM,,,10,20,169,10000,10.0,yes,0.035,0.9111475905555232
13171,0.5307249199190929,0.963851314826106,0.4331263949070131,Diff-Means(burn-in=10.0),DM,,,10,20,169,10000,10.0,yes,0.035,0.9111475905555232
13172,0.5309422918746949,0.961876806138671,0.4309345142639761,Diff-Means(burn-in=10.0),DM,,,10,20,169,10000,10.0,yes,0.035,0.9111475905555232
13173,0.5284305945380111,0.9677513480418356,0.4393207535038245,Diff-Means(burn-in=10.0),DM,,,10,20,169,10000,10.0,yes,0.035,0.9111475905555232
13174,0.5278125021851572,0.9652635679932998,0.43745106580814264,Diff-Means(burn-in=10.0),DM,,,10,20,169,10000,10.0,yes,0.035,0.9111475905555232
13175,0.5276941837067256,0.9590514395307027,0.4313572558239771,Diff-Means(burn-in=10.0),DM,,,10,20,169,10000,10.0,yes,0.035,0.9111475905555232
13176,0.5301587650684544,0.9646906554605291,0.43453189039207474,Diff-Means(burn-in=10.0),DM,,,10,20,169,10000,10.0,yes,0.035,0.9111475905555232
13177,0.5295786960180291,0.9706411242845804,0.4410624282665513,Diff-Means(burn-in=10.0),DM,,,10,20,169,10000,10.0,yes,0.035,0.9111475905555232
13178,0.5264139529926468,0.9661257650146946,0.4397118120220478,Diff-Means(burn-in=10.0),DM,,,10,20,169,10000,10.0,yes,0.035,0.9111475905555232
13179,0.5274130642362003,0.9678019629828492,0.4403888987466489,Diff-Means(burn-in=10.0),DM,,,10,20,169,10000,10.0,yes,0.035,0.9111475905555232
13180,0.5260822432952359,0.9752709163498396,0.44918867305460375,Diff-Means(burn-in=10.0),DM,,,10,20,169,10000,10.0,yes,0.035,0.9111475905555232
13181,0.5301419135684331,0.967649451892225,0.43750753832379186,Diff-Means(burn-in=10.0),DM,,,10,20,169,10000,10.0,yes,0.035,0.9111475905555232
13182,0.5279678459035778,0.9680744404689599,0.44010659456538204,Diff-Means(burn-in=10.0),DM,,,10,20,169,10000,10.0,yes,0.035,0.9111475905555232
13183,0.5297417635849108,0.9669324453275897,0.43719068174267894,Diff-Means(burn-in=10.0),DM,,,10,20,169,10000,10.0,yes,0.035,0.9111475905555232
13184,0.5285634016439357,0.9700781017450286,0.44151470010109295,Diff-Means(burn-in=10.0),DM,,,10,20,169,10000,10.0,yes,0.035,0.9111475905555232
13185,0.5284296361802182,0.9575589103873282,0.42912927420711,Diff-Means(burn-in=10.0),DM,,,10,20,169,10000,10.0,yes,0.035,0.9111475905555232
13186,0.5277639338399429,0.9542356464111504,0.42647171257120753,Diff-Means(burn-in=10.0),DM,,,10,20,169,10000,10.0,yes,0.035,0.9111475905555232
13187,0.530053390711026,0.9630252652708599,0.4329718745598339,Diff-Means(burn-in=10.0),DM,,,10,20,169,10000,10.0,yes,0.035,0.9111475905555232
13188,0.5296011772957754,0.9605868138810673,0.4309856365852919,Diff-Means(burn-in=10.0),DM,,,10,20,169,10000,10.0,yes,0.035,0.9111475905555232
13189,0.5288737682656496,0.967849701414849,0.43897593314919947,Diff-Means(burn-in=10.0),DM,,,10,20,169,10000,10.0,yes,0.035,0.9111475905555232
13190,0.5320816440897786,0.9678638287181337,0.43578218462835505,Diff-Means(burn-in=10.0),DM,,,10,20,169,10000,10.0,yes,0.035,0.9111475905555232
13191,0.53053887543435,0.96407440405774,0.43353552862339007,Diff-Means(burn-in=10.0),DM,,,10,20,169,10000,10.0,yes,0.035,0.9111475905555232
13192,0.5276854482331325,0.9633309139200203,0.4356454656868879,Diff-Means(burn-in=10.0),DM,,,10,20,169,10000,10.0,yes,0.035,0.9111475905555232
13193,0.5292616639051901,0.9695277477853314,0.4402660838801412,Diff-Means(burn-in=10.0),DM,,,10,20,169,10000,10.0,yes,0.035,0.9111475905555232
13194,0.5308565651375937,0.9619665647636673,0.43110999962607355,Diff-Means(burn-in=10.0),DM,,,10,20,169,10000,10.0,yes,0.035,0.9111475905555232
13195,0.5290481941461557,0.964301652011255,0.4352534578650993,Diff-Means(burn-in=10.0),DM,,,10,20,169,10000,10.0,yes,0.035,0.9111475905555232
13196,0.5282425900073218,0.9647379766878273,0.4364953866805056,Diff-Means(burn-in=10.0),DM,,,10,20,169,10000,10.0,yes,0.035,0.9111475905555232
13197,0.5300071027028451,0.9553253896452111,0.42531828694236595,Diff-Means(burn-in=10.0),DM,,,10,20,169,10000,10.0,yes,0.035,0.9111475905555232
13198,0.5281997229322767,0.9635491690443508,0.43534944611207416,Diff-Means(burn-in=10.0),DM,,,10,20,169,10000,10.0,yes,0.035,0.9111475905555232
13199,0.5295860006963424,0.9650843931193853,0.4354983924230429,Diff-Means(burn-in=10.0),DM,,,10,20,169,10000,10.0,yes,0.035,0.9111475905555232
13200,0.5312007860924794,0.9614204709374566,0.4302196848449772,Diff-Means(burn-in=10.0),DM,,,10,20,169,10000,10.0,yes,0.035,0.9111475905555232
13201,0.5303085987677064,0.9727293567158319,0.4424207579481255,Diff-Means(burn-in=10.0),DM,,,10,20,169,10000,10.0,yes,0.035,0.9111475905555232
13202,0.5287005392593169,0.9772893494147691,0.44858881015545216,Diff-Means(burn-in=10.0),DM,,,10,20,169,10000,10.0,yes,0.035,0.9111475905555232
13203,0.5306053557588762,0.9658627419142667,0.43525738615539045,Diff-Means(burn-in=10.0),DM,,,10,20,169,10000,10.0,yes,0.035,0.9111475905555232
13204,0.5319306396853014,0.9649466260676268,0.4330159863823254,Diff-Means(burn-in=10.0),DM,,,10,20,169,10000,10.0,yes,0.035,0.9111475905555232
13205,0.529225168023218,0.9686949668582285,0.4394697988350106,Diff-Means(burn-in=10.0),DM,,,10,20,169,10000,10.0,yes,0.035,0.9111475905555232
13206,0.5284208671986642,0.9555781792761447,0.42715731207748053,Diff-Means(burn-in=10.0),DM,,,10,20,169,10000,10.0,yes,0.035,0.9111475905555232
13207,0.5295411805947176,0.9634105777118966,0.4338693971171791,Diff-Means(burn-in=10.0),DM,,,10,20,169,10000,10.0,yes,0.035,0.9111475905555232
13208,0.5300816846550463,0.9613657824903596,0.4312840978353133,Diff-Means(burn-in=10.0),DM,,,10,20,169,10000,10.0,yes,0.035,0.9111475905555232
13209,0.5275258327862115,0.9596219309243644,0.432096098138153,Diff-Means(burn-in=10.0),DM,,,10,20,169,10000,10.0,yes,0.035,0.9111475905555232
13210,0.5288273033894935,0.9647406342383918,0.4359133308488984,Diff-Means(burn-in=10.0),DM,,,10,20,169,10000,10.0,yes,0.035,0.9111475905555232
13211,0.5298914605263731,0.9608075230965536,0.43091606257018045,Diff-Means(burn-in=10.0),DM,,,10,20,169,10000,10.0,yes,0.035,0.9111475905555232
13212,0.5329433383594385,0.976764921808026,0.44382158344858746,Diff-Means(burn-in=10.0),DM,,,10,20,169,10000,10.0,yes,0.035,0.9111475905555232
13213,0.5312756274453007,0.9771053972254854,0.44582976978018474,Diff-Means(burn-in=10.0),DM,,,10,20,169,10000,10.0,yes,0.035,0.9111475905555232
13214,0.5285025086271335,0.9576894984748453,0.42918698984771175,Diff-Means(burn-in=10.0),DM,,,10,20,169,10000,10.0,yes,0.035,0.9111475905555232
13215,0.5293400451123174,0.9576209815293495,0.42828093641703213,Diff-Means(burn-in=10.0),DM,,,10,20,169,10000,10.0,yes,0.035,0.9111475905555232
13216,0.5299502039181144,0.9686690893074045,0.43871888538929005,Diff-Means(burn-in=10.0),DM,,,10,20,169,10000,10.0,yes,0.035,0.9111475905555232
13217,0.5298966475183599,0.9688947165441387,0.43899806902577887,Diff-Means(burn-in=10.0),DM,,,10,20,169,10000,10.0,yes,0.035,0.9111475905555232
13218,0.5303276734570725,0.9676382383042507,0.4373105648471781,Diff-Means(burn-in=10.0),DM,,,10,20,169,10000,10.0,yes,0.035,0.9111475905555232
13219,0.5293964619147977,0.9645495769982624,0.43515311508346466,Diff-Means(burn-in=10.0),DM,,,10,20,169,10000,10.0,yes,0.035,0.9111475905555232
13220,0.5294714404972357,0.9752654553002319,0.4457940148029962,Diff-Means(burn-in=10.0),DM,,,10,20,169,10000,10.0,yes,0.035,0.9111475905555232
13221,0.5295469874150824,0.9550901474146106,0.4255431599995282,Diff-Means(burn-in=10.0),DM,,,10,20,169,10000,10.0,yes,0.035,0.9111475905555232
13222,0.5262374679220064,0.9623167957585619,0.43607932783655545,Diff-Means(burn-in=10.0),DM,,,10,20,169,10000,10.0,yes,0.035,0.9111475905555232
13223,0.5286267864051984,0.9652800946599419,0.43665330825474347,Diff-Means(burn-in=10.0),DM,,,10,20,169,10000,10.0,yes,0.035,0.9111475905555232
13224,0.532222932014971,0.9742341493803657,0.4420112173653947,Diff-Means(burn-in=10.0),DM,,,10,20,169,10000,10.0,yes,0.035,0.9111475905555232
13225,0.5294194267149538,0.9613175581166082,0.43189813140165445,Diff-Means(burn-in=10.0),DM,,,10,20,169,10000,10.0,yes,0.035,0.9111475905555232
13226,0.5305926587751516,0.9711442324118424,0.44055157363669084,Diff-Means(burn-in=10.0),DM,,,10,20,169,10000,10.0,yes,0.035,0.9111475905555232
13227,0.528340326555034,0.9683808735416558,0.44004054698662176,Diff-Means(burn-in=10.0),DM,,,10,20,169,10000,10.0,yes,0.035,0.9111475905555232
13228,0.5285081188432155,0.9668489295179413,0.43834081067472586,Diff-Means(burn-in=10.0),DM,,,10,20,169,10000,10.0,yes,0.035,0.9111475905555232
13229,0.5299352202381731,0.9663827138400304,0.4364474936018573,Diff-Means(burn-in=10.0),DM,,,10,20,169,10000,10.0,yes,0.035,0.9111475905555232
13230,0.5284411174851025,0.9652837298576983,0.4368426123725958,Diff-Means(burn-in=10.0),DM,,,10,20,169,10000,10.0,yes,0.035,0.9111475905555232
13231,0.5317293639768427,0.9657548641992063,0.43402550022236364,Diff-Means(burn-in=10.0),DM,,,10,20,169,10000,10.0,yes,0.035,0.9111475905555232
13232,0.53024826110985,0.9684608049208856,0.4382125438110356,Diff-Means(burn-in=10.0),DM,,,10,20,169,10000,10.0,yes,0.035,0.9111475905555232
13233,0.53164949848762,0.9762825943681258,0.4446330958805058,Diff-Means(burn-in=10.0),DM,,,10,20,169,10000,10.0,yes,0.035,0.9111475905555232
13234,0.5283714117764505,0.9710649539122512,0.4426935421358007,Diff-Means(burn-in=10.0),DM,,,10,20,169,10000,10.0,yes,0.035,0.9111475905555232
13235,0.52778181198986,0.9638057009481906,0.43602388895833066,Diff-Means(burn-in=10.0),DM,,,10,20,169,10000,10.0,yes,0.035,0.9111475905555232
13236,0.5323953491564213,0.9707775351602848,0.43838218600386347,Diff-Means(burn-in=10.0),DM,,,10,20,169,10000,10.0,yes,0.035,0.9111475905555232
13237,0.5293537031876,0.9647940736363179,0.43544037044871786,Diff-Means(burn-in=10.0),DM,,,10,20,169,10000,10.0,yes,0.035,0.9111475905555232
13238,0.5324426968077879,0.9796270335892752,0.4471843367814873,Diff-Means(burn-in=10.0),DM,,,10,20,169,10000,10.0,yes,0.035,0.9111475905555232
13239,0.5283930427644251,0.967714357970733,0.4393213152063079,Diff-Means(burn-in=10.0),DM,,,10,20,169,10000,10.0,yes,0.035,0.9111475905555232
13240,0.5297616318941544,0.9716087484093012,0.44184711651514685,Diff-Means(burn-in=10.0),DM,,,10,20,169,10000,10.0,yes,0.035,0.9111475905555232
13241,0.5283748584490432,0.9643583738013954,0.43598351535235225,Diff-Means(burn-in=10.0),DM,,,10,20,169,10000,10.0,yes,0.035,0.9111475905555232
13242,0.5308513268582624,0.9597753440308024,0.42892401717254003,Diff-Means(burn-in=10.0),DM,,,10,20,169,10000,10.0,yes,0.035,0.9111475905555232
13243,0.5300658760650313,0.9682599528986118,0.43819407683358047,Diff-Means(burn-in=10.0),DM,,,10,20,169,10000,10.0,yes,0.035,0.9111475905555232
13244,0.5283336295976269,0.9637892973073386,0.4354556677097118,Diff-Means(burn-in=10.0),DM,,,10,20,169,10000,10.0,yes,0.035,0.9111475905555232
13245,0.5292562498070048,0.964990396046684,0.4357341462396792,Diff-Means(burn-in=10.0),DM,,,10,20,169,10000,10.0,yes,0.035,0.9111475905555232
13246,0.5303018023212902,0.9646812156759149,0.4343794133546247,Diff-Means(burn-in=10.0),DM,,,10,20,169,10000,10.0,yes,0.035,0.9111475905555232
13247,0.5294380333149326,0.96619691314278,0.43675887982784745,Diff-Means(burn-in=10.0),DM,,,10,20,169,10000,10.0,yes,0.035,0.9111475905555232
13248,0.5305970871371624,0.9767596075821737,0.44616252044501137,Diff-Means(burn-in=10.0),DM,,,10,20,169,10000,10.0,yes,0.035,0.9111475905555232
13249,0.5300474635338693,0.9638013990956579,0.43375393556178854,Diff-Means(burn-in=10.0),DM,,,10,20,169,10000,10.0,yes,0.035,0.9111475905555232
13250,0.5281338998662408,0.959609046521507,0.4314751466552662,Diff-Means(burn-in=10.0),DM,,,10,20,169,10000,10.0,yes,0.035,0.9111475905555232
13251,0.5286833140006622,0.9599395728567834,0.4312562588561213,Diff-Means(burn-in=10.0),DM,,,10,20,169,10000,10.0,yes,0.035,0.9111475905555232
13252,0.5313620832091477,0.9688840240402216,0.4375219408310739,Diff-Means(burn-in=10.0),DM,,,10,20,169,10000,10.0,yes,0.035,0.9111475905555232
13253,0.5281017125448322,0.9676057024162977,0.43950398987146555,Diff-Means(burn-in=10.0),DM,,,10,20,169,10000,10.0,yes,0.035,0.9111475905555232
13254,0.5312116277662976,0.9670277644779838,0.4358161367116862,Diff-Means(burn-in=10.0),DM,,,10,20,169,10000,10.0,yes,0.035,0.9111475905555232
13255,0.5288864394558658,0.9587280424918697,0.42984160303600394,Diff-Means(burn-in=10.0),DM,,,10,20,169,10000,10.0,yes,0.035,0.9111475905555232
13256,0.5283777770181981,0.9630865319956402,0.4347087549774421,Diff-Means(burn-in=10.0),DM,,,10,20,169,10000,10.0,yes,0.035,0.9111475905555232
13257,0.5309385644376572,0.9671798525691566,0.4362412881314994,Diff-Means(burn-in=10.0),DM,,,10,20,169,10000,10.0,yes,0.035,0.9111475905555232
13258,0.5295816971648682,0.9631275083362656,0.43354581117139734,Diff-Means(burn-in=10.0),DM,,,10,20,169,10000,10.0,yes,0.035,0.9111475905555232
13259,0.5296231336475813,0.9666216910736811,0.43699855742609983,Diff-Means(burn-in=10.0),DM,,,10,20,169,10000,10.0,yes,0.035,0.9111475905555232
13260,0.5298794855247064,0.9625776998586153,0.43269821433390887,Diff-Means(burn-in=10.0),DM,,,10,20,169,10000,10.0,yes,0.035,0.9111475905555232
13261,0.5286423206853516,0.9639058953364467,0.4352635746510951,Diff-Means(burn-in=10.0),DM,,,10,20,169,10000,10.0,yes,0.035,0.9111475905555232
13262,0.5286816064985631,0.9630424839499712,0.43436087745140806,Diff-Means(burn-in=10.0),DM,,,10,20,169,10000,10.0,yes,0.035,0.9111475905555232
13263,0.529233449161258,0.9646371311737235,0.4354036820124655,Diff-Means(burn-in=10.0),DM,,,10,20,169,10000,10.0,yes,0.035,0.9111475905555232
13264,0.527342173066465,0.9629782303115716,0.43563605724510657,Diff-Means(burn-in=10.0),DM,,,10,20,169,10000,10.0,yes,0.035,0.9111475905555232
13265,0.5321833359323725,0.9715978374996627,0.4394145015672901,Diff-Means(burn-in=10.0),DM,,,10,20,169,10000,10.0,yes,0.035,0.9111475905555232
13266,0.529339107211369,0.9605247798387163,0.4311856726273473,Diff-Means(burn-in=10.0),DM,,,10,20,169,10000,10.0,yes,0.035,0.9111475905555232
13267,0.5294907151236502,0.9663597645017739,0.43686904937812365,Diff-Means(burn-in=10.0),DM,,,10,20,169,10000,10.0,yes,0.035,0.9111475905555232
13268,0.5283539495348797,0.968942017419425,0.4405880678845453,Diff-Means(burn-in=10.0),DM,,,10,20,169,10000,10.0,yes,0.035,0.9111475905555232
13269,0.5297806859601154,0.9661673920555519,0.4363867060954365,Diff-Means(burn-in=10.0),DM,,,10,20,169,10000,10.0,yes,0.035,0.9111475905555232
13270,0.5309063754955348,0.9602229440737354,0.42931656857820066,Diff-Means(burn-in=10.0),DM,,,10,20,169,10000,10.0,yes,0.035,0.9111475905555232
13271,0.5295831772179254,0.9653107894052075,0.4357276121872822,Diff-Means(burn-in=10.0),DM,,,10,20,169,10000,10.0,yes,0.035,0.9111475905555232
13272,0.5309765105259204,0.9670051839494814,0.436028673423561,Diff-Means(burn-in=10.0),DM,,,10,20,169,10000,10.0,yes,0.035,0.9111475905555232
13273,0.5293459707328807,0.9626603237723946,0.43331435303951393,Diff-Means(burn-in=10.0),DM,,,10,20,169,10000,10.0,yes,0.035,0.9111475905555232
13274,0.5303562860135389,0.9680269503698165,0.43767066435627755,Diff-Means(burn-in=10.0),DM,,,10,20,169,10000,10.0,yes,0.035,0.9111475905555232
13275,0.529374907952736,0.9684528599708754,0.4390779520181394,Diff-Means(burn-in=10.0),DM,,,10,20,169,10000,10.0,yes,0.035,0.9111475905555232
13276,0.5298067865227555,0.9653999711987937,0.43559318467603825,Diff-Means(burn-in=10.0),DM,,,10,20,169,10000,10.0,yes,0.035,0.9111475905555232
13277,0.5311961539872989,0.9739192012099713,0.4427230472226724,Diff-Means(burn-in=10.0),DM,,,10,20,169,10000,10.0,yes,0.035,0.9111475905555232
13278,0.5318914986088253,0.9626310629031303,0.43073956429430493,Diff-Means(burn-in=10.0),DM,,,10,20,169,10000,10.0,yes,0.035,0.9111475905555232
13279,0.5290443424205219,0.9695299630878624,0.44048562066734054,Diff-Means(burn-in=10.0),DM,,,10,20,169,10000,10.0,yes,0.035,0.9111475905555232
13280,0.529036867711448,0.9649318552490147,0.4358949875375667,Diff-Means(burn-in=10.0),DM,,,10,20,169,10000,10.0,yes,0.035,0.9111475905555232
13281,0.5282187580096113,0.9598362759235746,0.4316175179139633,Diff-Means(burn-in=10.0),DM,,,10,20,169,10000,10.0,yes,0.035,0.9111475905555232
13282,0.529167187826051,0.9658002451072473,0.4366330572811963,Diff-Means(burn-in=10.0),DM,,,10,20,169,10000,10.0,yes,0.035,0.9111475905555232
13283,0.5294044914155316,0.9600486751986677,0.43064418378313607,Diff-Means(burn-in=10.0),DM,,,10,20,169,10000,10.0,yes,0.035,0.9111475905555232
13284,0.5282810782151397,0.9662779474276334,0.4379968692124937,Diff-Means(burn-in=10.0),DM,,,10,20,169,10000,10.0,yes,0.035,0.9111475905555232
13285,0.5304541593705552,0.9637980887578087,0.4333439293872535,Diff-Means(burn-in=10.0),DM,,,10,20,169,10000,10.0,yes,0.035,0.9111475905555232
13286,0.5305565895833674,0.9643954427918651,0.4338388532084977,Diff-Means(burn-in=10.0),DM,,,10,20,169,10000,10.0,yes,0.035,0.9111475905555232
13287,0.5289152756955393,0.968458752255586,0.43954347656004666,Diff-Means(burn-in=10.0),DM,,,10,20,169,10000,10.0,yes,0.035,0.9111475905555232
13288,0.5277320913998681,0.9569200910095041,0.42918799960963605,Diff-Means(burn-in=10.0),DM,,,10,20,169,10000,10.0,yes,0.035,0.9111475905555232
13289,0.5283493704664568,0.9551467116253292,0.42679734115887236,Diff-Means(burn-in=10.0),DM,,,10,20,169,10000,10.0,yes,0.035,0.9111475905555232
13290,0.529084720680417,0.9632070302790757,0.4341223095986587,Diff-Means(burn-in=10.0),DM,,,10,20,169,10000,10.0,yes,0.035,0.9111475905555232
13291,0.5292051794225044,0.9669134612308806,0.4377082818083762,Diff-Means(burn-in=10.0),DM,,,10,20,169,10000,10.0,yes,0.035,0.9111475905555232
13292,0.5291102295188508,0.9609262381508915,0.4318160086320407,Diff-Means(burn-in=10.0),DM,,,10,20,169,10000,10.0,yes,0.035,0.9111475905555232
13293,0.5294364387674226,0.9708591133799945,0.4414226746125719,Diff-Means(burn-in=10.0),DM,,,10,20,169,10000,10.0,yes,0.035,0.9111475905555232
13294,0.5300258938139567,0.9700744476635434,0.44004855384958674,Diff-Means(burn-in=10.0),DM,,,10,20,169,10000,10.0,yes,0.035,0.9111475905555232
13295,0.5293844206524797,0.9596611196245786,0.43027669897209886,Diff-Means(burn-in=10.0),DM,,,10,20,169,10000,10.0,yes,0.035,0.9111475905555232
13296,0.5296328588862793,0.9696855557744206,0.4400526968881413,Diff-Means(burn-in=10.0),DM,,,10,20,169,10000,10.0,yes,0.035,0.9111475905555232
13297,0.530479640012469,0.9648091668228078,0.4343295268103389,Diff-Means(burn-in=10.0),DM,,,10,20,169,10000,10.0,yes,0.035,0.9111475905555232
13298,0.5311038113573878,0.9664171262294802,0.43531331487209235,Diff-Means(burn-in=10.0),DM,,,10,20,169,10000,10.0,yes,0.035,0.9111475905555232
13299,0.5276802682769055,0.9591174263291831,0.43143715805227756,Diff-Means(burn-in=10.0),DM,,,10,20,169,10000,10.0,yes,0.035,0.9111475905555232
13300,0.5284368256149188,0.9633601702499756,0.4349233446350568,Diff-Means(burn-in=10.0),DM,,,10,20,169,10000,10.0,yes,0.035,0.9111475905555232
13301,0.5301834802722044,0.9663625531713599,0.4361790728991555,Diff-Means(burn-in=10.0),DM,,,10,20,169,10000,10.0,yes,0.035,0.9111475905555232
13302,0.5315942702773655,0.9678828002725692,0.43628852999520373,Diff-Means(burn-in=10.0),DM,,,10,20,169,10000,10.0,yes,0.035,0.9111475905555232
13303,0.5311697068908532,0.9772703733250919,0.44610066643423874,Diff-Means(burn-in=10.0),DM,,,10,20,169,10000,10.0,yes,0.035,0.9111475905555232
13304,0.5307760675603644,0.9657753176371537,0.4349992500767893,Diff-Means(burn-in=10.0),DM,,,10,20,169,10000,10.0,yes,0.035,0.9111475905555232
13305,0.5277291691686115,0.965278459467915,0.43754929029930356,Diff-Means(burn-in=10.0),DM,,,10,20,169,10000,10.0,yes,0.035,0.9111475905555232
13306,0.5298616241522521,0.9714433291155122,0.4415817049632601,Diff-Means(burn-in=10.0),DM,,,10,20,169,10000,10.0,yes,0.035,0.9111475905555232
13307,0.5302698738591399,0.9667064177750773,0.43643654391593734,Diff-Means(burn-in=10.0),DM,,,10,20,169,10000,10.0,yes,0.035,0.9111475905555232
13308,0.529867559213285,0.960732856201425,0.43086529698814,Diff-Means(burn-in=10.0),DM,,,10,20,169,10000,10.0,yes,0.035,0.9111475905555232
13309,0.5299001832542298,0.9579114707034067,0.4280112874491768,Diff-Means(burn-in=10.0),DM,,,10,20,169,10000,10.0,yes,0.035,0.9111475905555232
13310,0.5273806700934521,0.9621298219767646,0.4347491518833124,Diff-Means(burn-in=10.0),DM,,,10,20,169,10000,10.0,yes,0.035,0.9111475905555232
13311,0.5291596447591574,0.9683768257379137,0.4392171809787563,Diff-Means(burn-in=10.0),DM,,,10,20,169,10000,10.0,yes,0.035,0.9111475905555232
13312,0.5288832470076759,0.9613542348407919,0.432470987833116,Diff-Means(burn-in=10.0),DM,,,10,20,169,10000,10.0,yes,0.035,0.9111475905555232
13313,0.52897158784833,0.9639483326931654,0.4349767448448354,Diff-Means(burn-in=10.0),DM,,,10,20,169,10000,10.0,yes,0.035,0.9111475905555232
13314,0.530011679702089,0.9662642728805808,0.43625259317849185,Diff-Means(burn-in=10.0),DM,,,10,20,169,10000,10.0,yes,0.035,0.9111475905555232
13315,0.5271021844713826,0.9627610849142041,0.4356589004428215,Diff-Means(burn-in=10.0),DM,,,10,20,169,10000,10.0,yes,0.035,0.9111475905555232
13316,0.5290736688095788,0.960391063417762,0.4313173946081832,Diff-Means(burn-in=10.0),DM,,,10,20,169,10000,10.0,yes,0.035,0.9111475905555232
13317,0.5309411943942507,0.9665262856154655,0.4355850912212148,Diff-Means(burn-in=10.0),DM,,,10,20,169,10000,10.0,yes,0.035,0.9111475905555232
13318,0.530046112440855,0.9700866471934348,0.44004053475257987,Diff-Means(burn-in=10.0),DM,,,10,20,169,10000,10.0,yes,0.035,0.9111475905555232
13319,0.5293737397235062,0.9627273328344242,0.43335359311091803,Diff-Means(burn-in=10.0),DM,,,10,20,169,10000,10.0,yes,0.035,0.9111475905555232
13320,0.5289003612938906,0.9612600726521876,0.432359711358297,Diff-Means(burn-in=10.0),DM,,,10,20,169,10000,10.0,yes,0.035,0.9111475905555232
13321,0.5317273171101594,0.9706645657020488,0.43893724859188943,Diff-Means(burn-in=10.0),DM,,,10,20,169,10000,10.0,yes,0.035,0.9111475905555232
13322,0.5304548954068228,0.9520635221885106,0.42160862678168787,Diff-Means(burn-in=10.0),DM,,,10,20,169,10000,10.0,yes,0.035,0.9111475905555232
13323,0.5310371070034546,0.9661255288887948,0.43508842188534014,Diff-Means(burn-in=10.0),DM,,,10,20,169,10000,10.0,yes,0.035,0.9111475905555232
13324,0.5285466961710578,0.9666093037714054,0.43806260760034765,Diff-Means(burn-in=10.0),DM,,,10,20,169,10000,10.0,yes,0.035,0.9111475905555232
13325,0.5296876861750041,0.9649996961356659,0.4353120099606619,Diff-Means(burn-in=10.0),DM,,,10,20,169,10000,10.0,yes,0.035,0.9111475905555232
13326,0.5322708789448356,0.9673163987147194,0.4350455197698838,Diff-Means(burn-in=10.0),DM,,,10,20,169,10000,10.0,yes,0.035,0.9111475905555232
13327,0.5280123138484314,0.9671035116798835,0.4390911978314521,Diff-Means(burn-in=10.0),DM,,,10,20,169,10000,10.0,yes,0.035,0.9111475905555232
13328,0.5295774152863469,0.9555254969365266,0.4259480816501796,Diff-Means(burn-in=10.0),DM,,,10,20,169,10000,10.0,yes,0.035,0.9111475905555232
13329,0.5303541827112691,0.9624382018493183,0.43208401913804917,Diff-Means(burn-in=10.0),DM,,,10,20,169,10000,10.0,yes,0.035,0.9111475905555232
13330,0.5284405674232746,0.9625386466805413,0.43409807925726673,Diff-Means(burn-in=10.0),DM,,,10,20,169,10000,10.0,yes,0.035,0.9111475905555232
13331,0.5273238545948694,0.9643185800777279,0.43699472548285845,Diff-Means(burn-in=10.0),DM,,,10,20,169,10000,10.0,yes,0.035,0.9111475905555232
13332,0.5296174076994133,0.9643141939816128,0.43469678628219943,Diff-Means(burn-in=10.0),DM,,,10,20,169,10000,10.0,yes,0.035,0.9111475905555232
13333,0.5305327579029117,0.9735671838617015,0.44303442595878983,Diff-Means(burn-in=10.0),DM,,,10,20,169,10000,10.0,yes,0.035,0.9111475905555232
13334,0.5283118947040327,0.967029181213003,0.43871728650897024,Diff-Means(burn-in=10.0),DM,,,10,20,169,10000,10.0,yes,0.035,0.9111475905555232
13335,0.5314135713503105,0.9676855123732883,0.4362719410229777,Diff-Means(burn-in=10.0),DM,,,10,20,169,10000,10.0,yes,0.035,0.9111475905555232
13336,0.5299686155547689,0.9693749317059697,0.43940631615120074,Diff-Means(burn-in=10.0),DM,,,10,20,169,10000,10.0,yes,0.035,0.9111475905555232
13337,0.529732918512304,0.9542080137308107,0.4244750952185067,Diff-Means(burn-in=10.0),DM,,,10,20,169,10000,10.0,yes,0.035,0.9111475905555232
13338,0.5295212416147268,0.9692794184597807,0.4397581768450539,Diff-Means(burn-in=10.0),DM,,,10,20,169,10000,10.0,yes,0.035,0.9111475905555232
13339,0.5288717989755758,0.9621899648497388,0.43331816587416305,Diff-Means(burn-in=10.0),DM,,,10,20,169,10000,10.0,yes,0.035,0.9111475905555232
13340,0.5294518709048411,0.9630095539231045,0.43355768301826336,Diff-Means(burn-in=10.0),DM,,,10,20,169,10000,10.0,yes,0.035,0.9111475905555232
13341,0.5293051750231303,0.9673220062269068,0.43801683120377644,Diff-Means(burn-in=10.0),DM,,,10,20,169,10000,10.0,yes,0.035,0.9111475905555232
13342,0.5290714226070758,0.9686644657366286,0.4395930431295527,Diff-Means(burn-in=10.0),DM,,,10,20,169,10000,10.0,yes,0.035,0.9111475905555232
13343,0.529304800785875,0.9710966783941704,0.4417918776082953,Diff-Means(burn-in=10.0),DM,,,10,20,169,10000,10.0,yes,0.035,0.9111475905555232
13344,0.5285625071686479,0.9644369546062047,0.43587444743755677,Diff-Means(burn-in=10.0),DM,,,10,20,169,10000,10.0,yes,0.035,0.9111475905555232
13345,0.5298113670177985,0.9684839352939766,0.43867256827617807,Diff-Means(burn-in=10.0),DM,,,10,20,169,10000,10.0,yes,0.035,0.9111475905555232
13346,0.5299750006887183,0.9659831876471998,0.43600818695848154,Diff-Means(burn-in=10.0),DM,,,10,20,169,10000,10.0,yes,0.035,0.9111475905555232
13347,0.5323642118892197,0.960799380515913,0.4284351686266933,Diff-Means(burn-in=10.0),DM,,,10,20,169,10000,10.0,yes,0.035,0.9111475905555232
13348,0.529344486494868,0.9581295729263271,0.4287850864314591,Diff-Means(burn-in=10.0),DM,,,10,20,169,10000,10.0,yes,0.035,0.9111475905555232
13349,0.5294941412692347,0.9706560348565562,0.4411618935873215,Diff-Means(burn-in=10.0),DM,,,10,20,169,10000,10.0,yes,0.035,0.9111475905555232
13350,0.5305123990794959,0.9719904509689506,0.44147805188945477,Diff-Means(burn-in=10.0),DM,,,10,20,169,10000,10.0,yes,0.035,0.9111475905555232
13351,0.5305738450521901,0.9591610398743442,0.4285871948221541,Diff-Means(burn-in=10.0),DM,,,10,20,169,10000,10.0,yes,0.035,0.9111475905555232
13352,0.5298472737129177,0.9681167899106574,0.4382695161977397,Diff-Means(burn-in=10.0),DM,,,10,20,169,10000,10.0,yes,0.035,0.9111475905555232
13353,0.5281355979177792,0.956039233632597,0.4279036357148178,Diff-Means(burn-in=10.0),DM,,,10,20,169,10000,10.0,yes,0.035,0.9111475905555232
13354,0.5287037925452277,0.9639862513509531,0.43528245880572536,Diff-Means(burn-in=10.0),DM,,,10,20,169,10000,10.0,yes,0.035,0.9111475905555232
13355,0.5283922440962543,0.962838466059679,0.43444622196342475,Diff-Means(burn-in=10.0),DM,,,10,20,169,10000,10.0,yes,0.035,0.9111475905555232
13356,0.5282790985949353,0.970585276329124,0.4423061777341887,Diff-Means(burn-in=10.0),DM,,,10,20,169,10000,10.0,yes,0.035,0.9111475905555232
13357,0.5320820672239801,0.955108723125544,0.42302665590156385,Diff-Means(burn-in=10.0),DM,,,10,20,169,10000,10.0,yes,0.035,0.9111475905555232
13358,0.5291169242816974,0.9559992338461714,0.4268823095644739,Diff-Means(burn-in=10.0),DM,,,10,20,169,10000,10.0,yes,0.035,0.9111475905555232
13359,0.530885595474492,0.9688351112671163,0.4379495157926243,Diff-Means(burn-in=10.0),DM,,,10,20,169,10000,10.0,yes,0.035,0.9111475905555232
13360,0.5288266821120363,0.9573527779446217,0.4285260958325854,Diff-Means(burn-in=10.0),DM,,,10,20,169,10000,10.0,yes,0.035,0.9111475905555232
13361,0.5301817217087504,0.9587481300921159,0.42856640838336546,Diff-Means(burn-in=10.0),DM,,,10,20,169,10000,10.0,yes,0.035,0.9111475905555232
13362,0.5305141859855663,0.9705438228121204,0.44002963682655405,Diff-Means(burn-in=10.0),DM,,,10,20,169,10000,10.0,yes,0.035,0.9111475905555232
13363,0.5303328188697592,0.9605840171186307,0.4302511982488715,Diff-Means(burn-in=10.0),DM,,,10,20,169,10000,10.0,yes,0.035,0.9111475905555232
13364,0.5316483243508403,0.974442201170132,0.4427938768192917,Diff-Means(burn-in=10.0),DM,,,10,20,169,10000,10.0,yes,0.035,0.9111475905555232
13365,0.528906921031208,0.9617611960197301,0.43285427498852214,Diff-Means(burn-in=10.0),DM,,,10,20,169,10000,10.0,yes,0.035,0.9111475905555232
13366,0.5310191260470286,0.9683332092077518,0.4373140831607232,Diff-Means(burn-in=10.0),DM,,,10,20,169,10000,10.0,yes,0.035,0.9111475905555232
13367,0.5309758808757236,0.9729981156222414,0.4420222347465178,Diff-Means(burn-in=10.0),DM,,,10,20,169,10000,10.0,yes,0.035,0.9111475905555232
13368,0.5289807832649212,0.9665945332428736,0.43761374997795244,Diff-Means(burn-in=10.0),DM,,,10,20,169,10000,10.0,yes,0.035,0.9111475905555232
13369,0.5304183211185625,0.9665916790189708,0.43617335790040834,Diff-Means(burn-in=10.0),DM,,,10,20,169,10000,10.0,yes,0.035,0.9111475905555232
13370,0.5325084413424716,0.9696600183136291,0.4371515769711576,Diff-Means(burn-in=10.0),DM,,,10,20,169,10000,10.0,yes,0.035,0.9111475905555232
13371,0.5309205660226587,0.9715901029986704,0.44066953697601174,Diff-Means(burn-in=10.0),DM,,,10,20,169,10000,10.0,yes,0.035,0.9111475905555232
13372,0.5290047124892955,0.9594327836562311,0.4304280711669356,Diff-Means(burn-in=10.0),DM,,,10,20,169,10000,10.0,yes,0.035,0.9111475905555232
13373,0.5268580124452656,0.9630322660936999,0.4361742536484342,Diff-Means(burn-in=10.0),DM,,,10,20,169,10000,10.0,yes,0.035,0.9111475905555232
13374,0.5298780810963315,0.9692221806231786,0.43934409952684705,Diff-Means(burn-in=10.0),DM,,,10,20,169,10000,10.0,yes,0.035,0.9111475905555232
13375,0.5278166230245669,0.9673495741683052,0.43953295114373836,Diff-Means(burn-in=10.0),DM,,,10,20,169,10000,10.0,yes,0.035,0.9111475905555232
13376,0.5311177622906657,0.9606432908627289,0.4295255285720633,Diff-Means(burn-in=10.0),DM,,,10,20,169,10000,10.0,yes,0.035,0.9111475905555232
13377,0.529027787908507,0.9723389036102752,0.4433111157017682,Diff-Means(burn-in=10.0),DM,,,10,20,169,10000,10.0,yes,0.035,0.9111475905555232
13378,0.5279066056775666,0.967748028628881,0.43984142295131434,Diff-Means(burn-in=10.0),DM,,,10,20,169,10000,10.0,yes,0.035,0.9111475905555232
13379,0.5299579395518769,0.9624839804472242,0.4325260408953473,Diff-Means(burn-in=10.0),DM,,,10,20,169,10000,10.0,yes,0.035,0.9111475905555232
13380,0.5310235166340738,0.9717575065758588,0.44073398994178503,Diff-Means(burn-in=10.0),DM,,,10,20,169,10000,10.0,yes,0.035,0.9111475905555232
13381,0.5279602555833872,0.9610182305692052,0.433057974985818,Diff-Means(burn-in=10.0),DM,,,10,20,169,10000,10.0,yes,0.035,0.9111475905555232
13382,0.5299156396227476,0.964559494767152,0.4346438551444044,Diff-Means(burn-in=10.0),DM,,,10,20,169,10000,10.0,yes,0.035,0.9111475905555232
13383,0.5288789364682489,0.9646705111559771,0.4357915746877282,Diff-Means(burn-in=10.0),DM,,,10,20,169,10000,10.0,yes,0.035,0.9111475905555232
13384,0.5283504706543436,0.9559808273333211,0.42763035667897753,Diff-Means(burn-in=10.0),DM,,,10,20,169,10000,10.0,yes,0.035,0.9111475905555232
13385,0.5317503234224882,0.9702293332162494,0.4384790097937612,Diff-Means(burn-in=10.0),DM,,,10,20,169,10000,10.0,yes,0.035,0.9111475905555232
13386,0.5283315642678842,0.971439951607872,0.4431083873399878,Diff-Means(burn-in=10.0),DM,,,10,20,169,10000,10.0,yes,0.035,0.9111475905555232
13387,0.5284012158459016,0.9642974280079942,0.4358962121620926,Diff-Means(burn-in=10.0),DM,,,10,20,169,10000,10.0,yes,0.035,0.9111475905555232
13388,0.5310335029847988,0.9632956732418732,0.43226217025707436,Diff-Means(burn-in=10.0),DM,,,10,20,169,10000,10.0,yes,0.035,0.9111475905555232
13389,0.5303672232254513,0.959590657316311,0.4292234340908597,Diff-Means(burn-in=10.0),DM,,,10,20,169,10000,10.0,yes,0.035,0.9111475905555232
13390,0.527741925137749,0.9577158310129447,0.4299739058751957,Diff-Means(burn-in=10.0),DM,,,10,20,169,10000,10.0,yes,0.035,0.9111475905555232
13391,0.530949378461452,0.971153964386884,0.440204585925432,Diff-Means(burn-in=10.0),DM,,,10,20,169,10000,10.0,yes,0.035,0.9111475905555232
13392,0.5295303418136557,0.9694425946898244,0.43991225287616875,Diff-Means(burn-in=10.0),DM,,,10,20,169,10000,10.0,yes,0.035,0.9111475905555232
13393,0.528290577150501,0.9520259699753345,0.4237353928248335,Diff-Means(burn-in=10.0),DM,,,10,20,169,10000,10.0,yes,0.035,0.9111475905555232
13394,0.5311745140201134,0.9727022099906174,0.441527695970504,Diff-Means(burn-in=10.0),DM,,,10,20,169,10000,10.0,yes,0.035,0.9111475905555232
13395,0.5308188639433206,0.9690016546222379,0.4381827906789173,Diff-Means(burn-in=10.0),DM,,,10,20,169,10000,10.0,yes,0.035,0.9111475905555232
13396,0.5300916760020773,0.9658376838695776,0.4357460078675003,Diff-Means(burn-in=10.0),DM,,,10,20,169,10000,10.0,yes,0.035,0.9111475905555232
13397,0.5306303509932664,0.9701280439672633,0.4394976929739969,Diff-Means(burn-in=10.0),DM,,,10,20,169,10000,10.0,yes,0.035,0.9111475905555232
13398,0.5274803016607593,0.9704868165297175,0.44300651486895815,Diff-Means(burn-in=10.0),DM,,,10,20,169,10000,10.0,yes,0.035,0.9111475905555232
13399,0.5274821711960638,0.9591767873957902,0.4316946161997264,Diff-Means(burn-in=10.0),DM,,,10,20,169,10000,10.0,yes,0.035,0.9111475905555232
13400,0.5304144835321991,0.9632449776234009,0.4328304940912018,Diff-Means(burn-in=10.0),DM,,,10,20,169,10000,10.0,yes,0.035,0.9111475905555232
13401,0.5305560556846297,0.9652894997435747,0.434733444058945,Diff-Means(burn-in=10.0),DM,,,10,20,169,10000,10.0,yes,0.035,0.9111475905555232
13402,0.5302591836937512,0.9707485400027231,0.4404893563089719,Diff-Means(burn-in=10.0),DM,,,10,20,169,10000,10.0,yes,0.035,0.9111475905555232
13403,0.529191090681413,0.9740513901187359,0.44486029943732286,Diff-Means(burn-in=10.0),DM,,,10,20,169,10000,10.0,yes,0.035,0.9111475905555232
13404,0.5287904814304117,0.9571705699324353,0.4283800885020236,Diff-Means(burn-in=10.0),DM,,,10,20,169,10000,10.0,yes,0.035,0.9111475905555232
13405,0.5284631399256651,0.972796033382166,0.44433289345650095,Diff-Means(burn-in=10.0),DM,,,10,20,169,10000,10.0,yes,0.035,0.9111475905555232
13406,0.5296366223702205,0.9679956334105727,0.43835901104035224,Diff-Means(burn-in=10.0),DM,,,10,20,169,10000,10.0,yes,0.035,0.9111475905555232
13407,0.5290022138342847,0.9632174366764544,0.43421522284216973,Diff-Means(burn-in=10.0),DM,,,10,20,169,10000,10.0,yes,0.035,0.9111475905555232
13408,0.5307683004873871,0.9638553437513238,0.43308704326393666,Diff-Means(burn-in=10.0),DM,,,10,20,169,10000,10.0,yes,0.035,0.9111475905555232
13409,0.5310103996134669,0.9652709476434639,0.43426054802999703,Diff-Means(burn-in=10.0),DM,,,10,20,169,10000,10.0,yes,0.035,0.9111475905555232
13410,0.5294032397994185,0.9722609567279744,0.4428577169285559,Diff-Means(burn-in=10.0),DM,,,10,20,169,10000,10.0,yes,0.035,0.9111475905555232
13411,0.5308681829177648,0.9682298232843074,0.43736164036654257,Diff-Means(burn-in=10.0),DM,,,10,20,169,10000,10.0,yes,0.035,0.9111475905555232
13412,0.5298780086512238,0.9681089669483682,0.4382309582971444,Diff-Means(burn-in=10.0),DM,,,10,20,169,10000,10.0,yes,0.035,0.9111475905555232
13413,0.5312914608065089,0.9650179438096363,0.43372648300312744,Diff-Means(burn-in=10.0),DM,,,10,20,169,10000,10.0,yes,0.035,0.9111475905555232
13414,0.5312657856843597,0.9644699695956168,0.43320418391125715,Diff-Means(burn-in=10.0),DM,,,10,20,169,10000,10.0,yes,0.035,0.9111475905555232
13415,0.5295054205262959,0.9581793157946074,0.42867389526831146,Diff-Means(burn-in=10.0),DM,,,10,20,169,10000,10.0,yes,0.035,0.9111475905555232
13416,0.5321257058714203,0.9752530785749365,0.4431273727035162,Diff-Means(burn-in=10.0),DM,,,10,20,169,10000,10.0,yes,0.035,0.9111475905555232
13417,0.5302010366535898,0.9631247633770345,0.4329237267234447,Diff-Means(burn-in=10.0),DM,,,10,20,169,10000,10.0,yes,0.035,0.9111475905555232
13418,0.5300792200460203,0.9687441772592854,0.43866495721326515,Diff-Means(burn-in=10.0),DM,,,10,20,169,10000,10.0,yes,0.035,0.9111475905555232
13419,0.5291579494804735,0.9744583791702394,0.4453004296897659,Diff-Means(burn-in=10.0),DM,,,10,20,169,10000,10.0,yes,0.035,0.9111475905555232
13420,0.5285784242301947,0.9694147820877301,0.4408363578575354,Diff-Means(burn-in=10.0),DM,,,10,20,169,10000,10.0,yes,0.035,0.9111475905555232
13421,0.5302696486074897,0.9739709649921403,0.4437013163846506,Diff-Means(burn-in=10.0),DM,,,10,20,169,10000,10.0,yes,0.035,0.9111475905555232
13422,0.5299538777451953,0.9637141325514474,0.43376025480625213,Diff-Means(burn-in=10.0),DM,,,10,20,169,10000,10.0,yes,0.035,0.9111475905555232
13423,0.5293267459644677,0.97202530489823,0.4426985589337623,Diff-Means(burn-in=10.0),DM,,,10,20,169,10000,10.0,yes,0.035,0.9111475905555232
13424,0.528538267482643,0.9727497758829864,0.4442115084003434,Diff-Means(burn-in=10.0),DM,,,10,20,169,10000,10.0,yes,0.035,0.9111475905555232
13425,0.5307358326903652,0.9673084030507413,0.4365725703603761,Diff-Means(burn-in=10.0),DM,,,10,20,169,10000,10.0,yes,0.035,0.9111475905555232
13426,0.5306560257929043,0.9622114586745902,0.43155543288168596,Diff-Means(burn-in=10.0),DM,,,10,20,169,10000,10.0,yes,0.035,0.9111475905555232
13427,0.5266672796358108,0.9666424127164175,0.43997513308060665,Diff-Means(burn-in=10.0),DM,,,10,20,169,10000,10.0,yes,0.035,0.9111475905555232
13428,0.5315777776025843,0.964432264832361,0.4328544872297767,Diff-Means(burn-in=10.0),DM,,,10,20,169,10000,10.0,yes,0.035,0.9111475905555232
13429,0.5312764395233496,0.9647195107241292,0.43344307120077963,Diff-Means(burn-in=10.0),DM,,,10,20,169,10000,10.0,yes,0.035,0.9111475905555232
13430,0.5291638594018429,0.9612070915604161,0.4320432321585732,Diff-Means(burn-in=10.0),DM,,,10,20,169,10000,10.0,yes,0.035,0.9111475905555232
13431,0.5306807736895195,0.9715483296870069,0.4408675559974874,Diff-Means(burn-in=10.0),DM,,,10,20,169,10000,10.0,yes,0.035,0.9111475905555232
13432,0.531016058722279,0.9650983072014457,0.43408224847916677,Diff-Means(burn-in=10.0),DM,,,10,20,169,10000,10.0,yes,0.035,0.9111475905555232
13433,0.5300946132874258,0.9669339120639268,0.43683929877650096,Diff-Means(burn-in=10.0),DM,,,10,20,169,10000,10.0,yes,0.035,0.9111475905555232
13434,0.531992728460264,0.9649370621834285,0.43294433372316443,Diff-Means(burn-in=10.0),DM,,,10,20,169,10000,10.0,yes,0.035,0.9111475905555232
13435,0.5314104015962058,0.9703077345834835,0.43889733298727773,Diff-Means(burn-in=10.0),DM,,,10,20,169,10000,10.0,yes,0.035,0.9111475905555232
13436,0.5285714879450242,0.9689580480527282,0.44038656010770405,Diff-Means(burn-in=10.0),DM,,,10,20,169,10000,10.0,yes,0.035,0.9111475905555232
13437,0.5293439034300043,0.9630828013783971,0.4337388979483928,Diff-Means(burn-in=10.0),DM,,,10,20,169,10000,10.0,yes,0.035,0.9111475905555232
13438,0.5302810221270662,0.9708015289241184,0.44052050679705224,Diff-Means(burn-in=10.0),DM,,,10,20,169,10000,10.0,yes,0.035,0.9111475905555232
13439,0.5282156504833885,0.968731407478589,0.4405157569952005,Diff-Means(burn-in=10.0),DM,,,10,20,169,10000,10.0,yes,0.035,0.9111475905555232
13440,0.5280574313124681,0.9614995725171342,0.4334421412046662,Diff-Means(burn-in=10.0),DM,,,10,20,169,10000,10.0,yes,0.035,0.9111475905555232
13441,0.529771128319565,0.973996005406819,0.444224877087254,Diff-Means(burn-in=10.0),DM,,,10,20,169,10000,10.0,yes,0.035,0.9111475905555232
13442,0.5288773394073268,0.9592267603945743,0.4303494209872475,Diff-Means(burn-in=10.0),DM,,,10,20,169,10000,10.0,yes,0.035,0.9111475905555232
13443,0.530230353587174,0.9591689289137852,0.4289385753266113,Diff-Means(burn-in=10.0),DM,,,10,20,169,10000,10.0,yes,0.035,0.9111475905555232
13444,0.5292707716358642,0.9640845162171003,0.4348137445812361,Diff-Means(burn-in=10.0),DM,,,10,20,169,10000,10.0,yes,0.035,0.9111475905555232
13445,0.5291301845444144,0.9707042402630247,0.4415740557186103,Diff-Means(burn-in=10.0),DM,,,10,20,169,10000,10.0,yes,0.035,0.9111475905555232
13446,0.5303538729971635,0.961169523850041,0.43081565085287743,Diff-Means(burn-in=10.0),DM,,,10,20,169,10000,10.0,yes,0.035,0.9111475905555232
13447,0.5281485366438383,0.9698821723543961,0.4417336357105578,Diff-Means(burn-in=10.0),DM,,,10,20,169,10000,10.0,yes,0.035,0.9111475905555232
13448,0.528314067720042,0.9747950319805013,0.44648096426045936,Diff-Means(burn-in=10.0),DM,,,10,20,169,10000,10.0,yes,0.035,0.9111475905555232
13449,0.5279923294018634,0.959654510211933,0.4316621808100697,Diff-Means(burn-in=10.0),DM,,,10,20,169,10000,10.0,yes,0.035,0.9111475905555232
13450,0.5300716365985351,0.9652713961302234,0.4351997595316883,Diff-Means(burn-in=10.0),DM,,,10,20,169,10000,10.0,yes,0.035,0.9111475905555232
13451,0.5307951894765413,0.9681248742599294,0.4373296847833882,Diff-Means(burn-in=10.0),DM,,,10,20,169,10000,10.0,yes,0.035,0.9111475905555232
13452,0.5304598821402663,0.9689867155716384,0.4385268334313721,Diff-Means(burn-in=10.0),DM,,,10,20,169,10000,10.0,yes,0.035,0.9111475905555232
13453,0.5283821860067902,0.9697903787246821,0.4414081927178919,Diff-Means(burn-in=10.0),DM,,,10,20,169,10000,10.0,yes,0.035,0.9111475905555232
13454,0.5300161032314712,0.971888908370324,0.44187280513885285,Diff-Means(burn-in=10.0),DM,,,10,20,169,10000,10.0,yes,0.035,0.9111475905555232
13455,0.5290175926846702,0.9609429596226732,0.431925366938003,Diff-Means(burn-in=10.0),DM,,,10,20,169,10000,10.0,yes,0.035,0.9111475905555232
13456,0.5310124844827367,0.9650278286061955,0.43401534412345877,Diff-Means(burn-in=10.0),DM,,,10,20,169,10000,10.0,yes,0.035,0.9111475905555232
13457,0.5284311045069274,0.9623827405926639,0.4339516360857365,Diff-Means(burn-in=10.0),DM,,,10,20,169,10000,10.0,yes,0.035,0.9111475905555232
13458,0.5309887173753184,0.9735454821024218,0.44255676472710337,Diff-Means(burn-in=10.0),DM,,,10,20,169,10000,10.0,yes,0.035,0.9111475905555232
13459,0.5294541871000338,0.9677044115414748,0.438250224441441,Diff-Means(burn-in=10.0),DM,,,10,20,169,10000,10.0,yes,0.035,0.9111475905555232
13460,0.5298692904920449,0.968757335241081,0.4388880447490361,Diff-Means(burn-in=10.0),DM,,,10,20,169,10000,10.0,yes,0.035,0.9111475905555232
13461,0.530703015202702,0.9655851702328688,0.4348821550301668,Diff-Means(burn-in=10.0),DM,,,10,20,169,10000,10.0,yes,0.035,0.9111475905555232
13462,0.5307541511408087,0.9588474261897915,0.42809327504898276,Diff-Means(burn-in=10.0),DM,,,10,20,169,10000,10.0,yes,0.035,0.9111475905555232
13463,0.5299224602676297,0.9714356757168726,0.44151321544924294,Diff-Means(burn-in=10.0),DM,,,10,20,169,10000,10.0,yes,0.035,0.9111475905555232
13464,0.5293850859956262,0.966473877163555,0.43708879116792887,Diff-Means(burn-in=10.0),DM,,,10,20,169,10000,10.0,yes,0.035,0.9111475905555232
13465,0.5294828373615327,0.9622706787879803,0.43278784142644766,Diff-Means(burn-in=10.0),DM,,,10,20,169,10000,10.0,yes,0.035,0.9111475905555232
13466,0.5287675839623962,0.9743017299285031,0.44553414596610685,Diff-Means(burn-in=10.0),DM,,,10,20,169,10000,10.0,yes,0.035,0.9111475905555232
13467,0.5288012294051956,0.9719222085655806,0.44312097916038506,Diff-Means(burn-in=10.0),DM,,,10,20,169,10000,10.0,yes,0.035,0.9111475905555232
13468,0.5284044860557934,0.972110888749774,0.44370640269398065,Diff-Means(burn-in=10.0),DM,,,10,20,169,10000,10.0,yes,0.035,0.9111475905555232
13469,0.5305225265712046,0.9692274419547047,0.4387049153835001,Diff-Means(burn-in=10.0),DM,,,10,20,169,10000,10.0,yes,0.035,0.9111475905555232
13470,0.5283429114905754,0.9671676264641508,0.43882471497357534,Diff-Means(burn-in=10.0),DM,,,10,20,169,10000,10.0,yes,0.035,0.9111475905555232
13471,0.5311858909017746,0.9703064204261781,0.4391205295244035,Diff-Means(burn-in=10.0),DM,,,10,20,169,10000,10.0,yes,0.035,0.9111475905555232
13472,0.5271374087021089,0.9525150186846657,0.4253776099825568,Diff-Means(burn-in=10.0),DM,,,10,20,169,10000,10.0,yes,0.035,0.9111475905555232
13473,0.5306923383162999,0.9669100752492797,0.4362177369329798,Diff-Means(burn-in=10.0),DM,,,10,20,169,10000,10.0,yes,0.035,0.9111475905555232
13474,0.5308399249973035,0.9683862959537297,0.43754637095642623,Diff-Means(burn-in=10.0),DM,,,10,20,169,10000,10.0,yes,0.035,0.9111475905555232
13475,0.5293793155885551,0.960267164925752,0.4308878493371969,Diff-Means(burn-in=10.0),DM,,,10,20,169,10000,10.0,yes,0.035,0.9111475905555232
13476,0.528641515527728,0.9699382293821716,0.4412967138544436,Diff-Means(burn-in=10.0),DM,,,10,20,169,10000,10.0,yes,0.035,0.9111475905555232
13477,0.5291625519008613,0.9671607516245708,0.43799819972370957,Diff-Means(burn-in=10.0),DM,,,10,20,169,10000,10.0,yes,0.035,0.9111475905555232
13478,0.5335313807902227,0.975382903666174,0.4418515228759513,Diff-Means(burn-in=10.0),DM,,,10,20,169,10000,10.0,yes,0.035,0.9111475905555232
13479,0.5319515495924201,0.9681854161815372,0.4362338665891171,Diff-Means(burn-in=10.0),DM,,,10,20,169,10000,10.0,yes,0.035,0.9111475905555232
13480,0.5300705630971375,0.9633876703632885,0.433317107266151,Diff-Means(burn-in=10.0),DM,,,10,20,169,10000,10.0,yes,0.035,0.9111475905555232
13481,0.5314166308209303,0.9637541692265165,0.4323375384055862,Diff-Means(burn-in=10.0),DM,,,10,20,169,10000,10.0,yes,0.035,0.9111475905555232
13482,0.5301908252427627,0.9669510916429503,0.4367602664001876,Diff-Means(burn-in=10.0),DM,,,10,20,169,10000,10.0,yes,0.035,0.9111475905555232
13483,0.5294085683570341,0.9753406812081449,0.4459321128511108,Diff-Means(burn-in=10.0),DM,,,10,20,169,10000,10.0,yes,0.035,0.9111475905555232
13484,0.5296678878186839,0.962422173467169,0.43275428564848506,Diff-Means(burn-in=10.0),DM,,,10,20,169,10000,10.0,yes,0.035,0.9111475905555232
13485,0.5274329250591359,0.9551668624019216,0.42773393734278575,Diff-Means(burn-in=10.0),DM,,,10,20,169,10000,10.0,yes,0.035,0.9111475905555232
13486,0.5279076593938142,0.9647843774700892,0.43687671807627493,Diff-Means(burn-in=10.0),DM,,,10,20,169,10000,10.0,yes,0.035,0.9111475905555232
13487,0.5283576582095693,0.9674058244205284,0.4390481662109591,Diff-Means(burn-in=10.0),DM,,,10,20,169,10000,10.0,yes,0.035,0.9111475905555232
13488,0.5289502249408757,0.9621378505679001,0.4331876256270244,Diff-Means(burn-in=10.0),DM,,,10,20,169,10000,10.0,yes,0.035,0.9111475905555232
13489,0.5295216088176328,0.9646901065531271,0.4351684977354944,Diff-Means(burn-in=10.0),DM,,,10,20,169,10000,10.0,yes,0.035,0.9111475905555232
13490,0.5289101516571618,0.9740804935093343,0.4451703418521725,Diff-Means(burn-in=10.0),DM,,,10,20,169,10000,10.0,yes,0.035,0.9111475905555232
13491,0.5301780003558731,0.9574257001751025,0.4272476998192294,Diff-Means(burn-in=10.0),DM,,,10,20,169,10000,10.0,yes,0.035,0.9111475905555232
13492,0.5283012849296335,0.9617488925805923,0.4334476076509588,Diff-Means(burn-in=10.0),DM,,,10,20,169,10000,10.0,yes,0.035,0.9111475905555232
13493,0.5296939060121976,0.9640133528375797,0.43431944682538215,Diff-Means(burn-in=10.0),DM,,,10,20,169,10000,10.0,yes,0.035,0.9111475905555232
13494,0.5296709356332661,0.952317227177485,0.42264629154421895,Diff-Means(burn-in=10.0),DM,,,10,20,169,10000,10.0,yes,0.035,0.9111475905555232
13495,0.5280805844846959,0.9633315505063749,0.435250966021679,Diff-Means(burn-in=10.0),DM,,,10,20,169,10000,10.0,yes,0.035,0.9111475905555232
13496,0.5312447289066494,0.9585019528776748,0.4272572239710254,Diff-Means(burn-in=10.0),DM,,,10,20,169,10000,10.0,yes,0.035,0.9111475905555232
13497,0.5301921079137797,0.9648837746017912,0.4346916666880115,Diff-Means(burn-in=10.0),DM,,,10,20,169,10000,10.0,yes,0.035,0.9111475905555232
13498,0.5286939490349614,0.9555756050820916,0.42688165604713024,Diff-Means(burn-in=10.0),DM,,,10,20,169,10000,10.0,yes,0.035,0.9111475905555232
13499,0.5295611973951371,0.9631221095804642,0.4335609121853271,Diff-Means(burn-in=10.0),DM,,,10,20,169,10000,10.0,yes,0.035,0.9111475905555232
13500,0.5292315188593321,0.957796783613391,0.428565264754059,Diff-Means(burn-in=10.0),DM,,,10,20,169,10000,10.0,yes,0.035,0.9111475905555232
13501,0.5292665598144235,0.9729674879624681,0.4437009281480446,Diff-Means(burn-in=10.0),DM,,,10,20,169,10000,10.0,yes,0.035,0.9111475905555232
13502,0.5294129364188094,0.96444338802588,0.43503045160707066,Diff-Means(burn-in=10.0),DM,,,10,20,169,10000,10.0,yes,0.035,0.9111475905555232
13503,0.5307837331121107,0.9686281631286514,0.4378444300165407,Diff-Means(burn-in=10.0),DM,,,10,20,169,10000,10.0,yes,0.035,0.9111475905555232
13504,0.5294096523023766,0.9627890564673414,0.4333794041649648,Diff-Means(burn-in=10.0),DM,,,10,20,169,10000,10.0,yes,0.035,0.9111475905555232
13505,0.5318373799969038,0.9620449195189544,0.4302075395220506,Diff-Means(burn-in=10.0),DM,,,10,20,169,10000,10.0,yes,0.035,0.9111475905555232
13506,0.5288584016839947,0.9743834563578216,0.44552505467382697,Diff-Means(burn-in=10.0),DM,,,10,20,169,10000,10.0,yes,0.035,0.9111475905555232
13507,0.5293592041258216,0.9610776088699419,0.43171840474412027,Diff-Means(burn-in=10.0),DM,,,10,20,169,10000,10.0,yes,0.035,0.9111475905555232
13508,0.5301918965016904,0.9615210588686687,0.43132916236697827,Diff-Means(burn-in=10.0),DM,,,10,20,169,10000,10.0,yes,0.035,0.9111475905555232
13509,0.529766191021326,0.9654511196499983,0.43568492862867225,Diff-Means(burn-in=10.0),DM,,,10,20,169,10000,10.0,yes,0.035,0.9111475905555232
13510,0.5304833851253322,0.9602708889055925,0.4297875037802603,Diff-Means(burn-in=10.0),DM,,,10,20,169,10000,10.0,yes,0.035,0.9111475905555232
13511,0.5327298226499414,0.9678074432946092,0.4350776206446678,Diff-Means(burn-in=10.0),DM,,,10,20,169,10000,10.0,yes,0.035,0.9111475905555232
13512,0.5285786623686239,0.975526248006288,0.446947585637664,Diff-Means(burn-in=10.0),DM,,,10,20,169,10000,10.0,yes,0.035,0.9111475905555232
13513,0.5297015240469863,0.9638283478272328,0.4341268237802465,Diff-Means(burn-in=10.0),DM,,,10,20,169,10000,10.0,yes,0.035,0.9111475905555232
13514,0.5332050743285757,0.9692949843563671,0.4360899100277914,Diff-Means(burn-in=10.0),DM,,,10,20,169,10000,10.0,yes,0.035,0.9111475905555232
13515,0.5309464474496381,0.9666445691433977,0.43569812169375954,Diff-Means(burn-in=10.0),DM,,,10,20,169,10000,10.0,yes,0.035,0.9111475905555232
13516,0.5294324289021504,0.9719348401861416,0.44250241128399126,Diff-Means(burn-in=10.0),DM,,,10,20,169,10000,10.0,yes,0.035,0.9111475905555232
13517,0.5283847424726434,0.960704624557184,0.43231988208454053,Diff-Means(burn-in=10.0),DM,,,10,20,169,10000,10.0,yes,0.035,0.9111475905555232
13518,0.5291064933078178,0.9633324244052864,0.43422593109746865,Diff-Means(burn-in=10.0),DM,,,10,20,169,10000,10.0,yes,0.035,0.9111475905555232
13519,0.5309438722112855,0.9784104910359191,0.4474666188246337,Diff-Means(burn-in=10.0),DM,,,10,20,169,10000,10.0,yes,0.035,0.9111475905555232
13520,0.5291291864312665,0.9642296566713296,0.43510047024006315,Diff-Means(burn-in=10.0),DM,,,10,20,169,10000,10.0,yes,0.035,0.9111475905555232
13521,0.528989569420067,0.9643483978038677,0.4353588283838007,Diff-Means(burn-in=10.0),DM,,,10,20,169,10000,10.0,yes,0.035,0.9111475905555232
13522,0.52931129933763,0.9648627806026538,0.43555148126502385,Diff-Means(burn-in=10.0),DM,,,10,20,169,10000,10.0,yes,0.035,0.9111475905555232
13523,0.5271052227818237,0.965589885329842,0.4384846625480183,Diff-Means(burn-in=10.0),DM,,,10,20,169,10000,10.0,yes,0.035,0.9111475905555232
13524,0.5310410471539877,0.9702028813150637,0.439161834161076,Diff-Means(burn-in=10.0),DM,,,10,20,169,10000,10.0,yes,0.035,0.9111475905555232
13525,0.5278583178879734,0.9753305176990721,0.44747219981109865,Diff-Means(burn-in=10.0),DM,,,10,20,169,10000,10.0,yes,0.035,0.9111475905555232
13526,0.5287538452792754,0.9676255537775739,0.4388717084982985,Diff-Means(burn-in=10.0),DM,,,10,20,169,10000,10.0,yes,0.035,0.9111475905555232
13527,0.5300362888488607,0.9671488944305598,0.4371126055816992,Diff-Means(burn-in=10.0),DM,,,10,20,169,10000,10.0,yes,0.035,0.9111475905555232
13528,0.5317199019001352,0.9696793230717718,0.43795942117163666,Diff-Means(burn-in=10.0),DM,,,10,20,169,10000,10.0,yes,0.035,0.9111475905555232
13529,0.5302500954321254,0.9696765710814228,0.4394264756492974,Diff-Means(burn-in=10.0),DM,,,10,20,169,10000,10.0,yes,0.035,0.9111475905555232
13530,0.5298060576940735,0.9649778046829898,0.43517174698891625,Diff-Means(burn-in=10.0),DM,,,10,20,169,10000,10.0,yes,0.035,0.9111475905555232
13531,0.5305991669042972,0.9673060255399515,0.4367068586356543,Diff-Means(burn-in=10.0),DM,,,10,20,169,10000,10.0,yes,0.035,0.9111475905555232
13532,0.5311610534596077,0.962447293319283,0.4312862398596753,Diff-Means(burn-in=10.0),DM,,,10,20,169,10000,10.0,yes,0.035,0.9111475905555232
13533,0.5285918485119498,0.9597776281700835,0.43118577965813365,Diff-Means(burn-in=10.0),DM,,,10,20,169,10000,10.0,yes,0.035,0.9111475905555232
13534,0.5278620526289377,0.9627583760280252,0.43489632339908746,Diff-Means(burn-in=10.0),DM,,,10,20,169,10000,10.0,yes,0.035,0.9111475905555232
13535,0.5306735371485828,0.9658653301797296,0.43519179303114686,Diff-Means(burn-in=10.0),DM,,,10,20,169,10000,10.0,yes,0.035,0.9111475905555232
13536,0.5307889451594785,0.9637328610446436,0.4329439158851651,Diff-Means(burn-in=10.0),DM,,,10,20,169,10000,10.0,yes,0.035,0.9111475905555232
13537,0.5287702300767017,0.9712783780717275,0.4425081479950258,Diff-Means(burn-in=10.0),DM,,,10,20,169,10000,10.0,yes,0.035,0.9111475905555232
13538,0.5285055552908583,0.964596399154178,0.43609084386331975,Diff-Means(burn-in=10.0),DM,,,10,20,169,10000,10.0,yes,0.035,0.9111475905555232
13539,0.529524944472532,0.9498138733340903,0.42028892886155833,Diff-Means(burn-in=10.0),DM,,,10,20,169,10000,10.0,yes,0.035,0.9111475905555232
13540,0.5300682687457828,0.9615695780383221,0.43150130929253927,Diff-Means(burn-in=10.0),DM,,,10,20,169,10000,10.0,yes,0.035,0.9111475905555232
13541,0.529534648638936,0.9646904263974102,0.43515577775847425,Diff-Means(burn-in=10.0),DM,,,10,20,169,10000,10.0,yes,0.035,0.9111475905555232
13542,0.532757232067461,0.9730166104056619,0.44025937833820095,Diff-Means(burn-in=10.0),DM,,,10,20,169,10000,10.0,yes,0.035,0.9111475905555232
13543,0.5321755039758673,0.9579943174320491,0.4258188134561818,Diff-Means(burn-in=10.0),DM,,,10,20,169,10000,10.0,yes,0.035,0.9111475905555232
13544,0.5292069211161293,0.9552558408131918,0.4260489196970625,Diff-Means(burn-in=10.0),DM,,,10,20,169,10000,10.0,yes,0.035,0.9111475905555232
13545,0.5324734036971371,0.9699304751178918,0.43745707142075463,Diff-Means(burn-in=10.0),DM,,,10,20,169,10000,10.0,yes,0.035,0.9111475905555232
13546,0.529371884989452,0.9653495876574196,0.43597770266796765,Diff-Means(burn-in=10.0),DM,,,10,20,169,10000,10.0,yes,0.035,0.9111475905555232
13547,0.5300984698512007,0.9593393151673134,0.42924084531611273,Diff-Means(burn-in=10.0),DM,,,10,20,169,10000,10.0,yes,0.035,0.9111475905555232
13548,0.5298226953562111,0.9679796185857995,0.43815692322958844,Diff-Means(burn-in=10.0),DM,,,10,20,169,10000,10.0,yes,0.035,0.9111475905555232
13549,0.5294385734719158,0.9696648434826243,0.44022627001070846,Diff-Means(burn-in=10.0),DM,,,10,20,169,10000,10.0,yes,0.035,0.9111475905555232
13550,0.5324460663746622,0.9675884811249502,0.43514241475028803,Diff-Means(burn-in=10.0),DM,,,10,20,169,10000,10.0,yes,0.035,0.9111475905555232
13551,0.528577475935189,0.9696422794007606,0.44106480346557164,Diff-Means(burn-in=10.0),DM,,,10,20,169,10000,10.0,yes,0.035,0.9111475905555232
13552,0.5306348012026544,0.9654184381014068,0.43478363689875243,Diff-Means(burn-in=10.0),DM,,,10,20,169,10000,10.0,yes,0.035,0.9111475905555232
13553,0.5285513694296023,0.9621879178852385,0.43363654845563615,Diff-Means(burn-in=10.0),DM,,,10,20,169,10000,10.0,yes,0.035,0.9111475905555232
13554,0.5276557031948845,0.9667006351962867,0.43904493200140216,Diff-Means(burn-in=10.0),DM,,,10,20,169,10000,10.0,yes,0.035,0.9111475905555232
13555,0.529980156876448,0.9724128050245531,0.4424326481481051,Diff-Means(burn-in=10.0),DM,,,10,20,169,10000,10.0,yes,0.035,0.9111475905555232
13556,0.5305260336402102,0.9622269714984582,0.4317009378582479,Diff-Means(burn-in=10.0),DM,,,10,20,169,10000,10.0,yes,0.035,0.9111475905555232
13557,0.5277186774389234,0.97106457364611,0.44334589620718656,Diff-Means(burn-in=10.0),DM,,,10,20,169,10000,10.0,yes,0.035,0.9111475905555232
13558,0.5317614584226316,0.9668676068237689,0.43510614840113737,Diff-Means(burn-in=10.0),DM,,,10,20,169,10000,10.0,yes,0.035,0.9111475905555232
13559,0.5301442006660309,0.9652192304709867,0.4350750298049558,Diff-Means(burn-in=10.0),DM,,,10,20,169,10000,10.0,yes,0.035,0.9111475905555232
13560,0.5272165360066688,0.9747580969412184,0.44754156093454955,Diff-Means(burn-in=10.0),DM,,,10,20,169,10000,10.0,yes,0.035,0.9111475905555232
13561,0.5305773492045996,0.9549964200066162,0.4244190708020166,Diff-Means(burn-in=10.0),DM,,,10,20,169,10000,10.0,yes,0.035,0.9111475905555232
13562,0.5293225877139592,0.9726704090625465,0.4433478213485873,Diff-Means(burn-in=10.0),DM,,,10,20,169,10000,10.0,yes,0.035,0.9111475905555232
13563,0.5285674786841824,0.963193162396374,0.43462568371219157,Diff-Means(burn-in=10.0),DM,,,10,20,169,10000,10.0,yes,0.035,0.9111475905555232
13564,0.5299339273193235,0.964934107679632,0.4350001803603084,Diff-Means(burn-in=10.0),DM,,,10,20,169,10000,10.0,yes,0.035,0.9111475905555232
13565,0.5282185866833676,0.9694944938355148,0.44127590715214715,Diff-Means(burn-in=10.0),DM,,,10,20,169,10000,10.0,yes,0.035,0.9111475905555232
13566,0.5293052479831535,0.966125221500875,0.4368199735177215,Diff-Means(burn-in=10.0),DM,,,10,20,169,10000,10.0,yes,0.035,0.9111475905555232
13567,0.5278743881625739,0.959433710500567,0.4315593223379931,Diff-Means(burn-in=10.0),DM,,,10,20,169,10000,10.0,yes,0.035,0.9111475905555232
13568,0.5271282711747419,0.9622095792043278,0.4350813080295859,Diff-Means(burn-in=10.0),DM,,,10,20,169,10000,10.0,yes,0.035,0.9111475905555232
13569,0.5305068490134387,0.9687546289090511,0.43824777989561237,Diff-Means(burn-in=10.0),DM,,,10,20,169,10000,10.0,yes,0.035,0.9111475905555232
13570,0.5321534783921669,0.9679303666407572,0.4357768882485903,Diff-Means(burn-in=10.0),DM,,,10,20,169,10000,10.0,yes,0.035,0.9111475905555232
13571,0.5321970149124203,0.9656727853290816,0.4334757704166613,Diff-Means(burn-in=10.0),DM,,,10,20,169,10000,10.0,yes,0.035,0.9111475905555232
13572,0.5313142072689165,0.967769088129812,0.43645488086089546,Diff-Means(burn-in=10.0),DM,,,10,20,169,10000,10.0,yes,0.035,0.9111475905555232
13573,0.5290116955606141,0.963139753760912,0.4341280582002979,Diff-Means(burn-in=10.0),DM,,,10,20,169,10000,10.0,yes,0.035,0.9111475905555232
13574,0.5293231652728437,0.9502454865937487,0.420922321320905,Diff-Means(burn-in=10.0),DM,,,10,20,169,10000,10.0,yes,0.035,0.9111475905555232
13575,0.5324599582423295,0.9695443973497074,0.43708443910737793,Diff-Means(burn-in=10.0),DM,,,10,20,169,10000,10.0,yes,0.035,0.9111475905555232
13576,0.5308783257446901,0.9696184898757694,0.4387401641310793,Diff-Means(burn-in=10.0),DM,,,10,20,169,10000,10.0,yes,0.035,0.9111475905555232
13577,0.5287878566264611,0.964413897517431,0.4356260408909699,Diff-Means(burn-in=10.0),DM,,,10,20,169,10000,10.0,yes,0.035,0.9111475905555232
13578,0.5273725391942838,0.9645861697637369,0.43721363056945306,Diff-Means(burn-in=10.0),DM,,,10,20,169,10000,10.0,yes,0.035,0.9111475905555232
13579,0.5286706265192801,0.9583858696792193,0.42971524315993925,Diff-Means(burn-in=10.0),DM,,,10,20,169,10000,10.0,yes,0.035,0.9111475905555232
13580,0.52751915830792,0.9669026869640353,0.4393835286561153,Diff-Means(burn-in=10.0),DM,,,10,20,169,10000,10.0,yes,0.035,0.9111475905555232
13581,0.5277958255840209,0.9590124480408921,0.4312166224568712,Diff-Means(burn-in=10.0),DM,,,10,20,169,10000,10.0,yes,0.035,0.9111475905555232
13582,0.5297167452116283,0.9611948704863128,0.43147812527468454,Diff-Means(burn-in=10.0),DM,,,10,20,169,10000,10.0,yes,0.035,0.9111475905555232
13583,0.5305208962631147,0.9581524108921138,0.42763151462899907,Diff-Means(burn-in=10.0),DM,,,10,20,169,10000,10.0,yes,0.035,0.9111475905555232
13584,0.5317792766733888,0.974794320734812,0.4430150440614232,Diff-Means(burn-in=10.0),DM,,,10,20,169,10000,10.0,yes,0.035,0.9111475905555232
13585,0.5284261641424853,0.9611352773914008,0.4327091132489155,Diff-Means(burn-in=10.0),DM,,,10,20,169,10000,10.0,yes,0.035,0.9111475905555232
13586,0.5285053066271788,0.9682300760782042,0.43972476945102545,Diff-Means(burn-in=10.0),DM,,,10,20,169,10000,10.0,yes,0.035,0.9111475905555232
13587,0.5327826823298557,0.9647261317510241,0.43194344942116836,Diff-Means(burn-in=10.0),DM,,,10,20,169,10000,10.0,yes,0.035,0.9111475905555232
13588,0.5300087960614006,0.9679902189543351,0.4379814228929345,Diff-Means(burn-in=10.0),DM,,,10,20,169,10000,10.0,yes,0.035,0.9111475905555232
13589,0.5320634713834166,0.9738363113247517,0.4417728399413351,Diff-Means(burn-in=10.0),DM,,,10,20,169,10000,10.0,yes,0.035,0.9111475905555232
13590,0.5287799166509114,0.9665219874890929,0.4377420708381815,Diff-Means(burn-in=10.0),DM,,,10,20,169,10000,10.0,yes,0.035,0.9111475905555232
13591,0.5295102162928631,0.9764147838654742,0.4469045675726111,Diff-Means(burn-in=10.0),DM,,,10,20,169,10000,10.0,yes,0.035,0.9111475905555232
13592,0.5286067119842837,0.964520437386037,0.4359137254017533,Diff-Means(burn-in=10.0),DM,,,10,20,169,10000,10.0,yes,0.035,0.9111475905555232
13593,0.5313188755772292,0.9764556685135193,0.44513679293629005,Diff-Means(burn-in=10.0),DM,,,10,20,169,10000,10.0,yes,0.035,0.9111475905555232
13594,0.5302945044495538,0.963773960457263,0.4334794560077092,Diff-Means(burn-in=10.0),DM,,,10,20,169,10000,10.0,yes,0.035,0.9111475905555232
13595,0.5296206516775013,0.9628142541879183,0.43319360251041705,Diff-Means(burn-in=10.0),DM,,,10,20,169,10000,10.0,yes,0.035,0.9111475905555232
13596,0.529456537401891,0.9645955744529526,0.4351390370510616,Diff-Means(burn-in=10.0),DM,,,10,20,169,10000,10.0,yes,0.035,0.9111475905555232
13597,0.5295724734156845,0.9651502622213358,0.43557778880565134,Diff-Means(burn-in=10.0),DM,,,10,20,169,10000,10.0,yes,0.035,0.9111475905555232
13598,0.528053538525901,0.9595932452527935,0.43153970672689257,Diff-Means(burn-in=10.0),DM,,,10,20,169,10000,10.0,yes,0.035,0.9111475905555232
13599,0.5283634335138433,0.9670497907187793,0.438686357204936,Diff-Means(burn-in=10.0),DM,,,10,20,169,10000,10.0,yes,0.035,0.9111475905555232
13600,0.5330142600255151,0.9594712988498709,0.4264570388243558,Diff-Means(burn-in=10.0),DM,,,10,20,169,10000,10.0,yes,0.035,0.9111475905555232
13601,0.5298016733034473,0.9716888111145117,0.44188713781106437,Diff-Means(burn-in=10.0),DM,,,10,20,169,10000,10.0,yes,0.035,0.9111475905555232
13602,0.5283263591938253,0.9694721519111712,0.4411457927173459,Diff-Means(burn-in=10.0),DM,,,10,20,169,10000,10.0,yes,0.035,0.9111475905555232
13603,0.5294910337233527,0.9580187037302068,0.4285276700068541,Diff-Means(burn-in=10.0),DM,,,10,20,169,10000,10.0,yes,0.035,0.9111475905555232
13604,0.5284172089656708,0.9677822219662715,0.4393650130006007,Diff-Means(burn-in=10.0),DM,,,10,20,169,10000,10.0,yes,0.035,0.9111475905555232
13605,0.5279639439695235,0.9579949973901105,0.430031053420587,Diff-Means(burn-in=10.0),DM,,,10,20,169,10000,10.0,yes,0.035,0.9111475905555232
13606,0.5296726417455546,0.9609344322898475,0.4312617905442929,Diff-Means(burn-in=10.0),DM,,,10,20,169,10000,10.0,yes,0.035,0.9111475905555232
13607,0.5300655241854613,0.97114266503181,0.44107714084634875,Diff-Means(burn-in=10.0),DM,,,10,20,169,10000,10.0,yes,0.035,0.9111475905555232
13608,0.5290454039900337,0.9695902545412389,0.4405448505512052,Diff-Means(burn-in=10.0),DM,,,10,20,169,10000,10.0,yes,0.035,0.9111475905555232
13609,0.5308805739962416,0.9641217848913132,0.4332412108950716,Diff-Means(burn-in=10.0),DM,,,10,20,169,10000,10.0,yes,0.035,0.9111475905555232
13610,0.5292334259517298,0.9639602297682582,0.4347268038165284,Diff-Means(burn-in=10.0),DM,,,10,20,169,10000,10.0,yes,0.035,0.9111475905555232
13611,0.5307126019550197,0.9761195554922667,0.445406953537247,Diff-Means(burn-in=10.0),DM,,,10,20,169,10000,10.0,yes,0.035,0.9111475905555232
13612,0.529672676050721,0.9708567158870725,0.44118403983635146,Diff-Means(burn-in=10.0),DM,,,10,20,169,10000,10.0,yes,0.035,0.9111475905555232
13613,0.5272674060618476,0.9657200761141307,0.43845267005228306,Diff-Means(burn-in=10.0),DM,,,10,20,169,10000,10.0,yes,0.035,0.9111475905555232
13614,0.5297622363927469,0.9619765425049338,0.4322143061121869,Diff-Means(burn-in=10.0),DM,,,10,20,169,10000,10.0,yes,0.035,0.9111475905555232
13615,0.52932976343926,0.9754037989985307,0.4460740355592707,Diff-Means(burn-in=10.0),DM,,,10,20,169,10000,10.0,yes,0.035,0.9111475905555232
13616,0.5292452452534043,0.9639754743380597,0.4347302290846554,Diff-Means(burn-in=10.0),DM,,,10,20,169,10000,10.0,yes,0.035,0.9111475905555232
13617,0.5320355364289017,0.967583085201142,0.43554754877224033,Diff-Means(burn-in=10.0),DM,,,10,20,169,10000,10.0,yes,0.035,0.9111475905555232
13618,0.5297582679661906,0.9658230251799098,0.4360647572137192,Diff-Means(burn-in=10.0),DM,,,10,20,169,10000,10.0,yes,0.035,0.9111475905555232
13619,0.5288181114002984,0.963503000236504,0.4346848888362056,Diff-Means(burn-in=10.0),DM,,,10,20,169,10000,10.0,yes,0.035,0.9111475905555232
13620,0.5288495030795514,0.9645201195032921,0.4356706164237407,Diff-Means(burn-in=10.0),DM,,,10,20,169,10000,10.0,yes,0.035,0.9111475905555232
13621,0.5295953782348841,0.9698345378612153,0.4402391596263312,Diff-Means(burn-in=10.0),DM,,,10,20,169,10000,10.0,yes,0.035,0.9111475905555232
13622,0.5280334735762597,0.9623651477471885,0.43433167417092877,Diff-Means(burn-in=10.0),DM,,,10,20,169,10000,10.0,yes,0.035,0.9111475905555232
13623,0.5317986913416073,0.9688547331971697,0.43705604185556246,Diff-Means(burn-in=10.0),DM,,,10,20,169,10000,10.0,yes,0.035,0.9111475905555232
13624,0.5297676022663751,0.9645096034495222,0.4347420011831471,Diff-Means(burn-in=10.0),DM,,,10,20,169,10000,10.0,yes,0.035,0.9111475905555232
13625,0.5283325200502532,0.9599490534844379,0.4316165334341847,Diff-Means(burn-in=10.0),DM,,,10,20,169,10000,10.0,yes,0.035,0.9111475905555232
13626,0.5296095517415964,0.9597501164782849,0.4301405647366885,Diff-Means(burn-in=10.0),DM,,,10,20,169,10000,10.0,yes,0.035,0.9111475905555232
13627,0.5310344924675088,0.9768120811524202,0.44577758868491146,Diff-Means(burn-in=10.0),DM,,,10,20,169,10000,10.0,yes,0.035,0.9111475905555232
13628,0.5286791815383458,0.9669912180921155,0.4383120365537697,Diff-Means(burn-in=10.0),DM,,,10,20,169,10000,10.0,yes,0.035,0.9111475905555232
13629,0.5296727372849892,0.9614803688713723,0.43180763158638313,Diff-Means(burn-in=10.0),DM,,,10,20,169,10000,10.0,yes,0.035,0.9111475905555232
13630,0.5307929282595029,0.9710990322297491,0.4403061039702463,Diff-Means(burn-in=10.0),DM,,,10,20,169,10000,10.0,yes,0.035,0.9111475905555232
13631,0.5304295359227221,0.9638985451806468,0.43346900925792464,Diff-Means(burn-in=10.0),DM,,,10,20,169,10000,10.0,yes,0.035,0.9111475905555232
13632,0.5305904237997621,0.9583728773698323,0.4277824535700703,Diff-Means(burn-in=10.0),DM,,,10,20,169,10000,10.0,yes,0.035,0.9111475905555232
13633,0.5288443920479549,0.9681050502324047,0.4392606581844498,Diff-Means(burn-in=10.0),DM,,,10,20,169,10000,10.0,yes,0.035,0.9111475905555232
13634,0.529295574011791,0.9715914407189973,0.44229586670720633,Diff-Means(burn-in=10.0),DM,,,10,20,169,10000,10.0,yes,0.035,0.9111475905555232
13635,0.5290563519950257,0.9550260221936547,0.4259696701986291,Diff-Means(burn-in=10.0),DM,,,10,20,169,10000,10.0,yes,0.035,0.9111475905555232
13636,0.5307414147142627,0.9652517812354359,0.43451036652117314,Diff-Means(burn-in=10.0),DM,,,10,20,169,10000,10.0,yes,0.035,0.9111475905555232
13637,0.5281046401104332,0.9657317062109586,0.4376270661005254,Diff-Means(burn-in=10.0),DM,,,10,20,169,10000,10.0,yes,0.035,0.9111475905555232
13638,0.5281905260921684,0.96161931006389,0.4334287839717216,Diff-Means(burn-in=10.0),DM,,,10,20,169,10000,10.0,yes,0.035,0.9111475905555232
13639,0.5273449341920468,0.9605555152278539,0.4332105810358071,Diff-Means(burn-in=10.0),DM,,,10,20,169,10000,10.0,yes,0.035,0.9111475905555232
13640,0.5302847029971445,0.9666882517073683,0.4364035487102238,Diff-Means(burn-in=10.0),DM,,,10,20,169,10000,10.0,yes,0.035,0.9111475905555232
13641,0.5288951950026204,0.9607310510270161,0.43183585602439567,Diff-Means(burn-in=10.0),DM,,,10,20,169,10000,10.0,yes,0.035,0.9111475905555232
13642,0.5300137157620028,0.964892201571954,0.43487848580995114,Diff-Means(burn-in=10.0),DM,,,10,20,169,10000,10.0,yes,0.035,0.9111475905555232
13643,0.5292060503852049,0.9602582980432143,0.4310522476580094,Diff-Means(burn-in=10.0),DM,,,10,20,169,10000,10.0,yes,0.035,0.9111475905555232
13644,0.5303697124370398,0.9685903470403242,0.4382206346032844,Diff-Means(burn-in=10.0),DM,,,10,20,169,10000,10.0,yes,0.035,0.9111475905555232
13645,0.5297264544208637,0.9622761186417054,0.4325496642208416,Diff-Means(burn-in=10.0),DM,,,10,20,169,10000,10.0,yes,0.035,0.9111475905555232
13646,0.5290565650027607,0.9654578735223105,0.43640130851954984,Diff-Means(burn-in=10.0),DM,,,10,20,169,10000,10.0,yes,0.035,0.9111475905555232
13647,0.5284570493363108,0.9653726457790379,0.43691559644272715,Diff-Means(burn-in=10.0),DM,,,10,20,169,10000,10.0,yes,0.035,0.9111475905555232
13648,0.5311074702872975,0.9630394119202466,0.431931941632949,Diff-Means(burn-in=10.0),DM,,,10,20,169,10000,10.0,yes,0.035,0.9111475905555232
13649,0.5300334962556841,0.9586925476286172,0.42865905137293314,Diff-Means(burn-in=10.0),DM,,,10,20,169,10000,10.0,yes,0.035,0.9111475905555232
13650,0.5292815656585793,0.9594614615629811,0.43017989590440175,Diff-Means(burn-in=10.0),DM,,,10,20,169,10000,10.0,yes,0.035,0.9111475905555232
13651,0.5293497929373449,0.9619001029478024,0.4325503100104575,Diff-Means(burn-in=10.0),DM,,,10,20,169,10000,10.0,yes,0.035,0.9111475905555232
13652,0.5314645606179141,0.9664879134343584,0.4350233528164442,Diff-Means(burn-in=10.0),DM,,,10,20,169,10000,10.0,yes,0.035,0.9111475905555232
13653,0.5318542954504939,0.9649580226945552,0.4331037272440613,Diff-Means(burn-in=10.0),DM,,,10,20,169,10000,10.0,yes,0.035,0.9111475905555232
13654,0.528835011662846,0.9672619722862458,0.4384269606233998,Diff-Means(burn-in=10.0),DM,,,10,20,169,10000,10.0,yes,0.035,0.9111475905555232
13655,0.5286057274422377,0.9622816478775766,0.433675920435339,Diff-Means(burn-in=10.0),DM,,,10,20,169,10000,10.0,yes,0.035,0.9111475905555232
13656,0.5323447601184179,0.9658819990556935,0.4335372389372756,Diff-Means(burn-in=10.0),DM,,,10,20,169,10000,10.0,yes,0.035,0.9111475905555232
13657,0.5316476879572503,0.9666650995127829,0.43501741155553264,Diff-Means(burn-in=10.0),DM,,,10,20,169,10000,10.0,yes,0.035,0.9111475905555232
13658,0.5329020632884813,0.9734324474726862,0.44053038418420487,Diff-Means(burn-in=10.0),DM,,,10,20,169,10000,10.0,yes,0.035,0.9111475905555232
13659,0.5278563877558579,0.9655385434999234,0.43768215574406555,Diff-Means(burn-in=10.0),DM,,,10,20,169,10000,10.0,yes,0.035,0.9111475905555232
13660,0.5308128139152123,0.9711947862574906,0.44038197234227827,Diff-Means(burn-in=10.0),DM,,,10,20,169,10000,10.0,yes,0.035,0.9111475905555232
13661,0.527381174174458,0.9633360474222284,0.4359548732477705,Diff-Means(burn-in=10.0),DM,,,10,20,169,10000,10.0,yes,0.035,0.9111475905555232
13662,0.5292311927323695,0.9619727601664148,0.43274156743404524,Diff-Means(burn-in=10.0),DM,,,10,20,169,10000,10.0,yes,0.035,0.9111475905555232
13663,0.52949473319326,0.9621712026315743,0.4326764694383143,Diff-Means(burn-in=10.0),DM,,,10,20,169,10000,10.0,yes,0.035,0.9111475905555232
13664,0.5279793725930035,0.961795912823581,0.4338165402305775,Diff-Means(burn-in=10.0),DM,,,10,20,169,10000,10.0,yes,0.035,0.9111475905555232
13665,0.5300287538941887,0.9678755143315825,0.4378467604373938,Diff-Means(burn-in=10.0),DM,,,10,20,169,10000,10.0,yes,0.035,0.9111475905555232
13666,0.529741759112559,0.9620890596714944,0.43234730055893533,Diff-Means(burn-in=10.0),DM,,,10,20,169,10000,10.0,yes,0.035,0.9111475905555232
13667,0.5320631311075014,0.9624350138011929,0.43037188269369153,Diff-Means(burn-in=10.0),DM,,,10,20,169,10000,10.0,yes,0.035,0.9111475905555232
13668,0.5304070565943526,0.9592941795351104,0.4288871229407578,Diff-Means(burn-in=10.0),DM,,,10,20,169,10000,10.0,yes,0.035,0.9111475905555232
13669,0.5304292064714105,0.9685359032923057,0.4381066968208952,Diff-Means(burn-in=10.0),DM,,,10,20,169,10000,10.0,yes,0.035,0.9111475905555232
13670,0.5314100984867154,0.9684085260374368,0.4369984275507214,Diff-Means(burn-in=10.0),DM,,,10,20,169,10000,10.0,yes,0.035,0.9111475905555232
13671,0.529304238359213,0.959755736586659,0.430451498227446,Diff-Means(burn-in=10.0),DM,,,10,20,169,10000,10.0,yes,0.035,0.9111475905555232
13672,0.5318420577900563,0.9781711304007411,0.4463290726106848,Diff-Means(burn-in=10.0),DM,,,10,20,169,10000,10.0,yes,0.035,0.9111475905555232
13673,0.5303054392260266,0.9696473887486363,0.43934194952260974,Diff-Means(burn-in=10.0),DM,,,10,20,169,10000,10.0,yes,0.035,0.9111475905555232
13674,0.5272203598633582,0.9622862931483998,0.4350659332850415,Diff-Means(burn-in=10.0),DM,,,10,20,169,10000,10.0,yes,0.035,0.9111475905555232
13675,0.5290310613486099,0.9752380681169078,0.44620700676829794,Diff-Means(burn-in=10.0),DM,,,10,20,169,10000,10.0,yes,0.035,0.9111475905555232
13676,0.5311189489791598,0.9613269789067107,0.4302080299275509,Diff-Means(burn-in=10.0),DM,,,10,20,169,10000,10.0,yes,0.035,0.9111475905555232
13677,0.5300693540231679,0.9676230523845302,0.43755369836136226,Diff-Means(burn-in=10.0),DM,,,10,20,169,10000,10.0,yes,0.035,0.9111475905555232
13678,0.5280737733152694,0.958067672355607,0.4299938990403376,Diff-Means(burn-in=10.0),DM,,,10,20,169,10000,10.0,yes,0.035,0.9111475905555232
13679,0.5300303447381547,0.9652943803756946,0.4352640356375399,Diff-Means(burn-in=10.0),DM,,,10,20,169,10000,10.0,yes,0.035,0.9111475905555232
13680,0.5306261569776871,0.9611810779481975,0.4305549209705104,Diff-Means(burn-in=10.0),DM,,,10,20,169,10000,10.0,yes,0.035,0.9111475905555232
13681,0.528094651987761,0.9680301981531146,0.4399355461653537,Diff-Means(burn-in=10.0),DM,,,10,20,169,10000,10.0,yes,0.035,0.9111475905555232
13682,0.5282004151055444,0.964560504153381,0.43636008904783663,Diff-Means(burn-in=10.0),DM,,,10,20,169,10000,10.0,yes,0.035,0.9111475905555232
13683,0.5299107702394519,0.9614664268870677,0.43155565664761586,Diff-Means(burn-in=10.0),DM,,,10,20,169,10000,10.0,yes,0.035,0.9111475905555232
13684,0.5311582289029516,0.9704565249845227,0.4392982960815711,Diff-Means(burn-in=10.0),DM,,,10,20,169,10000,10.0,yes,0.035,0.9111475905555232
13685,0.531074839935169,0.9628439843050772,0.4317691443699082,Diff-Means(burn-in=10.0),DM,,,10,20,169,10000,10.0,yes,0.035,0.9111475905555232
13686,0.5313967581353819,0.966928669442047,0.43553191130666513,Diff-Means(burn-in=10.0),DM,,,10,20,169,10000,10.0,yes,0.035,0.9111475905555232
13687,0.5318647271154893,0.9734910665166316,0.4416263394011424,Diff-Means(burn-in=10.0),DM,,,10,20,169,10000,10.0,yes,0.035,0.9111475905555232
13688,0.530480205462646,0.9702381944444464,0.4397579889818004,Diff-Means(burn-in=10.0),DM,,,10,20,169,10000,10.0,yes,0.035,0.9111475905555232
13689,0.5320396611568121,0.9694502545598753,0.4374105934030632,Diff-Means(burn-in=10.0),DM,,,10,20,169,10000,10.0,yes,0.035,0.9111475905555232
13690,0.5308480426602701,0.9731236335528205,0.4422755908925504,Diff-Means(burn-in=10.0),DM,,,10,20,169,10000,10.0,yes,0.035,0.9111475905555232
13691,0.5283786331347817,0.9604934281492331,0.4321147950144514,Diff-Means(burn-in=10.0),DM,,,10,20,169,10000,10.0,yes,0.035,0.9111475905555232
13692,0.5294778773438983,0.9645654344960978,0.4350875571521995,Diff-Means(burn-in=10.0),DM,,,10,20,169,10000,10.0,yes,0.035,0.9111475905555232
13693,0.5307327811171457,0.9721112330871214,0.4413784519699757,Diff-Means(burn-in=10.0),DM,,,10,20,169,10000,10.0,yes,0.035,0.9111475905555232
13694,0.5334208777703608,0.9714631011761997,0.43804222340583887,Diff-Means(burn-in=10.0),DM,,,10,20,169,10000,10.0,yes,0.035,0.9111475905555232
13695,0.5301030096852065,0.9587261350090943,0.4286231253238878,Diff-Means(burn-in=10.0),DM,,,10,20,169,10000,10.0,yes,0.035,0.9111475905555232
13696,0.5294084260318904,0.9648430580880399,0.4354346320561495,Diff-Means(burn-in=10.0),DM,,,10,20,169,10000,10.0,yes,0.035,0.9111475905555232
13697,0.5285370753392392,0.9673500948192987,0.43881301948005946,Diff-Means(burn-in=10.0),DM,,,10,20,169,10000,10.0,yes,0.035,0.9111475905555232
13698,0.5288913981010116,0.9661892490804516,0.43729785097943996,Diff-Means(burn-in=10.0),DM,,,10,20,169,10000,10.0,yes,0.035,0.9111475905555232
13699,0.5294892666574496,0.9713803492405174,0.44189108258306786,Diff-Means(burn-in=10.0),DM,,,10,20,169,10000,10.0,yes,0.035,0.9111475905555232
13700,0.5280474225563684,0.965727818193046,0.4376803956366776,Diff-Means(burn-in=10.0),DM,,,10,20,169,10000,10.0,yes,0.035,0.9111475905555232
13701,0.5293688006924147,0.9600070161174261,0.43063821542501146,Diff-Means(burn-in=10.0),DM,,,10,20,169,10000,10.0,yes,0.035,0.9111475905555232
13702,0.5263276233198508,0.9573900761658577,0.43106245284600686,Diff-Means(burn-in=10.0),DM,,,10,20,169,10000,10.0,yes,0.035,0.9111475905555232
13703,0.5288800674562781,0.9659656077472094,0.4370855402909313,Diff-Means(burn-in=10.0),DM,,,10,20,169,10000,10.0,yes,0.035,0.9111475905555232
13704,0.5306446184779247,0.9696967753275516,0.43905215684962695,Diff-Means(burn-in=10.0),DM,,,10,20,169,10000,10.0,yes,0.035,0.9111475905555232
13705,0.5309626922828348,0.9670429279985311,0.4360802357156963,Diff-Means(burn-in=10.0),DM,,,10,20,169,10000,10.0,yes,0.035,0.9111475905555232
13706,0.5287058409888216,0.9629649961088073,0.4342591551199857,Diff-Means(burn-in=10.0),DM,,,10,20,169,10000,10.0,yes,0.035,0.9111475905555232
13707,0.5313741032534985,0.962982366027441,0.4316082627739425,Diff-Means(burn-in=10.0),DM,,,10,20,169,10000,10.0,yes,0.035,0.9111475905555232
13708,0.5287381889718085,0.962102152088099,0.43336396311629055,Diff-Means(burn-in=10.0),DM,,,10,20,169,10000,10.0,yes,0.035,0.9111475905555232
13709,0.5302462820738073,0.9727032131706982,0.4424569310968909,Diff-Means(burn-in=10.0),DM,,,10,20,169,10000,10.0,yes,0.035,0.9111475905555232
13710,0.530695542354577,0.9642710611367536,0.4335755187821766,Diff-Means(burn-in=10.0),DM,,,10,20,169,10000,10.0,yes,0.035,0.9111475905555232
13711,0.5284501217220966,0.960047709700597,0.43159758797850045,Diff-Means(burn-in=10.0),DM,,,10,20,169,10000,10.0,yes,0.035,0.9111475905555232
13712,0.5320180955566186,0.9666436613231231,0.43462556576650446,Diff-Means(burn-in=10.0),DM,,,10,20,169,10000,10.0,yes,0.035,0.9111475905555232
13713,0.5308625002689752,0.9681258853164146,0.43726338504743945,Diff-Means(burn-in=10.0),DM,,,10,20,169,10000,10.0,yes,0.035,0.9111475905555232
13714,0.52902457170082,0.966931984298715,0.437907412597895,Diff-Means(burn-in=10.0),DM,,,10,20,169,10000,10.0,yes,0.035,0.9111475905555232
13715,0.5302933769887767,0.9643557771652269,0.43406240017645026,Diff-Means(burn-in=10.0),DM,,,10,20,169,10000,10.0,yes,0.035,0.9111475905555232
13716,0.5311149094181787,0.9692666474810074,0.4381517380628287,Diff-Means(burn-in=10.0),DM,,,10,20,169,10000,10.0,yes,0.035,0.9111475905555232
13717,0.5310684095793482,0.9602465728855564,0.42917816330620817,Diff-Means(burn-in=10.0),DM,,,10,20,169,10000,10.0,yes,0.035,0.9111475905555232
13718,0.5299276264644815,0.9610975145477122,0.43116988808323065,Diff-Means(burn-in=10.0),DM,,,10,20,169,10000,10.0,yes,0.035,0.9111475905555232
13719,0.531279075807746,0.9654125761203468,0.4341335003126008,Diff-Means(burn-in=10.0),DM,,,10,20,169,10000,10.0,yes,0.035,0.9111475905555232
13720,0.5289312714183114,0.980426007662582,0.4514947362442706,Diff-Means(burn-in=10.0),DM,,,10,20,169,10000,10.0,yes,0.035,0.9111475905555232
13721,0.5280427449322079,0.9652962402075536,0.4372534952753456,Diff-Means(burn-in=10.0),DM,,,10,20,169,10000,10.0,yes,0.035,0.9111475905555232
13722,0.5303724513689523,0.9684888053067842,0.4381163539378319,Diff-Means(burn-in=10.0),DM,,,10,20,169,10000,10.0,yes,0.035,0.9111475905555232
13723,0.5322081171756055,0.9699235886898783,0.4377154715142728,Diff-Means(burn-in=10.0),DM,,,10,20,169,10000,10.0,yes,0.035,0.9111475905555232
13724,0.5289519987625733,0.966987710961928,0.4380357121993548,Diff-Means(burn-in=10.0),DM,,,10,20,169,10000,10.0,yes,0.035,0.9111475905555232
13725,0.530066854827338,0.9685629178130329,0.438496062985695,Diff-Means(burn-in=10.0),DM,,,10,20,169,10000,10.0,yes,0.035,0.9111475905555232
13726,0.5287517585110607,0.9686111768636723,0.43985941835261155,Diff-Means(burn-in=10.0),DM,,,10,20,169,10000,10.0,yes,0.035,0.9111475905555232
13727,0.5289642000804798,0.9706156963347518,0.4416514962542719,Diff-Means(burn-in=10.0),DM,,,10,20,169,10000,10.0,yes,0.035,0.9111475905555232
13728,0.5308564851202993,0.9707664373175418,0.4399099521972425,Diff-Means(burn-in=10.0),DM,,,10,20,169,10000,10.0,yes,0.035,0.9111475905555232
13729,0.5275482490690359,0.9548088842787106,0.4272606352096747,Diff-Means(burn-in=10.0),DM,,,10,20,169,10000,10.0,yes,0.035,0.9111475905555232
13730,0.5300646677542366,0.9590110781731873,0.42894641041895076,Diff-Means(burn-in=10.0),DM,,,10,20,169,10000,10.0,yes,0.035,0.9111475905555232
13731,0.5290003029172257,0.9557740315266006,0.4267737286093749,Diff-Means(burn-in=10.0),DM,,,10,20,169,10000,10.0,yes,0.035,0.9111475905555232
13732,0.5305261339806493,0.9638198904682267,0.4332937564875774,Diff-Means(burn-in=10.0),DM,,,10,20,169,10000,10.0,yes,0.035,0.9111475905555232
13733,0.5287209376279774,0.9632468024993878,0.4345258648714103,Diff-Means(burn-in=10.0),DM,,,10,20,169,10000,10.0,yes,0.035,0.9111475905555232
13734,0.5288168282359179,0.9657620793830041,0.43694525114708616,Diff-Means(burn-in=10.0),DM,,,10,20,169,10000,10.0,yes,0.035,0.9111475905555232
13735,0.5288167337356156,0.9669119148763157,0.4380951811407001,Diff-Means(burn-in=10.0),DM,,,10,20,169,10000,10.0,yes,0.035,0.9111475905555232
13736,0.5299624356801795,0.9582107986912175,0.42824836301103797,Diff-Means(burn-in=10.0),DM,,,10,20,169,10000,10.0,yes,0.035,0.9111475905555232
13737,0.5282998272913442,0.9583024715067985,0.4300026442154543,Diff-Means(burn-in=10.0),DM,,,10,20,169,10000,10.0,yes,0.035,0.9111475905555232
13738,0.5278780361939864,0.9615183591254851,0.4336403229314987,Diff-Means(burn-in=10.0),DM,,,10,20,169,10000,10.0,yes,0.035,0.9111475905555232
13739,0.527810747857316,0.964579167491129,0.4367684196338131,Diff-Means(burn-in=10.0),DM,,,10,20,169,10000,10.0,yes,0.035,0.9111475905555232
13740,0.5307742786689401,0.9720415387360909,0.4412672600671508,Diff-Means(burn-in=10.0),DM,,,10,20,169,10000,10.0,yes,0.035,0.9111475905555232
13741,0.5291743709514635,0.9624975960144952,0.4333232250630318,Diff-Means(burn-in=10.0),DM,,,10,20,169,10000,10.0,yes,0.035,0.9111475905555232
13742,0.5299586228887735,0.9556879954979073,0.4257293726091338,Diff-Means(burn-in=10.0),DM,,,10,20,169,10000,10.0,yes,0.035,0.9111475905555232
13743,0.5307814970588067,0.9652328099560948,0.4344513128972881,Diff-Means(burn-in=10.0),DM,,,10,20,169,10000,10.0,yes,0.035,0.9111475905555232
13744,0.5297612058718105,0.967646292587925,0.4378850867161145,Diff-Means(burn-in=10.0),DM,,,10,20,169,10000,10.0,yes,0.035,0.9111475905555232
13745,0.5300090742708388,0.9658367212477823,0.43582764697694354,Diff-Means(burn-in=10.0),DM,,,10,20,169,10000,10.0,yes,0.035,0.9111475905555232
13746,0.5287321341479299,0.9668835050636057,0.4381513709156758,Diff-Means(burn-in=10.0),DM,,,10,20,169,10000,10.0,yes,0.035,0.9111475905555232
13747,0.5288965013636161,0.9707692264671275,0.4418727251035114,Diff-Means(burn-in=10.0),DM,,,10,20,169,10000,10.0,yes,0.035,0.9111475905555232
13748,0.530684891117923,0.965870731164537,0.435185840046614,Diff-Means(burn-in=10.0),DM,,,10,20,169,10000,10.0,yes,0.035,0.9111475905555232
13749,0.5286531999620413,0.9664442075265535,0.43779100756451217,Diff-Means(burn-in=10.0),DM,,,10,20,169,10000,10.0,yes,0.035,0.9111475905555232
13750,0.5295530924073126,0.9683674393126425,0.43881434690532983,Diff-Means(burn-in=10.0),DM,,,10,20,169,10000,10.0,yes,0.035,0.9111475905555232
13751,0.5305625081460164,0.9588678611348648,0.4283053529888484,Diff-Means(burn-in=10.0),DM,,,10,20,169,10000,10.0,yes,0.035,0.9111475905555232
13752,0.5278403089603714,0.9673723225750418,0.4395320136146704,Diff-Means(burn-in=10.0),DM,,,10,20,169,10000,10.0,yes,0.035,0.9111475905555232
13753,0.5299823176874056,0.9715765297166867,0.4415942120292812,Diff-Means(burn-in=10.0),DM,,,10,20,169,10000,10.0,yes,0.035,0.9111475905555232
13754,0.530715617009889,0.970527195512867,0.43981157850297803,Diff-Means(burn-in=10.0),DM,,,10,20,169,10000,10.0,yes,0.035,0.9111475905555232
13755,0.529021395814605,0.9628531124910864,0.43383171667648135,Diff-Means(burn-in=10.0),DM,,,10,20,169,10000,10.0,yes,0.035,0.9111475905555232
13756,0.5291065931427555,0.9642494658001282,0.4351428726573726,Diff-Means(burn-in=10.0),DM,,,10,20,169,10000,10.0,yes,0.035,0.9111475905555232
13757,0.5313943739780519,0.966324412892089,0.43493003891403714,Diff-Means(burn-in=10.0),DM,,,10,20,169,10000,10.0,yes,0.035,0.9111475905555232
13758,0.5311340926358482,0.9739978972952611,0.4428638046594129,Diff-Means(burn-in=10.0),DM,,,10,20,169,10000,10.0,yes,0.035,0.9111475905555232
13759,0.5307069336290752,0.9702369614106452,0.43953002778157,Diff-Means(burn-in=10.0),DM,,,10,20,169,10000,10.0,yes,0.035,0.9111475905555232
13760,0.5311260499766015,0.9678104549084654,0.4366844049318639,Diff-Means(burn-in=10.0),DM,,,10,20,169,10000,10.0,yes,0.035,0.9111475905555232
13761,0.5295183502706751,0.9579087613771244,0.4283904111064494,Diff-Means(burn-in=10.0),DM,,,10,20,169,10000,10.0,yes,0.035,0.9111475905555232
13762,0.5310617264299715,0.962799646679103,0.4317379202491315,Diff-Means(burn-in=10.0),DM,,,10,20,169,10000,10.0,yes,0.035,0.9111475905555232
13763,0.5276534406733988,0.9614738760070048,0.43382043533360604,Diff-Means(burn-in=10.0),DM,,,10,20,169,10000,10.0,yes,0.035,0.9111475905555232
13764,0.5283161896315999,0.9596408026889683,0.43132461305736847,Diff-Means(burn-in=10.0),DM,,,10,20,169,10000,10.0,yes,0.035,0.9111475905555232
13765,0.5302761826976317,0.9605106908442054,0.4302345081465737,Diff-Means(burn-in=10.0),DM,,,10,20,169,10000,10.0,yes,0.035,0.9111475905555232
13766,0.5282625256885118,0.9675920163049362,0.43932949061642435,Diff-Means(burn-in=10.0),DM,,,10,20,169,10000,10.0,yes,0.035,0.9111475905555232
13767,0.528719266278377,0.9639035432513245,0.4351842769729476,Diff-Means(burn-in=10.0),DM,,,10,20,169,10000,10.0,yes,0.035,0.9111475905555232
13768,0.5300399478056677,0.9598146492703549,0.4297747014646872,Diff-Means(burn-in=10.0),DM,,,10,20,169,10000,10.0,yes,0.035,0.9111475905555232
13769,0.5300262315664858,0.9667450580871597,0.43671882652067395,Diff-Means(burn-in=10.0),DM,,,10,20,169,10000,10.0,yes,0.035,0.9111475905555232
13770,0.530695216867962,0.9670541213340549,0.43635890446609293,Diff-Means(burn-in=10.0),DM,,,10,20,169,10000,10.0,yes,0.035,0.9111475905555232
13771,0.5299443604660867,0.9626672233620269,0.4327228628959402,Diff-Means(burn-in=10.0),DM,,,10,20,169,10000,10.0,yes,0.035,0.9111475905555232
13772,0.5278710678589974,0.9641471753488996,0.4362761074899022,Diff-Means(burn-in=10.0),DM,,,10,20,169,10000,10.0,yes,0.035,0.9111475905555232
13773,0.5316042687966468,0.9674864233460704,0.4358821545494236,Diff-Means(burn-in=10.0),DM,,,10,20,169,10000,10.0,yes,0.035,0.9111475905555232
13774,0.5299342840237284,0.9604288539633365,0.4304945699396081,Diff-Means(burn-in=10.0),DM,,,10,20,169,10000,10.0,yes,0.035,0.9111475905555232
13775,0.5303379194749838,0.9667802791453455,0.4364423596703617,Diff-Means(burn-in=10.0),DM,,,10,20,169,10000,10.0,yes,0.035,0.9111475905555232
13776,0.5301627112076671,0.9652962027425565,0.43513349153488934,Diff-Means(burn-in=10.0),DM,,,10,20,169,10000,10.0,yes,0.035,0.9111475905555232
13777,0.5300251730296683,0.9775299148983926,0.44750474186872424,Diff-Means(burn-in=10.0),DM,,,10,20,169,10000,10.0,yes,0.035,0.9111475905555232
13778,0.5273897242671299,0.9691088392765425,0.4417191150094125,Diff-Means(burn-in=10.0),DM,,,10,20,169,10000,10.0,yes,0.035,0.9111475905555232
13779,0.5289636695041731,0.9606410857983831,0.4316774162942101,Diff-Means(burn-in=10.0),DM,,,10,20,169,10000,10.0,yes,0.035,0.9111475905555232
13780,0.5293439758219131,0.9713548783372127,0.4420109025152996,Diff-Means(burn-in=10.0),DM,,,10,20,169,10000,10.0,yes,0.035,0.9111475905555232
13781,0.5310424256714215,0.9626927200127724,0.43165029434135094,Diff-Means(burn-in=10.0),DM,,,10,20,169,10000,10.0,yes,0.035,0.9111475905555232
13782,0.5313052789259902,0.9618165705159427,0.4305112915899525,Diff-Means(burn-in=10.0),DM,,,10,20,169,10000,10.0,yes,0.035,0.9111475905555232
13783,0.52999702014211,0.9691008090848349,0.43910378894272484,Diff-Means(burn-in=10.0),DM,,,10,20,169,10000,10.0,yes,0.035,0.9111475905555232
13784,0.5300315966698438,0.968619715566242,0.43858811889639826,Diff-Means(burn-in=10.0),DM,,,10,20,169,10000,10.0,yes,0.035,0.9111475905555232
13785,0.5285358700065537,0.9653775741766342,0.4368417041700805,Diff-Means(burn-in=10.0),DM,,,10,20,169,10000,10.0,yes,0.035,0.9111475905555232
13786,0.5328265189838783,0.9656071533006054,0.4327806343167271,Diff-Means(burn-in=10.0),DM,,,10,20,169,10000,10.0,yes,0.035,0.9111475905555232
13787,0.5287833737576243,0.9737539499817697,0.4449705762241454,Diff-Means(burn-in=10.0),DM,,,10,20,169,10000,10.0,yes,0.035,0.9111475905555232
13788,0.526588705032824,0.967365547300233,0.4407768422674091,Diff-Means(burn-in=10.0),DM,,,10,20,169,10000,10.0,yes,0.035,0.9111475905555232
13789,0.529228969869422,0.968818102036163,0.439589132166741,Diff-Means(burn-in=10.0),DM,,,10,20,169,10000,10.0,yes,0.035,0.9111475905555232
13790,0.5296765339490034,0.9681413505620968,0.43846481661309344,Diff-Means(burn-in=10.0),DM,,,10,20,169,10000,10.0,yes,0.035,0.9111475905555232
13791,0.5314420276175005,0.9671458506839548,0.4357038230664543,Diff-Means(burn-in=10.0),DM,,,10,20,169,10000,10.0,yes,0.035,0.9111475905555232
13792,0.529661643160686,0.9737454666049749,0.44408382344428887,Diff-Means(burn-in=10.0),DM,,,10,20,169,10000,10.0,yes,0.035,0.9111475905555232
13793,0.5318559501546666,0.9742965255297733,0.4424405753751067,Diff-Means(burn-in=10.0),DM,,,10,20,169,10000,10.0,yes,0.035,0.9111475905555232
13794,0.5309593340613425,0.9621882268324501,0.43122889277110754,Diff-Means(burn-in=10.0),DM,,,10,20,169,10000,10.0,yes,0.035,0.9111475905555232
13795,0.5301875503395681,0.9611996425122886,0.4310120921727205,Diff-Means(burn-in=10.0),DM,,,10,20,169,10000,10.0,yes,0.035,0.9111475905555232
13796,0.529924244383356,0.9656115803711666,0.4356873359878106,Diff-Means(burn-in=10.0),DM,,,10,20,169,10000,10.0,yes,0.035,0.9111475905555232
13797,0.5319177460430324,0.9635029618849335,0.431585215841901,Diff-Means(burn-in=10.0),DM,,,10,20,169,10000,10.0,yes,0.035,0.9111475905555232
13798,0.5300538344111398,0.961363181224163,0.43130934681302313,Diff-Means(burn-in=10.0),DM,,,10,20,169,10000,10.0,yes,0.035,0.9111475905555232
13799,0.5286621723805947,0.9760900624457528,0.44742789006515815,Diff-Means(burn-in=10.0),DM,,,10,20,169,10000,10.0,yes,0.035,0.9111475905555232
13800,0.5288498149214615,0.9663614671904278,0.43751165226896627,Diff-Means(burn-in=10.0),DM,,,10,20,169,10000,10.0,yes,0.035,0.9111475905555232
13801,0.5297160958739672,0.9613438197554975,0.43162772388153037,Diff-Means(burn-in=10.0),DM,,,10,20,169,10000,10.0,yes,0.035,0.9111475905555232
13802,0.5285484095194402,0.9672982404035395,0.43874983088409936,Diff-Means(burn-in=10.0),DM,,,10,20,169,10000,10.0,yes,0.035,0.9111475905555232
13803,0.5291688898634803,0.971558647427827,0.44238975756434673,Diff-Means(burn-in=10.0),DM,,,10,20,169,10000,10.0,yes,0.035,0.9111475905555232
13804,0.5293133499445457,0.9659620127048284,0.4366486627602827,Diff-Means(burn-in=10.0),DM,,,10,20,169,10000,10.0,yes,0.035,0.9111475905555232
13805,0.5298297568245854,0.9670659125542291,0.4372361557296437,Diff-Means(burn-in=10.0),DM,,,10,20,169,10000,10.0,yes,0.035,0.9111475905555232
13806,0.5291006910346359,0.965253466938019,0.4361527759033831,Diff-Means(burn-in=10.0),DM,,,10,20,169,10000,10.0,yes,0.035,0.9111475905555232
13807,0.5320616040010607,0.9691905965455369,0.4371289925444761,Diff-Means(burn-in=10.0),DM,,,10,20,169,10000,10.0,yes,0.035,0.9111475905555232
13808,0.529282993095277,0.9670336532943821,0.437750660199105,Diff-Means(burn-in=10.0),DM,,,10,20,169,10000,10.0,yes,0.035,0.9111475905555232
13809,0.5292966769503586,0.966509534731355,0.4372128577809964,Diff-Means(burn-in=10.0),DM,,,10,20,169,10000,10.0,yes,0.035,0.9111475905555232
13810,0.530019603401874,0.9634771904480682,0.4334575870461942,Diff-Means(burn-in=10.0),DM,,,10,20,169,10000,10.0,yes,0.035,0.9111475905555232
13811,0.5294601630412297,0.9574832145769527,0.42802305153572306,Diff-Means(burn-in=10.0),DM,,,10,20,169,10000,10.0,yes,0.035,0.9111475905555232
13812,0.5302037263747634,0.9679829098179515,0.4377791834431881,Diff-Means(burn-in=10.0),DM,,,10,20,169,10000,10.0,yes,0.035,0.9111475905555232
13813,0.5312829789694122,0.9650722215003634,0.4337892425309512,Diff-Means(burn-in=10.0),DM,,,10,20,169,10000,10.0,yes,0.035,0.9111475905555232
13814,0.5277606857409609,0.9682627989198849,0.44050211317892396,Diff-Means(burn-in=10.0),DM,,,10,20,169,10000,10.0,yes,0.035,0.9111475905555232
13815,0.5290582403621145,0.9658701295565018,0.4368118891943873,Diff-Means(burn-in=10.0),DM,,,10,20,169,10000,10.0,yes,0.035,0.9111475905555232
13816,0.5287770633998945,0.9573521814199374,0.4285751180200429,Diff-Means(burn-in=10.0),DM,,,10,20,169,10000,10.0,yes,0.035,0.9111475905555232
13817,0.5289389835179288,0.958154593450335,0.42921560993240626,Diff-Means(burn-in=10.0),DM,,,10,20,169,10000,10.0,yes,0.035,0.9111475905555232
13818,0.5288371601052188,0.9616477112866982,0.4328105511814795,Diff-Means(burn-in=10.0),DM,,,10,20,169,10000,10.0,yes,0.035,0.9111475905555232
13819,0.530344589451253,0.9635416426589855,0.4331970532077325,Diff-Means(burn-in=10.0),DM,,,10,20,169,10000,10.0,yes,0.035,0.9111475905555232
13820,0.528513896198307,0.9650994972320064,0.43658560103369937,Diff-Means(burn-in=10.0),DM,,,10,20,169,10000,10.0,yes,0.035,0.9111475905555232
13821,0.5313635776670982,0.9661143634713582,0.43475078580425996,Diff-Means(burn-in=10.0),DM,,,10,20,169,10000,10.0,yes,0.035,0.9111475905555232
13822,0.5316907758582959,0.9714670407722454,0.4397762649139495,Diff-Means(burn-in=10.0),DM,,,10,20,169,10000,10.0,yes,0.035,0.9111475905555232
13823,0.5296501189439543,0.9795510334556181,0.4499009145116638,Diff-Means(burn-in=10.0),DM,,,10,20,169,10000,10.0,yes,0.035,0.9111475905555232
13824,0.528765655050241,0.9597222888349844,0.43095663378474347,Diff-Means(burn-in=10.0),DM,,,10,20,169,10000,10.0,yes,0.035,0.9111475905555232
13825,0.5317561172444843,0.9561608670208108,0.4244047497763265,Diff-Means(burn-in=10.0),DM,,,10,20,169,10000,10.0,yes,0.035,0.9111475905555232
13826,0.5286836610947567,0.9523034879586928,0.42361982686393607,Diff-Means(burn-in=10.0),DM,,,10,20,169,10000,10.0,yes,0.035,0.9111475905555232
13827,0.5320886152223334,0.9628221910641549,0.4307335758418215,Diff-Means(burn-in=10.0),DM,,,10,20,169,10000,10.0,yes,0.035,0.9111475905555232
13828,0.5281383302245053,0.9684078502267432,0.44026952000223796,Diff-Means(burn-in=10.0),DM,,,10,20,169,10000,10.0,yes,0.035,0.9111475905555232
13829,0.5285146916710173,0.9663354812137458,0.4378207895427285,Diff-Means(burn-in=10.0),DM,,,10,20,169,10000,10.0,yes,0.035,0.9111475905555232
13830,0.5279067627628774,0.9607047919661201,0.43279802920324273,Diff-Means(burn-in=10.0),DM,,,10,20,169,10000,10.0,yes,0.035,0.9111475905555232
13831,0.5284739484474618,0.9559449385743248,0.42747099012686307,Diff-Means(burn-in=10.0),DM,,,10,20,169,10000,10.0,yes,0.035,0.9111475905555232
13832,0.5288588789498525,0.9662294765436358,0.4373705975937833,Diff-Means(burn-in=10.0),DM,,,10,20,169,10000,10.0,yes,0.035,0.9111475905555232
13833,0.5335123097242702,0.9718391281697278,0.4383268184454576,Diff-Means(burn-in=10.0),DM,,,10,20,169,10000,10.0,yes,0.035,0.9111475905555232
13834,0.5296162444492192,0.96793010882657,0.43831386437735087,Diff-Means(burn-in=10.0),DM,,,10,20,169,10000,10.0,yes,0.035,0.9111475905555232
13835,0.5287006100270844,0.9677118001748166,0.43901119014773227,Diff-Means(burn-in=10.0),DM,,,10,20,169,10000,10.0,yes,0.035,0.9111475905555232
13836,0.5280753961592207,0.9587745170875737,0.43069912092835294,Diff-Means(burn-in=10.0),DM,,,10,20,169,10000,10.0,yes,0.035,0.9111475905555232
13837,0.5300701766635875,0.9647537142935331,0.4346835376299456,Diff-Means(burn-in=10.0),DM,,,10,20,169,10000,10.0,yes,0.035,0.9111475905555232
13838,0.5292817199902077,0.9631283021881873,0.43384658219797967,Diff-Means(burn-in=10.0),DM,,,10,20,169,10000,10.0,yes,0.035,0.9111475905555232
13839,0.5292661319000646,0.9597980350243897,0.4305319031243251,Diff-Means(burn-in=10.0),DM,,,10,20,169,10000,10.0,yes,0.035,0.9111475905555232
13840,0.5273663935192855,0.9628036005159066,0.43543720699662114,Diff-Means(burn-in=10.0),DM,,,10,20,169,10000,10.0,yes,0.035,0.9111475905555232
13841,0.5290518179767333,0.9642467595878332,0.43519494161109995,Diff-Means(burn-in=10.0),DM,,,10,20,169,10000,10.0,yes,0.035,0.9111475905555232
13842,0.5303226940008602,0.9661189878745505,0.43579629387369034,Diff-Means(burn-in=10.0),DM,,,10,20,169,10000,10.0,yes,0.035,0.9111475905555232
13843,0.5305804970848498,0.9569470209229285,0.4263665238380787,Diff-Means(burn-in=10.0),DM,,,10,20,169,10000,10.0,yes,0.035,0.9111475905555232
13844,0.5283378135808025,0.9742466593077153,0.4459088457269128,Diff-Means(burn-in=10.0),DM,,,10,20,169,10000,10.0,yes,0.035,0.9111475905555232
13845,0.5308761664595694,0.9612311544561658,0.43035498799659644,Diff-Means(burn-in=10.0),DM,,,10,20,169,10000,10.0,yes,0.035,0.9111475905555232
13846,0.5295296474201528,0.9554591903322396,0.42592954291208673,Diff-Means(burn-in=10.0),DM,,,10,20,169,10000,10.0,yes,0.035,0.9111475905555232
13847,0.5296191865620259,0.9691809508364162,0.4395617642743903,Diff-Means(burn-in=10.0),DM,,,10,20,169,10000,10.0,yes,0.035,0.9111475905555232
13848,0.5283018088307573,0.9591644771400815,0.4308626683093242,Diff-Means(burn-in=10.0),DM,,,10,20,169,10000,10.0,yes,0.035,0.9111475905555232
13849,0.5301090270461528,0.963209367611817,0.43310034056566415,Diff-Means(burn-in=10.0),DM,,,10,20,169,10000,10.0,yes,0.035,0.9111475905555232
13850,0.5312370868736332,0.9691040101294865,0.4378669232558533,Diff-Means(burn-in=10.0),DM,,,10,20,169,10000,10.0,yes,0.035,0.9111475905555232
13851,0.528649545153681,0.9629097494969103,0.4342602043432293,Diff-Means(burn-in=10.0),DM,,,10,20,169,10000,10.0,yes,0.035,0.9111475905555232
13852,0.5298992585272574,0.9677162045833412,0.4378169460560838,Diff-Means(burn-in=10.0),DM,,,10,20,169,10000,10.0,yes,0.035,0.9111475905555232
13853,0.5293841052936392,0.9659341350545309,0.43655002976089163,Diff-Means(burn-in=10.0),DM,,,10,20,169,10000,10.0,yes,0.035,0.9111475905555232
13854,0.5282311199299202,0.9516936635730963,0.42346254364317604,Diff-Means(burn-in=10.0),DM,,,10,20,169,10000,10.0,yes,0.035,0.9111475905555232
13855,0.5291773877149993,0.9608459955568396,0.43166860784184025,Diff-Means(burn-in=10.0),DM,,,10,20,169,10000,10.0,yes,0.035,0.9111475905555232
13856,0.5312696467913474,0.9770854025522788,0.44581575576093146,Diff-Means(burn-in=10.0),DM,,,10,20,169,10000,10.0,yes,0.035,0.9111475905555232
13857,0.531878170483424,0.973973372864808,0.442095202381384,Diff-Means(burn-in=10.0),DM,,,10,20,169,10000,10.0,yes,0.035,0.9111475905555232
13858,0.5311759726403962,0.9673695895810961,0.4361936169406999,Diff-Means(burn-in=10.0),DM,,,10,20,169,10000,10.0,yes,0.035,0.9111475905555232
13859,0.5294088144130668,0.9659035661722188,0.4364947517591521,Diff-Means(burn-in=10.0),DM,,,10,20,169,10000,10.0,yes,0.035,0.9111475905555232
13860,0.529376382347011,0.959653607163143,0.43027722481613195,Diff-Means(burn-in=10.0),DM,,,10,20,169,10000,10.0,yes,0.035,0.9111475905555232
13861,0.5286698279294215,0.9738433949132349,0.4451735669838134,Diff-Means(burn-in=10.0),DM,,,10,20,169,10000,10.0,yes,0.035,0.9111475905555232
13862,0.5304695503958287,0.9713784239560823,0.44090887356025366,Diff-Means(burn-in=10.0),DM,,,10,20,169,10000,10.0,yes,0.035,0.9111475905555232
13863,0.5280378003051772,0.9549531356260867,0.42691533532090953,Diff-Means(burn-in=10.0),DM,,,10,20,169,10000,10.0,yes,0.035,0.9111475905555232
13864,0.5292684212473532,0.9664030476552568,0.43713462640790357,Diff-Means(burn-in=10.0),DM,,,10,20,169,10000,10.0,yes,0.035,0.9111475905555232
13865,0.5316239042393158,0.9677889183840958,0.43616501414477993,Diff-Means(burn-in=10.0),DM,,,10,20,169,10000,10.0,yes,0.035,0.9111475905555232
13866,0.5333905574649147,0.967613151819583,0.43422259435466826,Diff-Means(burn-in=10.0),DM,,,10,20,169,10000,10.0,yes,0.035,0.9111475905555232
13867,0.5309523121459422,0.9618059117596768,0.4308535996137346,Diff-Means(burn-in=10.0),DM,,,10,20,169,10000,10.0,yes,0.035,0.9111475905555232
13868,0.5311382145392584,0.9733785018643599,0.44224028732510157,Diff-Means(burn-in=10.0),DM,,,10,20,169,10000,10.0,yes,0.035,0.9111475905555232
13869,0.5296766949632958,0.9614511873139934,0.43177449235069754,Diff-Means(burn-in=10.0),DM,,,10,20,169,10000,10.0,yes,0.035,0.9111475905555232
13870,0.5289091294733526,0.9628650166024372,0.4339558871290846,Diff-Means(burn-in=10.0),DM,,,10,20,169,10000,10.0,yes,0.035,0.9111475905555232
13871,0.5290859165118851,0.9644031949999895,0.4353172784881044,Diff-Means(burn-in=10.0),DM,,,10,20,169,10000,10.0,yes,0.035,0.9111475905555232
13872,0.5292496588227842,0.9689219009358208,0.43967224211303657,Diff-Means(burn-in=10.0),DM,,,10,20,169,10000,10.0,yes,0.035,0.9111475905555232
13873,0.5300602234411781,0.9623699026980911,0.432309679256913,Diff-Means(burn-in=10.0),DM,,,10,20,169,10000,10.0,yes,0.035,0.9111475905555232
13874,0.5298676013480543,0.9701365849601646,0.4402689836121103,Diff-Means(burn-in=10.0),DM,,,10,20,169,10000,10.0,yes,0.035,0.9111475905555232
13875,0.5285956153996176,0.9622514611626705,0.4336558457630528,Diff-Means(burn-in=10.0),DM,,,10,20,169,10000,10.0,yes,0.035,0.9111475905555232
13876,0.5279178678916757,0.9551829596617385,0.4272650917700628,Diff-Means(burn-in=10.0),DM,,,10,20,169,10000,10.0,yes,0.035,0.9111475905555232
13877,0.5295301865607179,0.9727414355830196,0.4432112490223017,Diff-Means(burn-in=10.0),DM,,,10,20,169,10000,10.0,yes,0.035,0.9111475905555232
13878,0.5275962347353975,0.9552388049668997,0.4276425702315022,Diff-Means(burn-in=10.0),DM,,,10,20,169,10000,10.0,yes,0.035,0.9111475905555232
13879,0.5295484645230262,0.9599355980822605,0.4303871335592343,Diff-Means(burn-in=10.0),DM,,,10,20,169,10000,10.0,yes,0.035,0.9111475905555232
13880,0.5322679045656717,0.9637133414106345,0.4314454368449627,Diff-Means(burn-in=10.0),DM,,,10,20,169,10000,10.0,yes,0.035,0.9111475905555232
13881,0.5279453786520598,0.9581721147529769,0.4302267361009171,Diff-Means(burn-in=10.0),DM,,,10,20,169,10000,10.0,yes,0.035,0.9111475905555232
13882,0.5304029263121781,0.9670434990868991,0.436640572774721,Diff-Means(burn-in=10.0),DM,,,10,20,169,10000,10.0,yes,0.035,0.9111475905555232
13883,0.530850576977163,0.9642819925374575,0.4334314155602945,Diff-Means(burn-in=10.0),DM,,,10,20,169,10000,10.0,yes,0.035,0.9111475905555232
13884,0.5271851827195376,0.9666051029138222,0.43941992019428455,Diff-Means(burn-in=10.0),DM,,,10,20,169,10000,10.0,yes,0.035,0.9111475905555232
13885,0.529636403964984,0.9643714402485959,0.4347350362836119,Diff-Means(burn-in=10.0),DM,,,10,20,169,10000,10.0,yes,0.035,0.9111475905555232
13886,0.5288798013375002,0.9662357934773647,0.4373559921398644,Diff-Means(burn-in=10.0),DM,,,10,20,169,10000,10.0,yes,0.035,0.9111475905555232
13887,0.5293012725015548,0.9628936447710341,0.43359237226947933,Diff-Means(burn-in=10.0),DM,,,10,20,169,10000,10.0,yes,0.035,0.9111475905555232
13888,0.5302817385243863,0.9744821577311972,0.44420041920681086,Diff-Means(burn-in=10.0),DM,,,10,20,169,10000,10.0,yes,0.035,0.9111475905555232
13889,0.5299281611118182,0.9588798421992243,0.4289516810874061,Diff-Means(burn-in=10.0),DM,,,10,20,169,10000,10.0,yes,0.035,0.9111475905555232
13890,0.5290581602154283,0.9569285383829399,0.4278703781675116,Diff-Means(burn-in=10.0),DM,,,10,20,169,10000,10.0,yes,0.035,0.9111475905555232
13891,0.5294391522308856,0.9692846113574614,0.4398454591265758,Diff-Means(burn-in=10.0),DM,,,10,20,169,10000,10.0,yes,0.035,0.9111475905555232
13892,0.5307932523493144,0.9718119292628914,0.441018676913577,Diff-Means(burn-in=10.0),DM,,,10,20,169,10000,10.0,yes,0.035,0.9111475905555232
13893,0.5308218973434327,0.9653457841226837,0.434523886779251,Diff-Means(burn-in=10.0),DM,,,10,20,169,10000,10.0,yes,0.035,0.9111475905555232
13894,0.5314463305194292,0.9711933446105618,0.4397470140911326,Diff-Means(burn-in=10.0),DM,,,10,20,169,10000,10.0,yes,0.035,0.9111475905555232
13895,0.5296852302211669,0.9661403441866095,0.4364551139654427,Diff-Means(burn-in=10.0),DM,,,10,20,169,10000,10.0,yes,0.035,0.9111475905555232
13896,0.529605906658612,0.9649286409410078,0.4353227342823959,Diff-Means(burn-in=10.0),DM,,,10,20,169,10000,10.0,yes,0.035,0.9111475905555232
13897,0.5300721693717834,0.9618258279854588,0.43175365861367543,Diff-Means(burn-in=10.0),DM,,,10,20,169,10000,10.0,yes,0.035,0.9111475905555232
13898,0.5283375287754889,0.9628503345360652,0.43451280576057627,Diff-Means(burn-in=10.0),DM,,,10,20,169,10000,10.0,yes,0.035,0.9111475905555232
13899,0.5303631035387363,0.9698728799832219,0.43950977644448563,Diff-Means(burn-in=10.0),DM,,,10,20,169,10000,10.0,yes,0.035,0.9111475905555232
13900,0.5301598293676106,0.9752749269168369,0.4451150975492263,Diff-Means(burn-in=10.0),DM,,,10,20,169,10000,10.0,yes,0.035,0.9111475905555232
13901,0.530455530156133,0.9605645582185923,0.4301090280624593,Diff-Means(burn-in=10.0),DM,,,10,20,169,10000,10.0,yes,0.035,0.9111475905555232
13902,0.5304656589143505,0.9669016401153668,0.43643598120101634,Diff-Means(burn-in=10.0),DM,,,10,20,169,10000,10.0,yes,0.035,0.9111475905555232
13903,0.5296713482833767,0.9686920705351011,0.4390207222517244,Diff-Means(burn-in=10.0),DM,,,10,20,169,10000,10.0,yes,0.035,0.9111475905555232
13904,0.529473304975166,0.9640452224872531,0.4345719175120871,Diff-Means(burn-in=10.0),DM,,,10,20,169,10000,10.0,yes,0.035,0.9111475905555232
13905,0.5300586242952814,0.9724925714339769,0.44243394713869555,Diff-Means(burn-in=10.0),DM,,,10,20,169,10000,10.0,yes,0.035,0.9111475905555232
13906,0.5306656630223631,0.9657167534119424,0.43505109038957934,Diff-Means(burn-in=10.0),DM,,,10,20,169,10000,10.0,yes,0.035,0.9111475905555232
13907,0.5310922319486834,0.9633166969689265,0.43222446502024314,Diff-Means(burn-in=10.0),DM,,,10,20,169,10000,10.0,yes,0.035,0.9111475905555232
13908,0.5291010102389548,0.9622042561962094,0.4331032459572546,Diff-Means(burn-in=10.0),DM,,,10,20,169,10000,10.0,yes,0.035,0.9111475905555232
13909,0.5298349826716491,0.9621767901219472,0.43234180745029815,Diff-Means(burn-in=10.0),DM,,,10,20,169,10000,10.0,yes,0.035,0.9111475905555232
13910,0.5290940528276057,0.956527390379743,0.4274333375521373,Diff-Means(burn-in=10.0),DM,,,10,20,169,10000,10.0,yes,0.035,0.9111475905555232
13911,0.5312364285108144,0.9617318924511855,0.4304954639403711,Diff-Means(burn-in=10.0),DM,,,10,20,169,10000,10.0,yes,0.035,0.9111475905555232
13912,0.5303207711995535,0.9661694455293423,0.4358486743297888,Diff-Means(burn-in=10.0),DM,,,10,20,169,10000,10.0,yes,0.035,0.9111475905555232
13913,0.5284556252512134,0.963764970158036,0.4353093449068226,Diff-Means(burn-in=10.0),DM,,,10,20,169,10000,10.0,yes,0.035,0.9111475905555232
13914,0.529661061978214,0.9671380563278454,0.4374769943496314,Diff-Means(burn-in=10.0),DM,,,10,20,169,10000,10.0,yes,0.035,0.9111475905555232
13915,0.5307226741823999,0.9700762468498129,0.43935357266741293,Diff-Means(burn-in=10.0),DM,,,10,20,169,10000,10.0,yes,0.035,0.9111475905555232
13916,0.5296664665022262,0.9665845752840542,0.436918108781828,Diff-Means(burn-in=10.0),DM,,,10,20,169,10000,10.0,yes,0.035,0.9111475905555232
13917,0.5318440093084615,0.9647175063012796,0.4328734969928181,Diff-Means(burn-in=10.0),DM,,,10,20,169,10000,10.0,yes,0.035,0.9111475905555232
13918,0.5291952468313347,0.9696817981360598,0.44048655130472514,Diff-Means(burn-in=10.0),DM,,,10,20,169,10000,10.0,yes,0.035,0.9111475905555232
13919,0.5305257227577682,0.9616181612576589,0.43109243849989065,Diff-Means(burn-in=10.0),DM,,,10,20,169,10000,10.0,yes,0.035,0.9111475905555232
13920,0.5326205786853708,0.9765930308576862,0.4439724521723154,Diff-Means(burn-in=10.0),DM,,,10,20,169,10000,10.0,yes,0.035,0.9111475905555232
13921,0.5304332092871252,0.9667899506909579,0.4363567414038326,Diff-Means(burn-in=10.0),DM,,,10,20,169,10000,10.0,yes,0.035,0.9111475905555232
13922,0.5322363242434689,0.9664485390452905,0.4342122148018216,Diff-Means(burn-in=10.0),DM,,,10,20,169,10000,10.0,yes,0.035,0.9111475905555232
13923,0.528816724190157,0.9663939187651597,0.43757719457500266,Diff-Means(burn-in=10.0),DM,,,10,20,169,10000,10.0,yes,0.035,0.9111475905555232
13924,0.5312383655573077,0.9698333093723703,0.4385949438150626,Diff-Means(burn-in=10.0),DM,,,10,20,169,10000,10.0,yes,0.035,0.9111475905555232
13925,0.531100065235122,0.9688797221930204,0.43777965695789844,Diff-Means(burn-in=10.0),DM,,,10,20,169,10000,10.0,yes,0.035,0.9111475905555232
13926,0.5289038807984185,0.9639448814546261,0.43504100065620754,Diff-Means(burn-in=10.0),DM,,,10,20,169,10000,10.0,yes,0.035,0.9111475905555232
13927,0.5270003169945471,0.9550282901022977,0.42802797310775065,Diff-Means(burn-in=10.0),DM,,,10,20,169,10000,10.0,yes,0.035,0.9111475905555232
13928,0.5296227137491832,0.959152152692684,0.4295294389435007,Diff-Means(burn-in=10.0),DM,,,10,20,169,10000,10.0,yes,0.035,0.9111475905555232
13929,0.5302238885038971,0.9658397847105119,0.4356158962066148,Diff-Means(burn-in=10.0),DM,,,10,20,169,10000,10.0,yes,0.035,0.9111475905555232
13930,0.5277637107924324,0.9678924322413336,0.44012872144890114,Diff-Means(burn-in=10.0),DM,,,10,20,169,10000,10.0,yes,0.035,0.9111475905555232
13931,0.5303673369973779,0.9613105101210444,0.4309431731236665,Diff-Means(burn-in=10.0),DM,,,10,20,169,10000,10.0,yes,0.035,0.9111475905555232
13932,0.5312770726956508,0.9649668911392416,0.4336898184435908,Diff-Means(burn-in=10.0),DM,,,10,20,169,10000,10.0,yes,0.035,0.9111475905555232
13933,0.528982116781752,0.9642822192473894,0.43530010246563744,Diff-Means(burn-in=10.0),DM,,,10,20,169,10000,10.0,yes,0.035,0.9111475905555232
13934,0.530519815251642,0.9709199967526726,0.44040018150103055,Diff-Means(burn-in=10.0),DM,,,10,20,169,10000,10.0,yes,0.035,0.9111475905555232
13935,0.5279768706138539,0.9646913869755421,0.43671451636168823,Diff-Means(burn-in=10.0),DM,,,10,20,169,10000,10.0,yes,0.035,0.9111475905555232
13936,0.529664033128878,0.9593422202282005,0.4296781870993225,Diff-Means(burn-in=10.0),DM,,,10,20,169,10000,10.0,yes,0.035,0.9111475905555232
13937,0.5283690615374708,0.9585973789137515,0.43022831737628076,Diff-Means(burn-in=10.0),DM,,,10,20,169,10000,10.0,yes,0.035,0.9111475905555232
13938,0.5286094988533254,0.9677369561791127,0.4391274573257873,Diff-Means(burn-in=10.0),DM,,,10,20,169,10000,10.0,yes,0.035,0.9111475905555232
13939,0.5324293662542717,0.9682284171723248,0.43579905091805304,Diff-Means(burn-in=10.0),DM,,,10,20,169,10000,10.0,yes,0.035,0.9111475905555232
13940,0.5292123254832315,0.9649890707821348,0.4357767452989033,Diff-Means(burn-in=10.0),DM,,,10,20,169,10000,10.0,yes,0.035,0.9111475905555232
13941,0.5290379554419978,0.9584496764522518,0.42941172101025393,Diff-Means(burn-in=10.0),DM,,,10,20,169,10000,10.0,yes,0.035,0.9111475905555232
13942,0.5297193933697982,0.9679858525031727,0.4382664591333745,Diff-Means(burn-in=10.0),DM,,,10,20,169,10000,10.0,yes,0.035,0.9111475905555232
13943,0.5297766855074343,0.961399044092826,0.43162235858539166,Diff-Means(burn-in=10.0),DM,,,10,20,169,10000,10.0,yes,0.035,0.9111475905555232
13944,0.5273110826271104,0.9662806006563394,0.438969518029229,Diff-Means(burn-in=10.0),DM,,,10,20,169,10000,10.0,yes,0.035,0.9111475905555232
13945,0.5296017486414809,0.954965567942213,0.4253638193007321,Diff-Means(burn-in=10.0),DM,,,10,20,169,10000,10.0,yes,0.035,0.9111475905555232
13946,0.5288630208138734,0.9653772951222478,0.4365142743083744,Diff-Means(burn-in=10.0),DM,,,10,20,169,10000,10.0,yes,0.035,0.9111475905555232
13947,0.5294003400499125,0.9592940372846591,0.4298936972347466,Diff-Means(burn-in=10.0),DM,,,10,20,169,10000,10.0,yes,0.035,0.9111475905555232
13948,0.5297871825221597,0.9690160887665252,0.4392289062443655,Diff-Means(burn-in=10.0),DM,,,10,20,169,10000,10.0,yes,0.035,0.9111475905555232
13949,0.5290266364527362,0.9658844156003633,0.43685777914762713,Diff-Means(burn-in=10.0),DM,,,10,20,169,10000,10.0,yes,0.035,0.9111475905555232
13950,0.5302906225829621,0.9692019314350955,0.43891130885213336,Diff-Means(burn-in=10.0),DM,,,10,20,169,10000,10.0,yes,0.035,0.9111475905555232
13951,0.5304044522926913,0.9699746965924916,0.4395702442998003,Diff-Means(burn-in=10.0),DM,,,10,20,169,10000,10.0,yes,0.035,0.9111475905555232
13952,0.5283784884557605,0.9671027294691326,0.43872424101337204,Diff-Means(burn-in=10.0),DM,,,10,20,169,10000,10.0,yes,0.035,0.9111475905555232
13953,0.5308436806416639,0.9617675827015427,0.43092390205987885,Diff-Means(burn-in=10.0),DM,,,10,20,169,10000,10.0,yes,0.035,0.9111475905555232
13954,0.5280012413657039,0.960663305408103,0.43266206404239904,Diff-Means(burn-in=10.0),DM,,,10,20,169,10000,10.0,yes,0.035,0.9111475905555232
13955,0.5303630112608323,0.9617997762708259,0.4314367650099936,Diff-Means(burn-in=10.0),DM,,,10,20,169,10000,10.0,yes,0.035,0.9111475905555232
13956,0.527911561276866,0.9685727511080082,0.4406611898311422,Diff-Means(burn-in=10.0),DM,,,10,20,169,10000,10.0,yes,0.035,0.9111475905555232
13957,0.5292628945475052,0.9607505609821544,0.4314876664346492,Diff-Means(burn-in=10.0),DM,,,10,20,169,10000,10.0,yes,0.035,0.9111475905555232
13958,0.5299624359562721,0.9678743688513983,0.4379119328951262,Diff-Means(burn-in=10.0),DM,,,10,20,169,10000,10.0,yes,0.035,0.9111475905555232
13959,0.5316079747037232,0.9690117788280874,0.4374038041243642,Diff-Means(burn-in=10.0),DM,,,10,20,169,10000,10.0,yes,0.035,0.9111475905555232
13960,0.5304860130276459,0.9676600789595662,0.4371740659319203,Diff-Means(burn-in=10.0),DM,,,10,20,169,10000,10.0,yes,0.035,0.9111475905555232
13961,0.5288302934951321,0.9684925299040414,0.43966223640890933,Diff-Means(burn-in=10.0),DM,,,10,20,169,10000,10.0,yes,0.035,0.9111475905555232
13962,0.5317393760184136,0.9638786445741573,0.4321392685557437,Diff-Means(burn-in=10.0),DM,,,10,20,169,10000,10.0,yes,0.035,0.9111475905555232
13963,0.5293812867941663,0.9552273655431693,0.42584607874900304,Diff-Means(burn-in=10.0),DM,,,10,20,169,10000,10.0,yes,0.035,0.9111475905555232
13964,0.5292457791816733,0.9574328879275009,0.42818710874582766,Diff-Means(burn-in=10.0),DM,,,10,20,169,10000,10.0,yes,0.035,0.9111475905555232
13965,0.5299575845040246,0.9612700480042607,0.4313124635002361,Diff-Means(burn-in=10.0),DM,,,10,20,169,10000,10.0,yes,0.035,0.9111475905555232
13966,0.5274012544439096,0.9649981609448266,0.437596906500917,Diff-Means(burn-in=10.0),DM,,,10,20,169,10000,10.0,yes,0.035,0.9111475905555232
13967,0.5316776607831778,0.9713817735802551,0.43970411279707733,Diff-Means(burn-in=10.0),DM,,,10,20,169,10000,10.0,yes,0.035,0.9111475905555232
13968,0.5296422423794455,0.966651022653148,0.4370087802737025,Diff-Means(burn-in=10.0),DM,,,10,20,169,10000,10.0,yes,0.035,0.9111475905555232
13969,0.5299891350259702,0.973076491979062,0.44308735695309176,Diff-Means(burn-in=10.0),DM,,,10,20,169,10000,10.0,yes,0.035,0.9111475905555232
13970,0.5296930477461836,0.9590175932433286,0.42932454549714494,Diff-Means(burn-in=10.0),DM,,,10,20,169,10000,10.0,yes,0.035,0.9111475905555232
13971,0.5292620488852215,0.9615365571160206,0.43227450823079905,Diff-Means(burn-in=10.0),DM,,,10,20,169,10000,10.0,yes,0.035,0.9111475905555232
13972,0.5286964942147122,0.9676396302437841,0.43894313602907187,Diff-Means(burn-in=10.0),DM,,,10,20,169,10000,10.0,yes,0.035,0.9111475905555232
13973,0.5303788632621396,0.9740458726628024,0.44366700940066284,Diff-Means(burn-in=10.0),DM,,,10,20,169,10000,10.0,yes,0.035,0.9111475905555232
13974,0.5322768645749478,0.9673806126750781,0.4351037481001303,Diff-Means(burn-in=10.0),DM,,,10,20,169,10000,10.0,yes,0.035,0.9111475905555232
13975,0.5302120503226215,0.9694782060012738,0.43926615567865224,Diff-Means(burn-in=10.0),DM,,,10,20,169,10000,10.0,yes,0.035,0.9111475905555232
13976,0.5313005912856833,0.9664666961397417,0.4351661048540584,Diff-Means(burn-in=10.0),DM,,,10,20,169,10000,10.0,yes,0.035,0.9111475905555232
13977,0.5283436002833076,0.961451105942834,0.4331075056595264,Diff-Means(burn-in=10.0),DM,,,10,20,169,10000,10.0,yes,0.035,0.9111475905555232
13978,0.5307033742437989,0.9646052996965723,0.4339019254527734,Diff-Means(burn-in=10.0),DM,,,10,20,169,10000,10.0,yes,0.035,0.9111475905555232
13979,0.5302477143949771,0.9583991752527389,0.4281514608577618,Diff-Means(burn-in=10.0),DM,,,10,20,169,10000,10.0,yes,0.035,0.9111475905555232
13980,0.5285881472437723,0.9595617691300923,0.43097362188631994,Diff-Means(burn-in=10.0),DM,,,10,20,169,10000,10.0,yes,0.035,0.9111475905555232
13981,0.5299777518666513,0.9679267152422768,0.4379489633756255,Diff-Means(burn-in=10.0),DM,,,10,20,169,10000,10.0,yes,0.035,0.9111475905555232
13982,0.531471333210294,0.964852972170156,0.4333816389598619,Diff-Means(burn-in=10.0),DM,,,10,20,169,10000,10.0,yes,0.035,0.9111475905555232
13983,0.5266843023744382,0.9571878348228577,0.43050353244841955,Diff-Means(burn-in=10.0),DM,,,10,20,169,10000,10.0,yes,0.035,0.9111475905555232
13984,0.5303255615475335,0.9622413169271862,0.43191575537965265,Diff-Means(burn-in=10.0),DM,,,10,20,169,10000,10.0,yes,0.035,0.9111475905555232
13985,0.5287132318506063,0.9638341923707274,0.43512096052012117,Diff-Means(burn-in=10.0),DM,,,10,20,169,10000,10.0,yes,0.035,0.9111475905555232
13986,0.5298741380380952,0.9627001138022446,0.4328259757641494,Diff-Means(burn-in=10.0),DM,,,10,20,169,10000,10.0,yes,0.035,0.9111475905555232
13987,0.5284466853104032,0.9667682789666449,0.4383215936562417,Diff-Means(burn-in=10.0),DM,,,10,20,169,10000,10.0,yes,0.035,0.9111475905555232
13988,0.5314395690852056,0.9659669272488366,0.434527358163631,Diff-Means(burn-in=10.0),DM,,,10,20,169,10000,10.0,yes,0.035,0.9111475905555232
13989,0.5292468760326188,0.9607960691265258,0.43154919309390705,Diff-Means(burn-in=10.0),DM,,,10,20,169,10000,10.0,yes,0.035,0.9111475905555232
13990,0.5299482648169205,0.9612211161409321,0.4312728513240116,Diff-Means(burn-in=10.0),DM,,,10,20,169,10000,10.0,yes,0.035,0.9111475905555232
13991,0.5296971675823909,0.9673003349456227,0.4376031673632318,Diff-Means(burn-in=10.0),DM,,,10,20,169,10000,10.0,yes,0.035,0.9111475905555232
13992,0.5270816407414326,0.96303933962607,0.4359576988846374,Diff-Means(burn-in=10.0),DM,,,10,20,169,10000,10.0,yes,0.035,0.9111475905555232
13993,0.528897007654909,0.9682505347897654,0.4393535271348564,Diff-Means(burn-in=10.0),DM,,,10,20,169,10000,10.0,yes,0.035,0.9111475905555232
13994,0.5283261477844052,0.9514380196507155,0.4231118718663103,Diff-Means(burn-in=10.0),DM,,,10,20,169,10000,10.0,yes,0.035,0.9111475905555232
13995,0.5309453896774736,0.9602138134128155,0.4292684237353419,Diff-Means(burn-in=10.0),DM,,,10,20,169,10000,10.0,yes,0.035,0.9111475905555232
13996,0.5291089100330534,0.965744978154364,0.4366360681213106,Diff-Means(burn-in=10.0),DM,,,10,20,169,10000,10.0,yes,0.035,0.9111475905555232
13997,0.5298432869321782,0.9697813926620062,0.43993810572982806,Diff-Means(burn-in=10.0),DM,,,10,20,169,10000,10.0,yes,0.035,0.9111475905555232
13998,0.5280857825023022,0.963649443108919,0.4355636606066168,Diff-Means(burn-in=10.0),DM,,,10,20,169,10000,10.0,yes,0.035,0.9111475905555232
13999,0.5295953094781882,0.9586448061420786,0.42904949666389036,Diff-Means(burn-in=10.0),DM,,,10,20,169,10000,10.0,yes,0.035,0.9111475905555232
